dx_tm,dx_tst,dx_tma,dx_tmi,dx_tra,dx_tad,dx_tsk,dx_tku,dx_trms,dx_fd,dx_fshm,dx_fshstd2,dx_fshst,dx_fshsk,dx_fshku,dx_fm,dx_fv,dx_fst,dx_fsk,dx_fkur,dy_tm,dy_tst,dy_tma,dy_tmi,dy_tra,dy_tad,dy_tsk,dy_tku,dy_trms,dy_fd,dy_fshm,dy_fshstd2,dy_fshst,dy_fshsk,dy_fshku,dy_fm,dy_fv,dy_fst,dy_fsk,dy_fkur,hv_tm,hv_tst,hv_tma,hv_tmi,hv_tra,hv_tad,hv_tsk,hv_tku,hv_trms,hv_fd,hv_fshm,hv_fshstd2,hv_fshst,hv_fshsk,hv_fshku,hv_fm,hv_fv,hv_fst,hv_fsk,hv_fkur,vv_tm,vv_tst,vv_tma,vv_tmi,vv_tra,vv_tad,vv_tsk,vv_tku,vv_trms,vv_fd,vv_fshm,vv_fshstd2,vv_fshst,vv_fshsk,vv_fshku,vv_fm,vv_fv,vv_fst,vv_fsk,vv_fkur,tv_tm,tv_tst,tv_tma,tv_tmi,tv_tra,tv_tad,tv_tsk,tv_tku,tv_trms,tv_fd,tv_fshm,tv_fshstd2,tv_fshst,tv_fshsk,tv_fshku,tv_fm,tv_fv,tv_fst,tv_fsk,tv_fkur,tacc_tm,tacc_tst,tacc_tma,tacc_tmi,tacc_tra,tacc_tad,tacc_tsk,tacc_tku,tacc_trms,tacc_fd,tacc_fshm,tacc_fshstd2,tacc_fshst,tacc_fshsk,tacc_fshku,tacc_fm,tacc_fv,tacc_fst,tacc_fsk,tacc_fkur,tj_tm,tj_tst,tj_tma,tj_tmi,tj_tra,tj_tad,tj_tsk,tj_tku,tj_trms,tj_fd,tj_fshm,tj_fshstd2,tj_fshst,tj_fshsk,tj_fshku,tj_fm,tj_fv,tj_fst,tj_fsk,tj_fkur,cur_tm,cur_tst,cur_tma,cur_tmi,cur_tra,cur_tad,cur_tsk,cur_tku,cur_trms,cur_fd,cur_fshm,cur_fshstd2,cur_fshst,cur_fshsk,cur_fshku,cur_fm,cur_fv,cur_fst,cur_fsk,cur_fkur,curroc_tm,curroc_tst,curroc_tma,curroc_tmi,curroc_tra,curroc_tad,curroc_tsk,curroc_tku,curroc_trms,curroc_fd,curroc_fshm,curroc_fshstd2,curroc_fshst,curroc_fshsk,curroc_fshku,curroc_fm,curroc_fv,curroc_fst,curroc_fsk,curroc_fkur,Bot
2.8126414390121797,43.607270672593934,655.3118282821862,25.599059128846633,-2025.392969393213,774074.2122911618,2.5095554357604333,0.7498212672307222,0.8659222062233548,0.18861867829400644,-0.518905334518813,-0.015890629598938874,0.19897863917603387,0.7532559483707613,-2.343841427933241,3.0970973763040024,-3.5735303605122226e-16,-9.222984521766584,108.63190343194206,2.655666948143019,0.08728381925017009,39.14621359111869,698.3828289442146,26.426933778707937,6330.92825005252,858725.4174972775,0.22760033550833703,0.012935457525118155,0.11373415285268605,0.35045104629388607,-0.5286335419751684,0.0004931289223173457,0.019070434773560328,0.13517213345583162,-0.15334523376269185,0.2885173672185235,-9.497611030973019e-17,-1.5753224653107087,39.959276388096036,0.2538004424145795,0.3431411345194238,34.10261439571254,762.1943446050932,27.607867440370928,8185.997258280118,1030007.3626598303,0.03370459960003722,0.0006001734335429508,0.024498437369410948,2.2599155472556953,5.644980959255568,0.0019386504775108695,0.0031230549455010786,0.02209708691207961,0.0,0.02209708691207961,-1.199127602768968e-16,2.9731770974133633,11.547130250919206,0.048903939538479116,5.278945178391384,27.165790221901258,724.9981539733351,26.925789755796117,16119.380707778897,1206027.1892045194,0.4013635131855519,0.20060150121628917,0.4478855894269084,2.767580022276547,8.62556722801845,0.0298245490304598,0.04507687727246086,0.22999320910565907,0.0,0.22999320910565907,-1.3530843112619095e-15,2.3396976633079833,5.429735986716206,0.7190916911929269,85.6077959714776,26.421027067565877,708.7198724995075,26.621793187152278,16419.730329576774,1197904.855565851,6.563950669925661,57.021782767466945,7.551276896490219,2.8967273529063933,9.530571909136869,0.4836598642456369,0.7499214783282943,3.909884554796204,0.0,3.909884554796204,-1.1479706074624119e-13,2.430554558055065,5.901830596891036,11.872097900767818,21.833689655173416,24.867404296018474,692.3794019536123,26.31310323685924,17395.885072565372,1197069.2808731343,5.03438071520599,42.82020231482158,6.543714718324874,3.020726854287829,9.259713575254763,0.12335417884278764,0.6188200792897103,2.764705882352941,-1.5294117647058822,4.294117647058823,-2.789435349370706e-15,1.8165358330373775,4.980840954517858,8.3948409325435,18.465062537632864,28.91644549268162,701.5260828708665,26.48633766436701,12386.564704111337,1023465.0806787184,2.867567880432215,7.6624700002387165,2.768116688334998,2.487889802875102,6.342391535652651,-0.10432238721826474,0.2987324203624095,0.625,-1.625,2.25,-3.4083846855992306e-14,-2.390543366302837,9.035727451926164,4.2097490237232185,360.0,25.142558178290685,699.901465377285,26.455650915773838,17136.599143698884,1191261.549822528,84.39844431714397,11910.232142300529,109.13401001658708,3.016653297642259,9.218386049867178,2.0338983050847457,10.340474098281407,47.0,-26.0,73.0,3.0020430585864233e-13,1.851374098764502,5.1802605969984485,140.2069898400219,306.0,29.000995044104414,708.8059958980067,26.623410673653492,12535.498156555197,1039065.4135664317,47.38384181404337,2108.351080396259,45.916784299385114,2.5225115690113595,6.513331487297635,-1.728813559322034,4.945455627211723,10.0,-26.0,36.0,-8.597567102697212e-13,-2.346236801512336,8.566009939521791,69.6993543729065,0.0
0.4531536924741003,65.89627701582916,1509.8619964021534,38.85694270528953,-557.406169538205,4082763.975817025,0.3083472236003111,0.022985749293180535,0.15161051841208292,0.31373354329425257,-0.5206260483943813,0.0016845862173758366,0.02091093352162683,0.19680300260920597,-0.09936672268580042,0.2961697252950064,5.134781488891349e-16,6.774883279605226,64.94909195821928,0.34407591796773707,0.13686827701738202,63.76633401993762,1460.547145267507,38.21710540147575,1821.1102225392465,3736078.0535980277,0.08414423952471634,0.0014376446968161214,0.03791628537734309,0.18424383317762083,-0.4228761435334809,-0.0005088040037820897,0.005616701295006419,0.016347914668217757,-0.06629382180645182,0.08264173647466957,-4.85722573273506e-17,-6.944788406907296,75.70377980494604,0.09249795577188771,39.91255865908003,66.49375410428742,1496.1953645236058,38.680684643935734,12.200822377071722,4029268.2021360155,39.596828131836126,0.0014527141998582512,0.038114488057145034,0.11824545263302907,1.6528478843427954,0.14837382401144986,2.40977068443783,39.59797974644666,0.0,39.59797974644666,-6.156186671546493e-14,16.40116873973524,268.9988862352899,39.59802478821712,83.92881053479935,66.39532935744273,1495.877383753027,38.676574095349075,198.94130774311455,4028121.951518048,79.18025404579336,0.27434741825324716,0.5237818422332404,0.816696108964025,2.888876385797832,0.3120030131405183,4.8188289388194825,79.19595949289332,0.0,79.19595949289332,-1.0497158697830855e-13,16.398914605844848,268.9493395682928,79.20015948006426,240.3924365680732,64.53175749247383,1490.7437683918404,38.61015110552975,3682.056166104887,4018993.9181371443,158.42791920468093,125.08182929671193,11.183998806183409,0.9486544132824558,1.0899945740406318,0.8936521805504577,9.665543770130194,158.39191898578665,0.0,158.39191898578665,-2.97761815204467e-13,16.17775257877638,263.9941054013161,159.2028370013434,85.39003726064064,67.81089931711004,1496.8621143732362,38.6893023247155,-2553.4748319168734,4038508.0752942786,112.43025236781065,52.28953398164299,7.231150253012517,-1.4307377664115466,4.188667571184938,-0.31743508275331084,6.8563773426124905,7.0476190476190474,-112.0,119.04761904761905,-6.705747068735946e-14,-16.149534918483358,263.6067167239191,112.57340562778651,181.04739309815213,67.53361973220949,1496.6580585884456,38.68666512622205,-2024.5540088108257,4037040.2930917228,209.44675956758627,86.34124362454564,9.291998903602263,-1.0882859422825482,2.0547838123764515,0.67303863605261,12.758973444480272,209.0,-10.714285714285714,219.71428571428572,1.2245759961615477e-13,16.269665070885537,266.16710244306597,209.5536670963598,222.0,74.01532374203994,1478.9039448543158,38.45652018649524,-16846.100771468387,4242021.549774555,405.94052488318226,24819.939511297867,157.543452771919,-0.05451445226049707,-0.8133887955650243,0.8252788104089219,26.499827319637337,296.0,-224.0,520.0,2.7355895326763857e-13,1.9373676608570032,82.20482593671164,434.8402005334833,258.0,78.34316996078415,1304.0100368555952,36.111079142772724,-17781.36658725303,3590811.2591222674,604.9988327745488,45725.6287593439,213.83551800237467,-0.7022317583355123,-0.22684048272646765,-0.9591078066914498,39.050941384246016,418.0,-450.0,868.0,2.0321522242738865e-12,-1.072724566730646,113.50187085457333,640.6762052706499,0.0
0.4659563656652906,25.37571399180194,234.5479528923164,15.314958468514252,183.09116777369672,99461.85181311805,0.4235827755585805,0.001283740025595887,0.03582931796163425,0.3281586924540315,-1.0709190853727122,0.00439581477042727,0.041113367464377715,0.4229475323765259,-0.014364046860571696,0.43731157923709757,-3.0010716134398763e-16,10.09912277116458,103.19917811328301,0.4257006110005331,0.08897183363334941,27.741199137898224,211.74565163110302,14.551482798364674,-324.09669030933844,81995.05116215957,0.06637322633204987,0.00027552590456924225,0.016598972997424938,-0.5653573380151523,1.0462778574690237,0.0008393569210693344,0.006625614962746709,0.060789923049197746,-0.013405470794125136,0.07419539384332288,-6.5052130349130266e-18,6.770915215234688,63.87399532548504,0.06876008383942771,0.126875252664224,22.16867663995302,241.8355422998164,15.551062417076732,1194.5990184131063,107237.2989181836,0.020723479591868887,0.0001453334857013024,0.012055433866157718,0.874680434054594,0.2694725448148161,0.0011969363458889063,0.002327081042619339,0.013094570021973102,0.0,0.013094570021973102,-5.843849709696869e-17,3.0502169349124824,10.222216525616266,0.026942235547054903,1.716642011908887,18.853614829602556,252.91597752971737,15.903332277535968,2581.3991317419222,135321.12471194565,0.21323691121620655,0.032343403107286846,0.17984271769323007,1.8675050229300816,3.097019219610993,0.0161947359614046,0.027027725537580097,0.15659112109321469,0.0,0.15659112109321469,-4.2327252813834093e-16,2.509755272277773,7.37034771669258,0.32439689669138844,28.80766075444278,21.978458970431262,264.1948950404501,16.254073183065533,1359.8361873642186,123082.69228402775,4.641758860696225,7.488514330038321,2.736514997225179,1.4004752557616111,2.2981794036665772,0.2717703844758754,0.5198613118085439,3.384359352713545,0.0,3.384359352713545,-1.1324274851176597e-14,3.5471572154290087,15.460922726510502,6.039551481004797,1.0025876227158166,20.10677901221854,270.4401993663291,16.4450661101234,1925.2966690753096,133829.9452020989,3.556127012229064,5.620753471987257,2.370812829387267,1.7281388073747794,2.9274854277820714,-0.0094583737992058,0.4146902480910379,2.393103448275862,-1.8823529411764706,4.275456389452333,4.4825254619240695e-15,0.674576179332887,14.270783818173873,4.2706078075437475,5.043940107020601,24.292402182257515,246.7233661498596,15.70743028473657,323.60657849971085,107365.56726263482,5.26407570617152,3.5825007616754756,1.892749524283516,1.0572624453545345,4.259395801364281,-0.04758434063226981,0.5427566279416783,4.8,-1.9411764705882353,6.741176470588235,-1.4849232954361469e-15,6.268596236739816,61.54418602051362,5.609456018607429,280.0,25.80271097193257,236.19535300744624,15.368648379328816,38.11201196529484,99817.95701430803,350.2179287762267,1452.8363259539562,38.11609011892427,0.6674035239922312,2.389579394603175,2.641509433962264,34.06990280242805,347.0,-32.0,379.0,8.881784197001252e-16,9.863378184574708,100.19377381779996,351.8238195460904,531.0,25.928353517838115,234.65731198010178,15.318528388200408,5.790823054729738,98962.31336300072,698.1022944284205,922.1110420767359,30.36628133434741,1.32418049885846,5.939911644863033,5.009433962264151,67.57923306156287,696.0,-33.0,729.0,7.602807272633072e-13,10.226797410599195,105.06507925237969,697.6797259488053,0.0
0.3511988485869018,40.077630356539366,726.3830881531936,26.951495100517032,4541.380588910755,906461.1656064391,0.17209549323204815,0.00781718074526302,0.08841482197721726,0.268605669152301,-0.7369622945869008,-0.001973027239252257,0.014499197226328123,0.02572618970635259,-0.14024224086571901,0.1659684305720716,-2.2985086056692694e-16,-7.047449904151526,57.61852531764729,0.19522623054208973,0.14498621709937967,41.8947142380661,726.7396638082399,26.95810942570417,1382.070804707208,926122.3196153381,0.04214550846078069,0.0005406833207153514,0.02325259814978428,0.5063613303296138,-0.08086605158484862,0.0008145293095470769,0.0036025178790047084,0.013794993376837863,-0.021326171534638977,0.03512116491147684,-2.45029690981724e-17,-1.8519562205394882,13.00182634559172,0.04927680555301294,,,,,,,,,,,,inf,,inf,0.0,inf,-inf,,,inf,,,,,,,,,,,,inf,,inf,0.0,inf,-inf,,,inf,,,,,,,,,,,,inf,,inf,0.0,inf,-inf,,,inf,,,,,,,,,,,,inf,,inf,-0.75,inf,-inf,,,inf,,,,,,,,,,,,-0.06738905403904911,0.2621209052168863,0.5,-1.9375,2.4375,1.942890293094024e-16,-4.081874969835496,21.992820804569067,3.5905101344872485,94.0,27.560401971878726,784.9206830602965,28.01643594500015,18168.34326925219,1405298.8200693973,29.378824875861895,1305.154311834787,36.12691948997018,3.31874559760673,11.343908762939412,-0.5280898876404494,3.4821854420168936,12.0,-12.0,24.0,-2.424727085781342e-13,-0.1444330436243552,3.654734163088951,46.98936049788292,189.0,30.629348297560174,689.3667650199916,26.25579488455818,13277.096343722758,1101227.0094021447,44.181327003662894,1165.7069734088914,34.142451192158,2.096750882142354,5.418087705190858,-1.0617977528089888,4.177467799699111,8.0,-31.0,39.0,-5.613287612504791e-13,-4.157092184431895,22.92443499371845,57.5065213693195,0.0
1.5191606625321836,32.7241977398535,355.69036849461565,18.859755260729543,-400.818713540701,225435.45979979003,0.9390912344140634,0.1502483044482641,0.3876187617340834,-0.11541322724868824,-0.7049211137248921,-0.011596646278871626,0.08842393180315948,0.12886336003292206,-0.8144697581886822,0.9433331182216043,-1.0304257447302234e-15,-7.667331810863147,63.10204768335682,1.0207246854948528,0.029064124803289355,29.634833842732824,361.89127646514675,19.023440184812703,2279.4985954623517,237511.51173641137,0.1337027186037909,0.003551537207540503,0.05959477500201257,0.13513133009911332,-0.3430224285064637,-0.0002218635481167126,0.012740625052180148,0.05434492696164892,-0.10857647350378259,0.16292140046543152,-9.009720053354542e-17,-4.649167902841186,42.577280948367346,0.14584522710806577,0.21935874503637784,27.279147717297512,390.2286113841713,19.75420490387227,2268.591960295407,267730.8285695629,0.03105454018862825,0.00026241477140859633,0.016199221321057267,1.2288874595299462,1.6012492165585233,0.001674494236918915,0.0030485065271780147,0.024738429662503118,0.0,0.024738429662503118,-6.461844948013606e-17,4.848095532753904,29.14601923099943,0.03980890996296597,3.4076384754739313,23.6090196285393,396.28539786427905,19.906918341729316,4744.985238923014,314080.47310581314,0.36381789609294346,0.07605747907770331,0.27578520460260975,1.565590226977816,1.9467978628666471,0.026012507446365886,0.03973480227485615,0.2541164994889155,0.0,0.2541164994889155,7.008282842946301e-16,3.489626520582753,14.229243062509061,0.5435725915335129,55.12541685724898,22.650605983190715,400.37373514570544,20.00934119719351,5634.298033513858,339028.9678208734,5.551157291670388,20.758756938491864,4.556177887055318,1.7271705166621933,2.4135109863328412,0.4208047088339619,0.6250521124126673,4.065863991822648,0.0,4.065863991822648,-3.375077994860476e-14,3.5964473508710975,15.791346310530601,8.624235835904358,7.586675589968431,20.530288254080656,401.9308598053802,20.048213381879698,6909.916275165313,379332.54728221864,4.288452214963702,18.641215441000067,4.317547387232718,2.295665308162043,5.613286225507806,-0.057913554121896436,0.5296502556906374,2.235294117647059,-2.875,5.110294117647059,-9.783840404509192e-15,-1.6321374011793426,11.565831803137973,6.098255642120005,4.4711671179062495,22.281435015187192,387.1144924436221,19.67522534670498,5454.963687013528,323916.5492574762,1.9687225260055414,2.375527174360177,1.5412745291998362,1.6608512341956256,1.924687147295089,0.0341310467015744,0.2176150214767963,1.1176470588235294,-1.0588235294117647,2.1764705882352944,4.0245584642661925e-16,0.7855237000089995,11.50646682041185,2.521166514867508,135.0,20.56668522007697,401.4965252638702,20.037378203344623,6827.221142723174,376183.2238880143,70.81646333571483,5053.766982159821,71.08985147093657,2.2867808807946575,5.624149354234874,-1.0305343511450382,8.733491673649516,38.0,-46.0,84.0,-2.042810365310288e-13,-1.5612594645288953,11.491100741119837,100.65286881157436,72.0,22.34956183156741,384.2579731422211,19.6024991555215,5285.665415896296,316752.3839267835,32.67464029266133,637.814035591347,25.254980411620735,1.5925469523994236,1.8760785207933997,0.549618320610687,3.594341907422078,19.0,-18.0,37.0,-1.9184653865522705e-13,0.7426360495783804,12.313615725705796,41.617304093369626,0.0
7.48170058011871,15.595547513079435,84.47651207991026,9.191110492204425,-20.300418105806585,12863.050985131182,7.06649655675832,0.18475149041647188,0.4298272797490544,0.11147412777210791,-1.4345971823053074,0.11690157156435481,0.8788493306262489,7.069392079022409,-0.11019710341470704,7.179589182437116,4.6351811278100286e-15,7.921658787493508,63.11383207476165,7.0927213321891465,0.293360223979239,15.460962596507986,82.58621815370316,9.08769597608234,20.07110519700933,12122.637353400325,0.5185013691894131,0.002577650883347845,0.05077057103625923,-1.1830120465070673,1.977048188378385,-0.004583753499675611,0.06475961633675964,0.06057008516353666,-0.5031025058532379,0.5636725910167746,9.540979117872439e-17,-7.266024657250596,56.31197020994505,0.5193730808106305,0.32617513075940424,14.976156518037968,87.18802483478446,9.337452802278813,21.947557839696206,13745.942005140429,0.14503842571972922,0.0008728486173664226,0.02954401153138183,0.09579075625150016,-0.4611394792833434,0.00509648641811569,0.018326531901103966,0.14430750636460155,0.0,0.14430750636460155,2.0816681711721685e-17,7.0690858961101215,53.28903784102564,0.15217588672737217,3.6172838349156495,13.801391121138852,89.9582134671873,9.484630381158103,95.19778522297808,14547.022823786241,1.022229441556193,0.1371803934314522,0.37037871622361374,2.0711821568500364,4.9457847770393855,0.056520059920557,0.1351318204909812,1.0101525445522108,0.0,1.0101525445522108,1.1518563880486e-15,5.70822388058702,38.95867615130863,1.1718054741672472,48.735043264497264,10.903535471631507,87.14059852769628,9.334912882705241,351.0485778272691,14474.37986838359,7.948233047167511,40.343388052946565,6.351644515631095,2.5805863042357013,7.00240579308348,0.7614850510077699,1.269994057606552,7.0710678118654755,0.0,7.0710678118654755,-1.1102230246251565e-14,2.6536548966548277,8.845775155203,11.846334492699109,33.6382698488691,10.808544442184003,87.06404884649062,9.330811799971674,365.95187158294203,14556.240701149787,5.638750343552449,20.848291244418903,4.5659929089321745,2.530146748697497,6.674019758732045,0.52559796638858,0.9056042029277028,5.0,-0.16582117945466074,5.165821179454661,-1.765254609153999e-14,2.6154882011078397,8.618323360924666,8.37662345199164,4.54679232914126,10.484843162120601,88.72344534283963,9.419312360402941,421.66987143769046,15290.283682327734,2.4771132891819607,5.244040514104126,2.2899870117762955,2.8113219852147684,7.48541590043374,-0.07104363014283221,0.4216777071569547,0.7647058823529411,-2.142857142857143,2.907563025210084,2.220446049250313e-15,-2.1715554554593983,8.665455478823787,3.420963944593562,6.0,15.167003028613829,88.06445219082845,9.384266204175393,18.522921138934052,13748.369224501652,536.8763102448028,3327.327497926207,57.682991409307185,1.5732836954975142,3.2067225920827838,-0.09375,67.01625706451756,46.0,-523.0,569.0,0.0,-7.577350274095326,59.57410665865588,536.1305811087444,9.0,13.209286961109193,101.2827587926148,10.063933564596638,228.04250953780988,17484.789144585284,57.827374487805955,1116.1197598470471,33.408378587519735,2.960890733169912,9.846484967241613,-0.140625,8.278109664009955,47.0,-18.0,65.0,0.0,2.530712166484163,15.924245984107813,66.23443213314356,0.0
6.592283219972482,74.41098254021803,1957.0940526714046,44.239055738921515,2869.3040595386883,6815683.987725361,5.435751643221703,0.24391925426400213,0.4938818221639688,-0.036882689466497205,-0.596656947732266,0.021614043344172076,0.31201953878413585,5.417697825074587,-0.10768989802167275,5.52538772309626,-7.29624693995845e-15,17.061322045552807,295.15167439362284,5.462245383822337,0.2169291198201786,77.0254702038856,2225.7244341776614,47.17758402226275,-7997.766175184888,8178677.001241412,0.2013771665757187,0.0071684602163650715,0.08466675980787898,0.18784595187155728,0.11570411833231693,-0.0007112430158038642,0.012487995600598897,0.06919083257016298,-0.17587275120312817,0.24506358377329115,6.670011765130823e-16,-8.59975716925893,130.57031419011855,0.21844690368181593,,,,,,,,,,,,0.0035745406225152544,0.03359607638479572,0.5761610809668165,0.0,0.5761610809668165,5.217180854000247e-16,16.543911019222936,281.2233057204238,0.5871329100916947,,,,,,,,,,,,0.029830758625734585,0.11792331464693001,1.7284832429004495,0.0,1.7284832429004495,-1.9220736113823023e-15,11.257385902035397,150.36393676178832,2.1138415867436056,,,,,,,,,,,,0.4448765293242985,1.0354955168686875,7.699607172920184,0.0,7.699607172920184,-1.368904989362818e-13,3.9240244888202236,17.83745041343783,19.585457863507614,,,,,,,,,,,,0.11864510321525486,0.7880395836393214,5.444444444444445,-4.193548387096774,9.637992831541219,7.571721027943568e-14,0.9718847202517273,17.741751820890748,13.849010067929626,,,,,,,,,,,,-0.11335031718435062,1.5804611537760835,9.096774193548388,-13.444444444444445,22.541218637992834,1.8579582317101995e-13,-1.0955481439870083,26.87377935505482,27.536033436323205,413.0,79.1548597581073,2016.831719059613,44.90914961407768,-13533.175554425254,7264934.980964708,725.2459621493122,114118.74175453966,337.8146559202837,-0.025320336269755547,-1.0425706165925228,1.3540983606557377,45.73629893837594,483.0,-544.0,1027.0,1.6076029396572267e-12,-1.5223507321453174,107.43735634682072,799.1001188837354,603.0,78.44346605170804,1873.39577236454,43.28274220014878,-4525.35644059369,6308164.235819279,1003.2912032893806,220892.14298109425,469.99164139492336,0.3281725594910579,-0.6150234735690702,1.977049180327869,63.33519569910152,824.0,-371.0,1195.0,4.214406601477094e-13,7.529358035791466,101.05384795267304,1106.6404113351364,0.0
3.7192366833113493,173.52915009110973,9165.284808638255,95.73549398545063,-113726.95754107364,150821122.46261758,4.221652086894402,0.3077396493876053,0.5547428678113899,0.38166428599121593,-0.6636080817518831,0.0056523353849716575,0.16577064656374302,4.183108181163977,-0.6121886381272045,4.795296819291181,-1.5894403848637495e-14,24.304129976321708,614.8865874550316,4.254738693693408,0.2597074631312238,138.0857131678239,8986.786045462042,94.798660567869,290996.96808650525,156369424.66311467,0.35814839728162357,0.0347516875127422,0.1864180450298259,0.6151235436227802,0.0019167794535281102,0.00039469219320854685,0.015728239895761664,0.2672305359738342,-0.23303253741810492,0.5002630733919391,2.2087366657874696e-15,1.403065557549062,208.64081755114958,0.4035801275980664,,,,,,,,,,,,0.0008515954875413695,0.0022773531346889043,0.023109800887764705,0.0,0.023109800887764705,-1.6609977282477928e-16,5.082972013929578,35.17722826521655,0.062130858435516995,,,,,,,,,,,,0.01388431504891022,0.040227930972379845,0.5252793231671495,0.0,0.5252793231671495,1.4547391069541504e-14,7.412652609394253,78.94334449332938,1.087484526076796,,,,,,,,,,,,0.26225829154596086,0.9859747646247896,18.384776310850235,0.0,18.384776310850235,-3.669842207898455e-13,12.253151628342245,198.6213160875989,26.071525619320514,,,,,,,,,,,,0.048918383245174155,0.719770668867135,13.0,-7.909090909090909,20.90909090909091,1.944000516118649e-13,6.667530573111764,184.55258303544858,18.435352561300338,,,,,,,,,,,,-0.004061883658883609,1.3558978566871607,24.82857142857143,-8.941176470588236,33.76974789915967,3.8874459207249856e-13,9.655484462002226,180.28892821249602,34.64858581997219,403.0,173.5923893920174,9120.913919316197,95.5034759541044,-147029.01807770197,152645152.80254728,732.4348181542158,113674.40736816684,337.1563544828524,0.20037948195278557,-0.5353777044041006,0.6124620060790273,31.335816583095365,455.0,-538.0,993.0,4.035882739117369e-12,-2.936021293203934,205.80013359308148,803.9645514573389,455.0,163.63827043745226,9159.259859354273,95.70402216915585,38912.01607332898,149048413.49259508,1004.0175541094065,159729.9273319583,399.66226658512346,-0.06743960133786137,-0.43110353546750746,0.6914893617021277,42.111235899308056,869.0,-269.0,1138.0,3.163469486366921e-12,13.36281336885157,282.80844237421013,1080.362439184184,0.0
0.09128319988126998,38.31971162768574,363.33406627893334,19.061323833326302,-2122.5988281644263,264115.3275138883,0.21444065816463076,0.005969140066587555,0.07726021011224055,-0.024058061481362338,-0.5646367589611616,0.0006711999991269852,0.01946534084777219,0.19274101179729,-0.08621391050381393,0.2789549223011039,-4.163336342344337e-17,6.041204291993869,74.14660534200192,0.22713784473573218,0.013512899187891638,33.69559123536266,378.7786455781745,19.462236397140348,-149.98714967251354,269144.6248169016,0.0813247814071746,0.0017330264711567169,0.041629634530664775,0.32495734650069763,-0.30455639101855525,9.935955285214421e-05,0.007832646794164474,0.04947975758441385,-0.048775385752769435,0.09825514333718328,-1.6046192152785466e-17,0.2770594763060309,22.816311093890278,0.09135092240755646,,,,,,,,,,,,0.006306687941082237,0.04584349012619665,0.5303300858899106,0.0,0.5303300858899106,-2.714842239903703e-16,11.361614359797013,130.2579157505181,0.5336723589104135,,,,,,,,,,,,0.04118797618149588,0.10050126783294379,1.0606601717798212,0.0,1.0606601717798212,2.8102520310824275e-15,8.123686090413276,80.0046174468593,1.252595270224275,,,,,,,,,,,,0.552002667386712,0.7405160606919453,3.327561323230812,0.0,3.327561323230812,7.66053886991358e-15,1.788774704054081,2.7245985463267473,10.651687212158144,,,,,,,,,,,,0.15296033968669498,0.6349319845111852,2.176470588235294,-2.3529411764705883,4.529411764705882,1.2961853812498703e-14,-0.09733292781007923,3.6253781466644495,7.531880258795056,,,,,,,,,,,,-0.17147200136383525,0.5607474084650016,2.0,-2.5625,4.5625,-4.5075054799781356e-14,-0.2262797465325429,5.800243775259945,6.762452243513982,18.0,33.545442705551686,386.25486475311254,19.653367771278095,139.149291389433,267387.27238500695,351.2453840067935,4756.562566861417,68.9678371914142,-0.18262311219936675,8.991249040320334,-0.1323529411764706,30.588542843476496,37.0,-336.0,373.0,-4.0678571622265736e-13,-9.81700627131365,107.94036658477002,356.7239829335841,100.0,33.46891912853422,384.37974584884404,19.605604960032323,339.62973916037765,263353.7143701232,270.978661608132,3507.2708354184397,59.22221572533773,-0.8800138676493602,4.03558077429614,-0.7352941176470589,23.714675058891057,253.0,-41.0,294.0,1.0693668173189508e-12,9.06315067233339,97.15803548247048,276.69116357411923,0.0
0.42438178256915604,36.68973052487253,454.78134725616684,21.325603092437195,11.985288120937197,366818.7895035772,1.1748789712332808,0.15435153450620026,0.39287597853037576,-0.27441222524265896,-1.2905283032390116,-0.0028292118837943787,0.10109207521851789,0.5661334288836442,-1.099058015104676,1.6651914439883202,4.440892098500626e-16,-7.38443711161212,99.1871957903532,1.2386047863545828,0.014060418878458172,33.446963576906796,451.91911485319656,21.258389281721147,2095.123612818452,390285.11444093206,0.15050392308557722,0.00416941737045927,0.06457102578137713,0.4032626119669797,-0.14206829727268047,-9.373612585638781e-05,0.013351518939631745,0.07172902225980919,-0.12855663787786825,0.20028566013767746,5.551115123125783e-17,-4.821454060290094,63.190870340795904,0.1635260733598632,,,,,,,,,,,,0.03556175730737206,0.36663765297798895,4.452153807470855,0.0,4.452153807470855,-5.752343046339092e-15,11.879315004762965,143.16897431353482,4.496385578154467,,,,,,,,,,,,0.15064549509062464,1.1792015423270685,13.356461422412565,0.0,13.356461422412565,-8.257283745649602e-15,10.211396429911115,109.43434058145868,14.510973125535996,,,,,,,,,,,,0.983829811373945,5.244838123358123,50.91168824543142,0.0,50.91168824543142,-1.9539925233402755e-14,8.651507388457622,75.35813042238391,65.1380146892646,,,,,,,,,,,,0.07556408238516389,3.7725871876528903,28.333333333333332,-36.0,64.33333333333333,9.103828801926284e-15,-3.0788310196620987,76.83928431605499,46.05953189980793,,,,,,,,,,,,0.10599223004873676,1.737174064764053,20.22222222222222,-1.4705882352941178,21.692810457516337,-2.7755575615628914e-15,10.693119920674281,122.34842118736283,21.24434523664631,77.0,37.11294380706101,472.5644458101155,21.738547463207276,41.053612897973416,398912.7109901126,336.25518740153416,6730.08894555915,82.0371193153389,-0.08064634135171991,0.445864812183207,0.5133333333333333,28.118021899763075,85.0,-324.0,409.0,4.618527782440651e-14,-10.158748476627228,119.83042233794777,344.431415524194,25.0,36.95759553269244,477.89294053378256,21.860762578962852,19.59628668882102,406846.11520658253,189.10317247111803,1295.6834946919157,35.99560382452162,0.6211807350414396,8.049923077428105,0.16666666666666666,15.673083792143666,182.0,-25.0,207.0,7.460698725481052e-14,10.433660992098806,121.95478415241683,191.96614284815956,0.0
0.34931222399342554,22.628277422970758,149.95391189894914,12.245567030519622,-311.9037477329836,41500.6610862209,0.48364863273665754,0.004578410991160163,0.06766395636644493,-0.07079024976191299,-1.1967975995559497,0.004061770046435179,0.052270016265049034,0.47629200105282726,-0.09255776210633312,0.5688497631591604,4.85722573273506e-17,8.649448089594012,79.20175790251383,0.4861935021760783,0.2661604965635804,19.336277702862883,159.33149920944913,12.622658167337383,36.038568587621455,43090.75714501709,0.09279003509546886,0.0015905922611883947,0.039882229892376816,0.1614812235137018,-0.1178318449850962,0.0030948894949253533,0.010890862027690719,0.08600733326480285,-0.0012288155683185984,0.08723614883312145,7.632783294297951e-17,6.309835459733954,43.38281901548803,0.10499653630244934,,,,,,,,,,,,0.01885340187076177,0.15320931437214091,1.4142135623730951,0.0,1.4142135623730951,-7.077671781985373e-16,9.156287842796655,83.88945818467731,1.41477834337697,,,,,,,,,,,,0.042690033985629025,0.15345742634100276,1.4142135623730951,0.0,1.4142135623730951,2.1163626406917047e-15,8.652477252151412,77.57818596431075,1.4598685347919074,,,,,,,,,,,,0.4059217150347478,0.42423752301140244,1.7469696946961764,0.0,1.7469696946961764,9.270362255620057e-15,1.038412225611493,0.47986727102914806,5.381356040263319,,,,,,,,,,,,0.035590831922189946,0.4136523298820969,1.2352941176470589,-1.0625,2.297794117647059,5.218048215738236e-15,0.23819744278078855,0.7557305101073521,3.8051933480493805,,,,,,,,,,,,-0.28704376033593565,0.6200412811978324,0.46153846153846156,-2.75,3.2115384615384617,-2.1871393585115584e-14,-2.2966727607290407,5.372863241154338,6.262188603190462,31.0,12.875127148578482,174.07968984507085,13.193926248280716,1946.232462913879,69134.08629169172,39.53994933331137,2029.0342671842845,45.04480288761717,3.2579312537196943,12.499137128078491,0.36046511627906974,6.460817125039351,21.0,-17.0,38.0,-2.1671553440683056e-13,0.15811643027621017,1.3288273936469723,60.00833275470999,386.0,15.364819835817423,156.0939103269738,12.493754853004512,751.8437183473626,43211.806713005135,77.78014771368224,3290.71373791684,57.36474298658401,1.921870975894887,3.112234979085303,-4.488372093023256,10.419954231527514,9.0,-62.0,71.0,2.1671553440683056e-13,-3.0188179145888343,11.75252125419642,105.21406750050109,0.0
0.04999151614411739,53.64704145008169,1041.2777122714242,32.268835000220015,510.2954249626524,1939846.359584797,0.2404947515427813,0.004810126868208917,0.06935507817174541,0.13096085946678465,-0.1436542091466414,-0.00022417720243998838,0.016723405406947903,0.0811226203295254,-0.22809349517979857,0.309216115509324,2.135336178710201e-16,-10.7719516729464,157.94145235744733,0.249756135605474,0.018900927515922254,49.01047771483846,958.2525370696065,30.955654363453643,1638.2187881807122,1742534.1736636935,0.07258398309712769,0.0012948952372641028,0.03598465280177235,0.7857130738184707,0.2979346432383181,-8.475752249292493e-05,0.0054129465576132655,0.022391557874863695,-0.04415745482997248,0.06654901270483618,-3.4263499155973154e-16,-3.7878560582886154,30.71650301357837,0.08084243850183398,,,,,,,,,,,,inf,,inf,0.0,inf,-inf,,,inf,,,,,,,,,,,,inf,,inf,0.0,inf,-inf,,,inf,,,,,,,,,,,,inf,,inf,0.0,inf,-inf,,,inf,,,,,,,,,,,,-inf,,1.1875,-inf,inf,inf,,,inf,,,,,,,,,,,,-0.03893874884328795,0.15589771133762634,0.25,-1.0476190476190477,1.2976190476190477,-1.8471335572201042e-14,-3.5634654298061306,15.61946666051767,2.3506486398913755,44.0,35.5929914968449,1173.6480014909025,34.25854640072901,31127.06432186895,2874188.4897227203,37.31451583308086,1505.9422234580727,38.8064714120992,2.4483358490428633,7.074471040798716,0.19730941704035873,3.597033148204709,19.0,-18.0,37.0,-1.2367884494324244e-12,-0.2843841009271006,8.477216352997884,53.79591062525106,132.0,38.620139697864204,1156.4679397789241,34.00688077108696,24387.053957664182,2655520.3991710576,29.760096594518703,628.994308342574,25.079758937090563,2.593862200599744,8.67030948370291,-0.5919282511210763,2.6003323958377256,4.0,-22.0,26.0,-2.0250467969162855e-13,-4.466293723736331,26.599334183101483,39.824615503479755,0.0
0.4968466880000654,33.49201032920911,385.12189314483453,19.6245227494794,-9.924778014042271,266913.7305635994,0.4941058426129975,8.4914897389827e-06,0.002914016084201098,-0.15380078229982797,0.1280471901879281,-0.003653284470588715,0.04221938690211578,0.0019181300300843349,-0.4941821483042712,0.49610027833435555,-1.6783449630075609e-16,-11.660740365487277,135.98176560542078,0.4941982841154432,0.42594094198912275,33.44912943011969,384.57959006317043,19.610700906983677,-22.957217268863584,266544.3821042659,0.3530684573178483,4.2909295245182346e-05,0.0065505187004681045,0.23857345668765675,0.2643420665327785,0.003131918691096493,0.03017210815045561,0.3535491169263758,-0.0019130956316098383,0.35546221255798566,-4.79217360238593e-16,11.646658085954986,135.76055274559826,0.35375477861159454,,,,,,,,,,,,0.0911664715898969,0.9999056739853256,11.313708498984761,0.0,11.313708498984761,-1.0796918914479647e-14,11.265273919616739,126.9364471955571,11.315104094355265,,,,,,,,,,,,0.10142229826152184,0.9994592159058832,11.313708498984761,0.0,11.313708498984761,2.8380076066980564e-15,11.249509506413075,126.693512038737,11.321177556648836,,,,,,,,,,,,0.247487911269801,1.0217230841385079,11.313708498984761,0.0,11.313708498984761,-4.773959005888173e-15,10.15714232411507,109.73177393794649,11.847209693195566,,,,,,,,,,,,0.10734548944220902,0.7355685619570158,8.0,-0.6470588235294118,8.647058823529411,5.10702591327572e-15,9.858835792565301,105.61767554150715,8.37724231219758,,,,,,,,,,,,-0.0068900661855660055,0.11240988175115764,0.5,-1.0,1.5,8.049116928532385e-15,-4.875754084909733,50.70557469694981,1.2691724567502818,111.0,31.602001650274868,412.4669521617326,20.309282413756833,496.5617574523759,297277.9652550917,61.5608273431114,585.6763015375108,24.200750020144227,1.562522778444175,5.740348675769012,0.8161764705882353,5.6662081494053425,56.0,-16.0,72.0,2.0250467969162855e-13,6.638337775556581,66.59271005106466,66.76076692189807,11.0,28.814770763813033,415.85080118996086,20.392420189618516,2460.7488129661983,324808.00863580196,10.34226159092812,30.037625184812942,5.480659192543626,0.7231586059850923,0.48199619189275333,-0.08088235294117647,1.0004054109005849,3.0,-7.0,10.0,8.348877145181177e-14,-3.08855108016021,18.7591567965518,11.704699910719626,0.0
0.006233731390819925,40.093831575378736,364.9062735165512,19.102520082872605,-3886.8259206379425,265272.55941499054,0.008057088049893862,2.663763931463881e-05,0.005161166468409909,1.0495001609704593,0.2980367192014755,-4.7951779929384045e-05,0.0008350731910784605,0.003914938256773781,-0.0047950056547727,0.008709943911546482,3.496552006265752e-18,-2.1266645783035263,19.854319801085136,0.009536983747250842,0.11036618845189441,28.28621273327471,429.66353241745446,20.728326811816107,1948.2180480707025,297899.37455033144,0.00983769768278408,3.244840906518655e-05,0.005696350504067192,0.8495813046417542,0.6288875498168564,0.0008489706803991879,0.0009966159478502375,0.0034304131065105814,-0.0018174534644102814,0.005247866570920863,-1.214306433183765e-17,-0.24077270027543,0.3229106657543497,0.014927132788291777,,,,,,,,,,,,0.0019960707549971078,0.004038986935103242,0.026189140043946204,0.0,0.026189140043946204,-6.938893903907228e-18,4.420735873971051,22.01674437632014,0.05077213475867402,,,,,,,,,,,,0.025417434406281296,0.033111846344630484,0.15713484026367722,0.0,0.15713484026367722,-6.106226635438361e-16,2.2050208598783763,5.424540859143191,0.4704146290229504,,,,,,,,,,,,0.381939471342242,0.42605985260763896,1.9733212498229233,0.0,1.9733212498229233,-2.3314683517128287e-14,1.458493542793778,1.971956316514416,6.448286922679598,,,,,,,,,,,,-0.029416630370387466,0.40353071846424393,1.3953488372093024,-1.2941176470588236,2.689466484268126,-4.884981308350689e-15,0.33731941998137327,2.00054463371594,4.559627410063278,,,,,,,,,,,,-0.05116853954051137,0.13741432621725472,0.2222222222222222,-0.75,0.9722222222222222,5.440092820663267e-15,-2.49273651304683,8.444729190364137,1.6524576829780768,15.0,24.318859872147886,358.61927967275227,18.937245831238297,2707.455656157559,248473.02137199976,76.10467601736431,2904.339826753551,53.891927287429155,2.7695198088878543,10.728715698311477,-0.11538461538461539,8.170900162617068,60.0,-22.0,82.0,-2.007283228522283e-13,3.011555212323303,22.14032548343892,93.17188417113823,93.0,22.386653619561212,396.73007730675516,19.918084177619974,4761.889062888061,313620.5769161429,17.898692749684503,225.40602862162194,15.013528186992621,1.9258189552078637,3.506045640295253,-0.7153846153846154,2.0465152948539127,6.0,-10.0,16.0,-3.9968028886505635e-14,-1.9002671679865681,7.036654961189324,24.71841418861655,0.0
0.01768885759555755,24.655111890902738,208.7217484397014,14.447205558159038,-33.56397034010943,78376.49530871474,0.019019441066234488,1.0020477120499143e-05,0.0031655137214201337,0.027545984930240998,-0.2151638534406743,0.00017688857595557546,0.0019165326618447887,0.018689526555629193,-0.001895572665694834,0.020585099221324028,1.3877787807814457e-17,9.150986054988376,88.54627522320742,0.019246784178717915,0.10889479084711906,19.188901760073865,227.48835569348125,15.082717119056541,1149.756541148936,93708.45799359553,0.02413571577902923,0.00023571843347339755,0.015353124550833213,2.7943811508565655,10.126161606093431,0.0010889479084711907,0.00285974688540766,0.01958616776836002,-0.00250808922014165,0.02209425698850167,-1.0061396160665481e-16,3.564640044943341,17.536898122261743,0.030600587896252234,,,,,,,,,,,,0.0014329605852760672,0.004723797344420468,0.04525483399593905,0.0,0.04525483399593905,-3.133344278483108e-17,8.273250563057976,75.79202136102622,0.04911614909193054,,,,,,,,,,,,0.018040510366774818,0.03287840355210299,0.22627416997969524,0.0,0.22627416997969524,1.682681771697503e-16,3.6936316709053605,18.06399083681374,0.3731467459437859,,,,,,,,,,,,0.295923077815968,0.5044006112941235,3.138282905266138,0.0,3.138282905266138,-3.913536161803677e-15,3.148145544377928,13.050758919553125,5.818681467578211,,,,,,,,,,,,0.10169184865236955,0.40081665415329726,2.2191011235955056,-0.8823529411764706,3.101454064771976,3.1363800445660672e-15,2.378394268350737,10.357723356602627,4.114429123289044,,,,,,,,,,,,-0.20213328515717902,0.7896941185010182,4.842696629213483,-3.411764705882353,8.254461335095836,-1.1046719095020308e-14,0.9433453834320924,21.00218321285407,8.110671483335395,510.0,24.273962190536338,210.2618389249878,14.500408233045986,34.84514735407403,79029.60921686082,396.0551756948394,1239.3378053298627,35.20422993519192,1.3427582094467554,4.686853323587802,5.1,39.56197669480131,395.0,-15.0,410.0,-2.007283228522283e-13,9.71666057450642,96.14462133202167,398.8934694877819,443.0,24.80183483490259,204.2790165696634,14.292621053175075,40.135184459231176,75124.21003897693,870.4591306798621,3763.9018160584883,61.35064641923904,-1.6696713545777906,3.754940735486419,4.43,86.7891992128054,862.0,-58.0,920.0,0.0,9.783878003535229,97.1844405995824,869.0218639366906,0.0
1.1880728099580442,32.08460186731715,350.09677000640437,18.710873042335688,-60.5122007273321,220611.57949909166,0.8703538319599411,0.027321294175048645,0.1652915429628771,-0.11518190910498613,-0.9293844355834542,0.009069258091282785,0.0771063488926152,0.8561604491765412,-0.005712513948172256,0.8618729631247135,-5.325601071248798e-16,10.392124620215661,112.881403275408,0.8886061574880936,0.07030231957087953,31.135119779682555,340.85428551605924,18.46223945018749,599.2472974926791,215671.2211302179,0.056600833428330034,0.0005363683684149553,0.023159627985245256,-0.18482406262561066,-0.5990150621081645,0.0005366589280219813,0.005322767547295284,0.02275126352977102,-0.04415930907446165,0.06691057260423267,1.0191500421363742e-17,-4.550722005106595,41.72413959822009,0.06123072177388645,,,,,,,,,,,,0.002330461305745975,0.01566169140108313,0.1767766952966369,0.0,0.1767766952966369,-1.474514954580286e-16,11.098577914440668,124.07469826874822,0.17773765233479066,,,,,,,,,,,,0.016795143873053874,0.035455718572555986,0.3535533905932738,0.0,0.3535533905932738,1.1969591984239969e-15,7.050991577933953,64.53245342726242,0.4403831167163673,,,,,,,,,,,,0.23255072408869376,0.2994184509135386,1.5026019100214134,0.0,1.5026019100214134,2.886579864025407e-15,1.5054152880264895,2.4098854813811714,4.255600692114629,,,,,,,,,,,,0.054489029121831525,0.26248156071651935,0.875,-1.0625,1.9375,2.525757381022231e-15,-0.5853440777440455,3.267588338951839,3.009164107416419,,,,,,,,,,,,-0.13991595607888316,0.4098709382637802,0.1875,-2.125,2.3125,7.494005416219807e-15,-3.3159362610629137,10.826804674127263,4.861471306161958,182.0,28.40222864067822,394.15148784921047,19.853248798350624,1280.3094890808172,267609.70176316187,75.1496889070755,1347.062718708235,36.70235304048277,1.5228231448813383,5.137303534789986,1.3893129770992367,7.279137310561933,61.0,-17.0,78.0,-9.592326932761353e-14,4.798071162733241,36.97712660507835,84.8174510345601,262.0,22.867336787303085,420.78736819074896,20.513102354123546,4297.454133777526,321164.4938969203,59.718008028595875,3122.8210555581,55.88220696749637,2.3261942140824754,4.536586360315134,-2.0,7.118409634545545,28.0,-35.0,63.0,0.0,-2.249877028014676,10.666257786520394,84.62860036654276,0.0
19.165114845456333,43.500957614927756,644.389827289659,25.384834592521162,423.98523446718133,745012.6068883543,18.1939132643634,7.186499928833876,2.680764802968339,-0.15164712505061953,-0.5367741604878709,0.10889269798554731,1.381420141546175,17.982747882084425,-2.707031764456032,20.689779646540458,-5.856426454897701e-15,12.385565863670369,160.93762723411663,18.383458433530638,0.7951556496134008,37.60096000253099,590.1586397831468,24.293180931758336,3370.4641052616644,635520.7720414381,0.36904088953536873,0.027464236326778215,0.16572337290430164,0.19930846468979022,-0.64129214244578,0.004517929827348867,0.030479531669183036,0.23569679550893988,-0.20202407353247775,0.4377208690414176,3.0531133177191805e-16,2.2776434481162986,35.64983101936071,0.40877473400734327,,,,,,,,,,,,0.009138165006657312,0.10842556728488978,1.4142135623730951,0.0,1.4142135623730951,-8.829742492721948e-16,12.992181033651713,168.86264746216673,1.4145296177262958,,,,,,,,,,,,0.01834329657144486,0.10906933922607415,1.4142135623730951,0.0,1.4142135623730951,-1.249000902703301e-16,12.519107334025586,160.4882300576102,1.437813945448489,,,,,,,,,,,,0.17544498154307506,0.36916718020215333,3.7087984814552692,0.0,3.7087984814552692,-5.273559366969494e-16,5.806795419810353,49.639382320933876,5.313571670196332,,,,,,,,,,,,0.07219045794891271,0.2798592718218499,2.622516556291391,-0.75,3.372516556291391,2.09277040141842e-14,4.486338671758441,41.318715276724504,3.7572625603165553,,,,,,,,,,,,-0.06820594004254099,0.3929045779153592,4.33112582781457,-1.1176470588235294,5.4487728866381,-2.525757381022231e-15,8.003113577475213,93.47649061896611,5.184149277853099,526.0,43.484368661870505,646.3305865442617,25.42303259928409,16.656205914039866,749851.5527069381,396.5337714855607,540.7635259826257,23.25432273756055,0.7125127811010649,4.977168716011053,2.9886363636363638,29.85133403375884,396.0,-12.0,408.0,-8.304468224196171e-13,13.074729872545577,172.60753858494945,398.00251255488325,408.0,43.52001101756854,638.3475976996756,25.265541706040572,131.6097461764176,732268.4593270821,656.1470610822164,611.0569604429412,24.71956634819756,-2.2969489435031076,9.46312165288879,2.3181818181818183,49.359429755469364,654.0,-19.0,673.0,1.1368683772161603e-13,13.186920488402032,174.59842605726044,655.548625198772,0.0
0.001795552916172877,36.95110996731574,325.23944488591934,18.034396160834422,-2153.5963589197936,213812.4739275109,0.0075554173790229025,1.6261659876647515e-05,0.00403257484451901,0.4722988539034714,-0.36477392941227105,-1.3811945509022138e-05,0.0007502211448971397,0.005634283964177772,-0.0047498903474689986,0.01038417431164677,-4.092863201132779e-18,1.0202672247287425,37.58363573128243,0.008555286651634622,0.05562272709949301,26.719889845713208,454.79320213670246,21.325881040104825,2140.6222800764313,337380.4624160211,0.007511955222124448,4.833021045663858e-05,0.006951993272194571,2.8737830778499522,9.724013738675831,0.00042786713153456163,0.0008968206627594886,0.005460682402666665,-0.0017897688745522986,0.007250451277218964,-2.949029909160572e-17,1.9115580119282267,7.097596966965446,0.011329452142182238,,,,,,,,,,,,0.004035897495149319,0.03691932760950674,0.4198446513295126,0.0,0.4198446513295126,-1.3704315460216776e-16,11.292997265532836,127.68411172243997,0.42018285082255274,,,,,,,,,,,,0.025224366766578472,0.1482155405838553,1.6793786053180504,0.0,1.6793786053180504,-1.1518563880486e-15,10.988236083920103,123.00493830898186,1.7009781712636505,,,,,,,,,,,,0.24927609161107034,0.6664139246074167,6.7175144212722016,0.0,6.7175144212722016,-1.1629586182948515e-14,7.408723253940593,69.36816936757734,8.049813622763105,,,,,,,,,,,,0.011794153968653265,0.5029750911446208,1.1176470588235294,-4.75,5.867647058823529,2.2848042902090526e-14,-6.519759874495808,62.83035653142924,5.69207779994364,,,,,,,,,,,,-0.055878031597906316,0.29464767724223456,0.2,-3.0,3.2,5.4817261840867104e-15,-8.108106795666242,78.39110966167827,3.3929735983788616,78.0,19.222397906790274,366.6605831977248,19.148383305065856,6091.417261666711,334237.11203176674,35.946122316875446,1745.3532134571506,41.77742468675098,2.987772901955325,10.05277938679989,0.6,4.833536688913913,19.0,-19.0,38.0,5.45785638905727e-13,0.17662817401810108,4.586258640289147,55.53377350765928,86.0,19.281230426203965,345.19445051942097,18.579409315675807,4756.263469064949,275148.1972590269,18.67084234013402,434.784261694474,20.85148104318909,2.4853745619163274,5.295100916048706,-0.6615384615384615,2.4543645461593018,3.0,-12.0,15.0,-9.35918009759007e-14,-2.905698164415593,8.649756401172843,28.982753492378876,0.0
0.9189189605474913,76.02212739182065,1963.7434974220225,44.31414556800145,-7129.51934051606,6963269.978017519,1.3439365483299808,0.14712351744512797,0.3835668356950689,-0.17431799660766217,-0.6500431352213961,-0.0029547233458118677,0.07912317499608189,0.4125292946371286,-1.2836399277708914,1.69616922240802,-9.8879238130678e-16,-13.348705045590034,224.2896304177637,1.3963249774962445,0.2517907570179112,76.53681035484286,2306.262722521564,48.02356424216724,-7727.788758791273,8640746.702574579,0.12157039060555794,0.0038846526958382873,0.06232698208511533,0.5128132347087839,0.09233099190472475,0.0008096165820511618,0.007734334788223918,0.05889763580969784,-0.043678649693611744,0.10257628550330958,4.380176776841438e-17,3.8322968515281244,32.23029489021051,0.13714172828781102,,,,,,,,,,,,0.04859274571955153,0.7366138992114009,12.727922061357855,0.0,12.727922061357855,3.013561622466909e-14,17.049480653096794,293.5609281829473,12.807550457673182,,,,,,,,,,,,0.062244437060186154,0.7363954129111872,12.727922061357855,0.0,12.727922061357855,-3.18703397006459e-14,17.00911305287346,292.63497558924047,12.821541436370854,,,,,,,,,,,,0.2814110914257703,0.8576300669554037,12.727922061357855,0.0,12.727922061357855,-1.1954326417651373e-13,10.794592945763485,148.8563631314471,15.659858932031787,,,,,,,,,,,,0.09641296565537646,0.630924169068853,9.0,-1.7058823529411764,10.705882352941176,2.0317081350640365e-14,9.68622136216161,133.28587985588803,11.073192443264402,,,,,,,,,,,,0.0066326816765823315,0.5955217004168497,4.380165289256198,-1.9411764705882353,6.321341759844434,1.3768500228827918e-14,3.142287687736362,20.77184253066883,10.332556146869656,539.0,76.24664830973288,2032.4453965022276,45.0826507262187,660.7970847448817,7363211.931346571,374.4097580768173,11566.120153633312,107.54589789310103,-0.10227362351341994,-0.6940923947909605,1.7331189710610932,22.053781738872946,355.0,-132.0,487.0,-3.7214675785435247e-13,12.564087375331466,216.5779762657453,390.1217758597948,430.0,76.02834330666597,2038.4096299937976,45.14875003799992,936.6063118465329,7455016.059093945,539.3714313832335,9688.517072117997,98.4302650210696,0.4476780798726487,6.217133388892647,1.382636655948553,31.04003566798687,530.0,-33.0,563.0,1.4068746168049984e-12,15.978256895039657,271.9074644453658,547.9397777128432,0.0
1.1403371341794653,31.370287607943506,351.3316564566765,18.74384316133371,285.83179131455984,222508.81563909104,1.030572629510108,0.013727318880787286,0.11716364146264525,0.028388525333782534,-0.6368165850691642,0.008704863619690577,0.09027502483985453,1.0246812539896522,-0.09599473831544175,1.120675992305094,-7.424616477180734e-16,11.010470104280575,124.22886986872653,1.0380373180295888,0.12496303173366981,31.611439556187065,336.86055507873414,18.353761333272647,107.68443873916297,208481.82326951646,0.1460232404980182,0.0011096242886716302,0.033311023530831804,0.06782267017020126,-0.3492509094053267,-0.0009539162727761046,0.013035820079841512,0.011621874949007205,-0.14141155940656805,0.15303343435557526,5.97395397039513e-17,-9.757043032731053,104.1583769006416,0.14960072040147424,,,,,,,,,,,,0.012099540932141415,0.1239488066722144,1.4142135623730951,0.0,1.4142135623730951,1.3010426069826053e-15,11.352731226650945,128.92217921107482,1.4144794159139453,,,,,,,,,,,,0.028946953259062047,0.12645938220670697,1.4142135623730951,0.0,1.4142135623730951,-2.220446049250313e-16,10.329091331536684,113.02182876709709,1.4734508092195941,,,,,,,,,,,,0.3002119640449971,0.5018776899375647,2.2980970388562794,0.0,2.2980970388562794,-1.9040324872321435e-14,2.0467164352337406,3.95261980551451,6.642220158399893,,,,,,,,,,,,0.10691815564274931,0.3994655523325673,1.625,-1.4375,3.0625,-7.993605777301127e-15,0.23515271590481313,5.201287487269006,4.696758916138548,,,,,,,,,,,,-0.14980778042630766,0.5014165612439809,1.0,-3.411764705882353,4.411764705882353,-2.831068712794149e-15,-3.502050539906819,16.319406400532646,5.94374134082343,202.0,22.684152966013645,416.87589168559475,20.41753882537253,5421.665296859202,339563.4108741094,54.51619337887044,2202.000044092982,46.925473296419526,1.936461926449449,3.5922248098993754,1.5419847328244274,6.2605752265830805,26.0,-24.0,50.0,-1.7186252421197423e-13,-0.00038862698822300895,5.622888369310882,73.79701890998037,327.0,26.894833306097947,420.0125025099906,20.494206559659503,2360.439129501911,297105.6208236629,78.2075710819571,2209.8835177683345,47.0093981855579,2.13841543788984,5.602800363471379,-2.49618320610687,7.941940122728224,4.0,-58.0,62.0,1.270095140171179e-13,-3.976285770109938,20.157522564300365,95.28378665859161,0.0
26.713155033699827,59.28899172478614,1568.014041801142,39.59815705056413,-2184.4762909005653,3489520.2045329507,17.894392110485388,60.06015455395455,7.749848679423009,-0.39055297229430946,-1.235863310508003,0.11319133488855865,1.2638658580249849,15.631853426925591,-0.30032318734874003,15.932176614274331,2.8699265186560297e-14,11.128724873528226,125.29970836340762,19.493586836406543,0.13757885417162777,57.38531926510299,694.8351059968903,26.35972507437986,299.17414594685476,1061268.6090694366,0.37675780383572827,0.02967652105194404,0.1722687465907384,-0.4555757854354332,-1.0447580946694237,-0.0005829612464899484,0.026966757345493475,0.26707272647841385,-0.31352197342556726,0.580594699903981,2.6454533008646308e-17,-2.4943967227828256,117.46752860963294,0.4143679760174148,,,,,,,,,,,,inf,,inf,0.0,inf,-inf,,,inf,,,,,,,,,,,,inf,,inf,0.0,inf,-inf,,,inf,,,,,,,,,,,,inf,,inf,0.0,inf,-inf,,,inf,,,,,,,,,,,,inf,,inf,-3.3333333333333335,inf,-inf,,,inf,,,,,,,,,,,,-inf,,7.666666666666667,-inf,inf,inf,,,inf,57.0,42.82048235724826,1518.803160067675,38.9718252083178,31372.02944017793,4159800.4090052913,76.7177980935133,6736.972676021911,82.07906356691645,3.3806219631494585,13.249576592693225,0.24152542372881355,7.310670472523591,42.0,-30.0,72.0,-4.121147867408581e-13,1.1709197374065934,9.815379262608216,112.36992480196825,134.0,48.385935346306546,1148.636130410715,33.891534789836754,10043.115450466448,2358246.9941698625,238.42225078294499,10691.033721425018,103.39745510129839,1.5059249442567173,2.9099603105373784,0.5677966101694916,16.914530316359357,163.0,-93.0,256.0,-6.8833827526759706e-15,1.9264434001577657,44.14561854348159,259.9923075785128,0.0
8.63386204010883,237.9703395015833,19428.31123427803,139.38547712827915,56279.30935386748,678841191.2856804,20.91866541973641,65.98798081489899,8.123298641247839,-0.2684306955560299,-1.0980196021736754,0.008947007295449567,0.7220126595328127,18.93135397223501,-11.473141236649868,30.404495208884875,-1.1147680001322158e-13,14.598659553995693,555.4847568325582,22.430647514815732,0.7501198641288773,208.81667857444637,20560.41983477028,143.38905060976685,794093.8382895049,768806560.746994,0.5002454896730888,0.07127455362627905,0.2669729454950053,0.7484284339484608,0.5128207878907481,0.0007773262840713757,0.01824379863721111,0.3333248653534301,-0.2538732266361003,0.5871980919895303,-5.798096378017981e-15,3.4672406090931838,202.330298501345,0.5672477501027818,,,,,,,,,,,,0.0007280470165888105,0.002742758635302702,0.04525483399593905,0.0,0.04525483399593905,6.16314724949385e-16,8.939087025171377,110.41741618562772,0.08810719269080905,,,,,,,,,,,,0.010792643804002966,0.0326574631849265,0.30798428691680735,0.0,0.30798428691680735,-5.92980525793152e-14,5.008081621834183,31.09377317826156,1.0678967102320984,,,,,,,,,,,,0.18371959818982075,0.575201335699252,7.575143933107371,0.0,7.575143933107371,-1.6661672042062037e-13,5.802759901076359,47.188370726038585,18.747893922375926,,,,,,,,,,,,0.027961392735298157,0.42605503657499405,5.356435643564357,-3.411764705882353,8.76820034944671,-8.738842982580763e-14,0.04391362664115471,45.34330704777951,13.256762925478078,,,,,,,,,,,,0.06471839346322526,0.6570271551149693,5.647058823529412,-11.390243902439025,17.037302725968438,9.164891068280667e-14,-2.6616120686177274,115.27597595844726,20.498334554361715,525.0,235.01480777973734,19791.303320248095,140.6815670947978,100690.70045310726,699683811.7328515,618.2096721259433,67380.04817790042,259.5766710971932,0.3398621322345947,0.19645066305823022,0.5440414507772021,21.572804272621106,541.0,-256.0,797.0,-5.9259264162392356e-12,13.44410584601704,439.9311548005631,670.3603508561645,669.0,236.37020143418064,20041.511103518853,141.56804407605148,26569.75760345689,713356683.0620829,1066.8040749832142,186110.4805369681,431.40523934807294,-0.0722760360681606,-0.6952441418385005,0.6932642487046632,37.024137291696796,567.0,-934.0,1501.0,2.1790569348922872e-11,-13.193478318723924,478.9936784810476,1150.336037860242,0.0
0.9829114628908532,24.493993926374486,208.08868001525448,14.425279200599705,-14.323022132510213,78086.06204822552,0.9036800307630939,0.001735885422993663,0.04166395832123567,-0.018800355062622082,-1.1377381621883607,0.009829114628908531,0.09003895133346511,0.9037586422356473,-0.002278625581607713,0.906037267817255,-3.9898639947466563e-16,9.935998972530825,99.10755170647198,0.9057386075252797,0.13907038080098721,24.45821495496359,218.8072423059766,14.79213447430683,-634.4236199669145,81274.95462130787,0.08599085578419738,0.0011147962719091787,0.0333885649872704,0.11538423405805665,-0.2628601768887963,-0.0013907038080098722,0.009199988264016901,0.00959153676903392,-0.062456226832233286,0.0720477636012672,1.1015494072452725e-16,-4.99247284733208,26.756658514856476,0.09304506496298581,,,,,,,,,,,,0.0012004589234724116,0.008909923649447602,0.08658450381876091,0.0,0.08658450381876091,4.5102810375396984e-17,9.218564465072308,87.74120333496471,0.08900072148281257,,,,,,,,,,,,0.011443183618722888,0.06499116692462563,0.6060915267313264,0.0,0.6060915267313264,6.973588373426765e-16,8.296138483876843,73.40139113849011,0.6532765314141645,,,,,,,,,,,,0.23092400131272084,0.7443801103802695,4.451450743308601,0.0,4.451450743308601,8.43769498715119e-15,4.222749473548271,19.05981101845463,7.715433171570993,,,,,,,,,,,,-0.01350335272746687,0.5509369120154566,3.1476510067114094,-3.0,6.14765100671141,-3.552713678800501e-15,0.02144985820794898,20.401951752256664,5.455635115409481,,,,,,,,,,,,0.06705865653946967,0.7668079683851949,5.7631578947368425,-1.158371040723982,6.921528935460825,-2.220446049250313e-16,5.659850607666351,37.032682522770344,7.61998357819748,427.0,24.98223011770828,187.8790312503061,13.706897214552464,69.35364763607602,67573.14628659014,532.8712179167848,44662.78511588241,211.33571661194048,0.508694730127618,-0.2796126981085702,4.27,57.11424603371738,469.0,-192.0,661.0,4.263256414560601e-13,5.392300112104093,46.05653957972708,572.7364140684614,15.0,24.61281265035711,119.82989934919372,10.946684399816856,-33.87720452184303,31810.949285504983,518.7687402666202,122938.15412218381,350.62537575335847,0.645846407313617,-0.48988601286914074,0.15,62.610602137337764,256.0,-256.0,512.0,-2.842170943040401e-14,0.005657383580512027,11.32868030411635,626.1078181910844,0.0
0.030187307896076487,22.00237790226209,189.5726848804098,13.768539678571937,373.5881462819486,66073.85094090289,0.023224196530952756,1.0484455613564817e-05,0.0032379709099318384,-0.35487823409613856,-0.08867090084157263,0.00031120935975336583,0.002368563935950295,0.02304889584026639,-0.0004948825305920771,0.023543778370858467,6.830473686658678e-18,9.302836506071108,89.2009206468081,0.02352814908307482,0.00849282940143364,22.68119744665504,196.10928947578495,14.003902651610549,250.5421324438381,70774.46202449274,0.024092942837479838,0.0001173457066383793,0.010832622334337115,0.0033824192074214388,-0.5188919422479018,-8.755494228282103e-05,0.002668297317894516,0.011710061017755503,-0.018943824357776824,0.030653885375532326,7.738493006115288e-18,-2.514470627978149,29.66719291581354,0.026293824657632456,,,,,,,,,,,,0.0005274093095183237,0.0016505189441598667,0.009655531832315167,0.0,0.009655531832315167,1.1817803680091998e-17,3.657225020881,13.606324017473238,0.016977274310693426,,,,,,,,,,,,0.009193761540079674,0.024773474603884925,0.12552191382009717,0.0,0.12552191382009717,9.367506770274758e-17,3.0674647339446475,9.040311983934005,0.25890544285452377,,,,,,,,,,,,0.30505647175487494,0.9501741775327789,6.996635519108997,0.0,6.996635519108997,-8.215650382226158e-15,5.069878042418828,30.02644319925876,9.77780548929688,,,,,,,,,,,,0.040465416201171035,0.7044911350730263,4.947368421052632,-3.421875,8.369243421052632,2.6853519408120974e-15,2.4212925429752823,29.84428940571028,6.913952566604872,,,,,,,,,,,,-0.0014777013885984916,0.3493849254797727,1.4933333333333334,-1.108910891089109,2.602244224422442,2.8935187579293142e-15,1.2967278625157324,8.787263001398657,3.4232897827052877,614.0,23.20498356619678,186.3603371642143,13.6513859063545,112.95859594904289,64263.66439508022,744.3700480163543,90259.41911613052,300.432054075677,-0.07208770235727395,-0.5027704720489871,6.329896907216495,81.08182473311292,658.0,-240.0,898.0,8.43769498715119e-14,5.138220727081301,44.427693895132975,800.9931335535905,207.0,23.205958202385666,133.61050004113685,11.559000823649804,82.20583477039199,37446.727884948414,479.49969699401964,81012.79058264346,284.6274592913401,0.23819190952836158,-0.7739819472604328,2.134020618556701,56.32447031264095,224.0,-236.0,460.0,1.5942802633617248e-13,-0.31205194311949785,11.160549166415231,555.1297145712883,0.0
0.0,0.0,0.0,0.0,0.0,0.0,0.0,0.0,0.0,0.0,0.0,0.0,0.0,0.0,0.0,0.0,0.0,0.0,0.0,0.0,0.40274190096767937,157.05806696537627,9886.440403992086,99.43058082899891,-9497.126483166092,180803488.49545953,0.06060909827833184,0.0024173608215165565,0.04916666372163721,1.79174770084744,4.409147336017479,0.0006443870415482869,0.003119250755638376,0.034112038205053846,-0.005792613161119285,0.03990465136617313,-3.5973828083069037e-16,6.756899545347691,58.24278277732051,0.07962788431144041,,,,,,,,,,,,0.004596624874791932,0.04598806443797365,1.0606601717798212,0.0,1.0606601717798212,-6.6405214660392176e-15,22.463012458191322,515.8076044038853,1.0749850174611757,,,,,,,,,,,,0.02208257084419079,0.10051464812995388,2.1213203435596424,0.0,2.1213203435596424,1.9748092050519972e-14,17.263863062730874,353.00006842280925,2.3936669407550104,,,,,,,,,,,,0.1409512737406018,0.36435409375868116,4.242640687119285,0.0,4.242640687119285,4.496403249731884e-14,5.780782981214987,44.974391506620854,9.08669639965064,,,,,,,,,,,,0.06301140158831231,0.26896123674942424,3.0,-0.2857142857142857,3.2857142857142856,-1.9595436384634013e-14,5.368561449194838,40.35166632586747,6.425264642776354,,,,,,,,,,,,-0.03283411831120417,0.3483422345171859,5.325,-1.8571428571428572,7.182142857142857,-1.7907897387203775e-13,5.287501761259251,109.1127714228533,8.138146711350915,538.0,155.66555854758585,8120.607092484376,90.11441112543751,-7.037289715159927,118580965.82681149,328.5443472171198,795.4805014201413,28.20426388722353,1.6448945411713827,31.163705771107068,0.8608,13.179553230667423,328.0,-2.0,330.0,1.9404478024398486e-12,24.532297055385445,609.2379634528619,330.19085390119454,681.0,155.44958205168732,8099.027856333076,89.9945990397928,7.841850741717769,117836389.63101436,853.0432720720477,499.2496905631154,22.343896047088908,-2.712162577546826,18.023816550260317,1.0896,34.10611634062111,852.0,-13.0,865.0,-5.6061821851471905e-12,24.905972342724457,621.880342685054,853.0879204396227,0.0
0.11109948540416946,47.02189730790891,639.9648466490349,25.29752649270349,-2933.931780897602,756266.7486588475,0.1776103324055416,0.002234466066031466,0.047270139263931366,0.01215338363424731,-0.42557936078691583,-0.0006276807084981326,0.013775653905302918,0.036382454498420626,-0.17041251235604876,0.20679496685446938,3.903127820947816e-17,-10.430391227464312,131.75520540902758,0.1834633052561737,0.08176006395036453,40.077326460017694,765.6577816751003,27.670521890183068,2259.166375194101,978827.6731690248,0.03228127881339562,0.00038631446584343996,0.019654884020096377,1.1820941524892954,1.9073895413495263,0.0004619212652562969,0.002832743770838608,0.01933892056338029,-0.014631032563303803,0.03396995312668409,-3.469446951953614e-17,1.098930106620333,16.425806270314315,0.03818497229531796,,,,,,,,,,,,0.08735988918626936,0.8929157698450645,11.313708498984761,0.0,11.313708498984761,1.1338152638984411e-14,12.037163093723002,149.80786383750748,11.66332818987584,,,,,,,,,,,,0.12730353554942517,0.8979484971927998,11.313708498984761,0.0,11.313708498984761,6.036837696399289e-15,11.720910678355173,144.29478843687414,11.790058958624352,,,,,,,,,,,,0.7967930093563158,1.9934739723423274,12.413652380830502,0.0,12.413652380830502,-6.827871601444713e-14,4.383513543519712,19.795536861526045,27.908603883210468,,,,,,,,,,,,-0.06276292897368475,1.5167299047059528,8.0,-8.777777777777779,16.77777777777778,-7.244205235679146e-14,-1.4448842307301404,19.83213059863289,19.734363059267334,,,,,,,,,,,,-0.04856069953075922,0.7203622482329362,7.142857142857143,-1.1176470588235294,8.260504201680673,-2.989275493803234e-14,7.1477742984291055,65.14267046335246,9.385963180561872,521.0,44.54933338526593,604.3721062773992,24.583980684124352,29.64291548530057,674847.0186935707,1160.2274510832606,83812.45493465841,289.5038081522563,-0.14427058104796486,-1.0333238004878131,2.943502824858757,89.62764892675126,1116.0,-368.0,1484.0,-7.318590178329032e-13,10.48315633142524,136.93448411784914,1193.0611887074358,977.0,43.520955597977384,645.1045458697897,25.398908359805343,123.54178442442068,745171.4123570108,1159.5846748246202,19247.120548243587,138.73399204320327,-0.07286129838268937,-1.3966555335569137,5.519774011299435,87.532985898391,1150.0,-19.0,1169.0,4.298783551348606e-13,12.785513331417663,166.926494017853,1166.86374525906,0.0
4.017078581203621,90.88725715309755,2576.9823032957115,50.76398628255775,-26093.31111306767,12830664.452025425,1.9516242694050323,0.9304478357920284,0.964597240195113,0.3326900682290635,-0.47931408691640365,0.01122088989163023,0.11498352090673272,1.2898391286771997,-0.4793197201460418,1.7691588488232415,-2.056341208422907e-14,8.521503991854424,93.56174893503122,2.1859250685064078,0.027866428417491745,78.65756665255056,2502.7900479328127,50.02789269930138,21624.44280067807,11251536.056127265,0.16197674250395072,0.007117060474901174,0.08436267228402129,0.2927913019203866,-0.6895775533570121,7.783918552371976e-05,0.009647765225877071,0.09937497879021603,-0.09254838851657705,0.1919233673067931,-1.2812559173347449e-16,1.1777444148400855,62.465000167926384,0.18255022580017716,,,,,,,,,,,,0.0007804339006210538,0.0018763763166387123,0.022627416997969524,0.0,0.022627416997969524,2.0057740190981832e-16,6.128888889427405,56.50261024359539,0.0383974199692194,,,,,,,,,,,,0.011675804900709082,0.02286900215269538,0.18230096702465678,0.0,0.18230096702465678,1.5959455978986625e-15,3.1959473997024945,12.921623059555838,0.4851553334712203,,,,,,,,,,,,0.20040048442584824,0.4969092113315551,6.747332177105369,0.0,6.747332177105369,-8.770761894538737e-14,7.599852144039482,86.97793819650884,10.123598435918968,,,,,,,,,,,,0.03671587935906704,0.3770828866907388,4.771084337349397,-1.2941176470588236,6.065201984408221,-2.4272250875867485e-14,6.207637812537374,72.42684551728864,7.158465104047829,,,,,,,,,,,,-0.017748790272530842,0.7671951103909218,12.385542168674698,-3.0,15.385542168674698,-9.749145934989656e-15,11.509282790050651,192.47874683206234,14.499603388924333,532.0,88.14062094355924,2712.7308469372765,52.08388279436621,1549.1029764409582,13166428.436834263,401.1290844776966,3255.4352397162397,57.05642154671321,2.0308816662105884,12.625173263636594,1.4860335195530727,21.388494150650228,396.0,-22.0,418.0,-4.845013279464183e-13,17.612334779358566,324.89782304285563,405.664886328605,722.0,88.81795472455143,2676.969190893911,51.7394355486597,835.6751440949587,12864588.411637036,1032.332876686535,8219.010483053104,90.65875844645736,1.3158442745306258,13.852997233198227,2.016759776536313,54.68977771164345,1028.0,-48.0,1076.0,-4.924061158817494e-12,18.513728098017094,347.8425510412927,1035.482496230622,0.0
1.3817153561624307,35.01242236165628,418.52085642526225,20.457782294893605,17.181778278251407,314924.9692368451,0.9631490788608789,0.027694594976513897,0.16641693115940426,-0.12443879438659787,-1.1846966347923178,0.009662345147989028,0.08144971285949597,0.9504234513443467,-0.050776955954092436,1.001200407298439,-1.700029006457271e-16,10.9927185031418,126.12347036203356,0.9808264776847172,0.16540040833377137,34.77821190588265,417.24721865265775,20.426630134524338,225.92800512828896,312985.9306109855,0.15983754584321133,0.0017161996856439306,0.04142704051273673,0.13205284002887852,-0.36731886739936825,-0.001156646212124275,0.013759569262809914,0.02600764095745181,-0.15421062362204577,0.18021826457949758,-1.24683249835833e-16,-9.728291859509667,108.1130607463944,0.1651208390131485,,,,,,,,,,,,0.02136685932984013,0.23983438740513977,2.8284271247461903,0.0,2.8284271247461903,-2.7408630920433552e-15,11.745698284196184,137.97402085467155,2.8285749939196485,,,,,,,,,,,,0.03301659957047858,0.2404408356043806,2.8284271247461903,0.0,2.8284271247461903,3.282096816548119e-15,11.515518798903367,134.25594728138645,2.851045596920462,,,,,,,,,,,,0.21560813258301706,0.4870594891166091,3.6603174555538933,0.0,3.6603174555538933,-1.6930901125533637e-14,4.368699495492953,23.841606364088328,6.257196350033821,,,,,,,,,,,,0.09207619541160392,0.36521073454343883,2.588235294117647,-0.9375,3.525735294117647,1.0769163338864018e-14,3.6725531847778616,21.28642629723953,4.4245059703246294,,,,,,,,,,,,-0.07140432100218072,0.2856791772721162,1.0,-2.1666666666666665,3.1666666666666665,-8.1601392309949e-15,-3.5179659881101033,25.78777116838873,3.4592110914314596,190.0,22.208731232015243,393.3078969623842,19.83199175479821,6551.466738759578,391556.6282251346,47.86475436532037,1714.528669829234,41.40686742352329,1.8588206636353777,3.196767618509038,1.3286713286713288,5.273997732345583,44.0,-15.0,59.0,-2.4291679778798425e-13,4.292642088395167,31.462333328920746,65.0384501660364,130.0,22.110290238473933,394.41896704020246,19.85998406444986,7226.5170205284785,414952.5410463972,30.127022910799734,866.5878426448247,29.437864097872737,2.087276244425935,4.355855772926248,-0.9090909090909091,3.5100437128134834,16.0,-23.0,39.0,-3.064215547965432e-14,-1.3530971987172926,16.659511528543337,43.3589667773576,0.0
10.499470000095785,44.55953811153776,658.5919179304038,25.66304576488153,-599.6898127176671,781673.292341691,13.558229316080958,6.147498579185496,2.4794149671213765,-0.1039690000630343,-1.3488132964617423,0.05898578651739201,1.0314496798519672,13.323585903854978,-3.436575071966491,16.76016097582147,-6.3976601794024646e-15,11.829209814059796,155.77825436702267,13.783739049468704,0.14271675427325325,44.514065995017795,687.3226408605206,26.216838880012222,1126.3186026093065,827298.3421122854,0.3948095687134233,0.0233606838835085,0.1528420226361471,-0.19940191027548082,-0.911383368813704,0.0008017795183890621,0.03149112159250178,0.1976401022688374,-0.34401230120732257,0.54165240347616,2.469812548921979e-16,-5.830648501731889,89.4240292613133,0.4202801196105657,,,,,,,,,,,,0.009248190049009201,0.10690962472545053,1.4142135623730951,0.0,1.4142135623730951,-4.562322741819003e-16,13.15714355788777,173.39094703746173,1.4155014153270038,,,,,,,,,,,,0.02003685104756272,0.1081479371703895,1.4142135623730951,0.0,1.4142135623730951,5.030698080332741e-16,12.439439461275702,160.35757734896075,1.4508468555487217,,,,,,,,,,,,0.23465371089529158,0.684311870149488,6.619723057916615,0.0,6.619723057916615,-1.7763568394002505e-14,7.698526415754089,65.81744493980939,9.54264362436371,,,,,,,,,,,,0.08607929047998082,0.5042448865210966,4.025210084033613,-4.680851063829787,8.706061147863402,4.3298697960381105e-15,-2.0470597215466286,66.35922272117007,6.747668017234153,,,,,,,,,,,,-0.012174520126708657,0.7582471785740517,9.403361344537815,-1.3529411764705883,10.756302521008404,-3.8202080387961246e-14,11.012465313059867,137.8189493077996,10.003256393770682,541.0,44.151829781486484,662.7391838510301,25.74372125103576,-96.83150379034534,790835.4127877975,506.6309032499576,24746.10540022196,157.30894888791914,-0.37077267373334616,-0.9412119522710364,3.039325842696629,39.59136246162765,479.0,-220.0,699.0,-1.7177370637000422e-12,8.833075158017149,123.4793551222147,529.7688175043903,965.0,43.944474835665105,660.9950698818021,25.70982438449944,5.982406491941652,786132.0625903744,1120.9283358557927,3473.20520140554,58.93390536359812,0.0799058551236308,0.341546246758557,5.421348314606742,83.92095661978475,1119.0,-23.0,1142.0,2.396305376350938e-12,13.238119552490742,176.11664702820312,1121.9790550629723,0.0
0.01627437338349509,56.948541544721586,994.6777095935689,31.53851153104041,-908.4539739339729,1875938.1543117703,0.01475124221629209,3.405935568925151e-05,0.0058360393837988715,0.033521900360386214,-0.5262087703850405,7.10671326790179e-05,0.0010460145973805748,0.008512803381046792,-0.004537386317139821,0.013050189698186613,-2.9680034471790684e-17,4.964426634281516,40.05513267611298,0.015865564289971684,0.15886953472222531,44.08691625591375,1153.5735649860062,33.964298387954464,17436.341223180283,2601965.0869822823,0.01760135057525048,0.0001764712484032584,0.013284248130897677,3.0658423164579816,14.313154062978311,0.0006937534267346082,0.0014540341446891382,0.008891574824839087,-0.007567488863446976,0.016459063688286063,-6.548581121812447e-17,1.0368802589960942,9.216024662469813,0.024379737209932913,,,,,,,,,,,,0.0013134920683024215,0.005345463956527411,0.07457766832826869,0.0,0.07457766832826869,1.6696713456276768e-16,11.575151795555634,155.61164813188304,0.08311575158703767,,,,,,,,,,,,0.01877385739956424,0.052627489773402765,0.5966213466261495,0.0,0.5966213466261495,3.649858193455202e-15,6.835281514969751,65.42303665164977,0.8437068042537093,,,,,,,,,,,,0.28859656792700905,0.6611636843876397,4.772970773009196,0.0,4.772970773009196,4.618527782440651e-14,3.6022671183219708,15.787307216578492,10.892978950612266,,,,,,,,,,,,0.14399220718305278,0.4893658575715064,3.375,-1.0625,4.4375,2.842170943040401e-14,3.2587693609348287,14.53416525294791,7.702499283300256,,,,,,,,,,,,0.0947977089155242,0.6054726117656148,8.339285714285714,-0.36363636363636365,8.702922077922077,6.04793992664554e-14,11.669603730650422,153.28603751998997,9.253814410326743,536.0,31.22367364657145,1105.7593205060512,33.25295957514235,42318.59326499052,3614128.4691935857,69.3052042910113,8074.455324847851,89.85797307333307,2.5455541771990062,5.7662657732450775,2.3406113537117905,7.482565562637763,42.0,-17.0,59.0,6.927791673660977e-13,2.618693997673423,9.128062880276827,118.64231959971113,665.0,55.25948130353956,1119.6660561169938,33.46141144836831,1199.381524650861,2219133.7934650686,467.281059323023,1381.8326505851428,37.17300970576828,2.398128484025983,5.174295468251203,2.903930131004367,30.908647372065147,467.0,-4.0,471.0,1.290523243824282e-12,14.883020818824205,223.84674176171845,469.79250739023075,0.0
0.019637711563604957,5.617401802115566,11.801744510453494,3.435366721392855,-1.8363056648859133,124.81668389264325,0.02435973176680124,4.948803819043036e-06,0.002224590708207475,-1.1276726794426697,0.5255794966783376,0.0007855084625441982,0.004793376772784575,0.023473553714865387,-0.004607756420557676,0.028081310135423063,1.5178830414797062e-18,4.443714794189564,21.43435963020648,0.024286562349681774,0.08130300447909095,4.436507451094318,11.47382404681104,3.387303359135559,17.810661214167443,60.569532263375514,0.015273567660438121,4.6432775216015755e-05,0.006814159905374672,1.5438164860763275,1.0013515707352998,0.003252120179163638,0.0032773529472562898,0.016501708457128523,-0.0003003088058102035,0.016802017262938725,-4.336808689942018e-18,2.680059100469257,10.06200368116631,0.0230853460016375,0.12012282975877635,4.669825745735753,15.100180289174336,3.8858950435098394,15.200359559309941,212.4973148346462,0.02097819582250153,0.000220829322064631,0.014860327118358836,0.531908429004002,-0.7852844288990896,0.0048049131903510536,0.005037767208399283,0.016572815184059706,0.0,0.016572815184059706,8.673617379884035e-18,0.8873859464095883,-0.41214807531957964,0.034808867122054055,1.6781110841277591,3.83660236664838,14.756765140989087,3.8414535193060826,33.23712501133236,384.8882872470012,0.23658729835224468,0.046474156723069114,0.21557865553683442,1.2574596950595833,0.3481800095618826,0.06712444336511036,0.06272154277633667,0.22509973657149612,0.0,0.22509973657149612,0.0,0.700074165542521,-0.43622244366066365,0.4593387319103338,25.644062302245622,3.368813309456525,12.354174703915566,3.5148505948212887,32.49974615273525,344.96706626751825,3.567699481836908,11.571615339061943,3.4017077092339876,1.64989148271534,1.5269055978093495,1.025762492089825,0.9659832531569237,3.826695521715434,0.0,3.826695521715434,-3.1086244689504383e-15,1.124207113250174,1.1001828918101166,7.045055598712407,18.133090351088185,3.368813309456525,12.354174703915566,3.5148505948212887,32.49974615273525,344.61876319618466,2.522744496842609,5.785807669530971,2.405370588813909,1.6498914827153406,1.5269055978093513,0.7253236140435273,0.683053308819902,2.7058823529411766,0.0,2.7058823529411766,1.5543122344752192e-15,1.124207113250175,1.1001828918101184,4.981606587685795,0.12368753373971589,3.3724663913293265,10.83054741367498,3.290979704233221,34.16546134852381,318.35224835074695,0.560061654816006,0.1942442869571062,0.4407315361499631,0.9560981477673204,-0.478754329458328,-0.004947501349588636,0.13965626522089947,0.4117647058823529,-0.3076923076923077,0.7194570135746606,1.3183898417423734e-16,1.0474523842596728,2.9713746427760404,0.698719367576397,302.0,3.630796198867905,12.65245090891594,3.5570283817979216,27.002811108431708,339.018369303756,44.096324403024745,1524.097507476538,39.03969143674855,1.7531120087714476,2.3668096549021773,12.08,11.540953166874909,46.0,0.0,46.0,2.4868995751603507e-14,1.238957983421014,1.2680351568774126,83.5344240418284,0.0,3.1472246701818984,10.09205234641295,3.1767990724018023,34.45785257731629,311.02081494728344,8.873927111910543,56.67008427916566,7.527953525305908,0.9644398492750109,-0.7047252046811826,0.0,2.280350850198276,7.0,-4.0,11.0,0.0,1.379539021560914,2.9954393432654305,11.40175425099138,0.0
0.00015866469965422118,1.8104116614960821,1.1081675404613343,1.0526953692599461,-0.43005924178939486,-7291.132311758157,0.00041132711801498327,1.339952012702328e-08,0.00011575629627378064,-0.3634913979386963,-1.3360922674040816,1.7629411072691244e-05,0.0001342889893325364,0.000355476981911761,-0.00019681228225753984,0.0005522892641693009,-1.3552527156068805e-20,1.594124676481117,5.283700396406818,0.0004063237122252601,0.00449941671993529,1.0530437059475135,1.4838922297437074,1.218151152256446,1.2486601628811234,-1533.4619417704514,0.0019511910178928423,1.3868922659331036e-06,0.0011776639019402367,0.3152471605692872,-0.9796667586479586,-0.0004999351911039213,0.0007162342298603062,0.0,-0.001650972224368671,0.001650972224368671,8.673617379884035e-19,-0.9483004348353018,-1.3360842018587884,0.002620370203988227,0.002584892564242291,1.03392480440486,1.1766805293520535,1.0847490628491243,0.7046615896300974,-2664.4658926750717,0.001124808344349539,2.6705206207223467e-07,0.0005167708022636677,0.8466622523274677,-0.8342439142907533,0.00028721028491581006,0.00038901532847270215,0.001062519581046653,0.0,0.001062519581046653,1.0842021724855044e-19,1.2321189522661204,0.08562292449411224,0.001450656424496616,0.10153659854051811,1.414216353099804,1.2560605923055603,1.1207410906652617,0.12000775606783595,-36.34023187791905,0.07707733781841059,4.640621038913067e-05,0.006812210389376613,0.4175012114016598,-1.0698164063259072,0.011281844282279789,0.02431749299855085,0.07919863286446681,0.0,0.07919863286446681,2.0816681711721685e-17,2.862759002520287,8.356858610142709,0.08042129248711194,7.587687417127636,1.4924158458128864,1.2523228707434901,1.1190723259662398,0.008356015772685053,2.154468351665865,7.249810551307931,0.005177481459265111,0.0719547181167789,0.4021291029094906,-1.4707870294645315,0.8430763796808485,2.2785078615601946,7.286274223530946,0.0,7.286274223530946,4.440892098500626e-16,2.9975031231908282,8.98884864612537,7.288441720594766,5.365305226174791,1.4924158458128862,1.2523228707434901,1.1190723259662398,0.008356015772685771,1.9830651572892746,5.126390203147621,0.0025887407296324976,0.050879669118740325,0.4021291029094583,-1.4707870294645407,0.5961450251305324,1.611148359896073,5.1521739130434785,0.0,5.1521739130434785,6.661338147750939e-16,2.997503123190827,8.988848646125362,5.153706564915507,8.35513833992095,1.5064112113015653,1.2438948553571136,1.1153003431170967,-0.005241195239010508,2.210077717658215,8.899705229480151,0.010920464102402657,0.10450102440838872,-0.32099275634291147,-1.1747771810506222,0.9283487044356611,2.797100326343071,8.83695652173913,-0.18181818181818182,9.018774703557312,-1.3322676295501878e-15,2.9959116437720588,8.981927618035295,8.841403393913376,477.0,1.4994476533619852,1.250547993156192,1.1182790318861353,0.00016127557083152864,2.557534711463438,473.62677880211174,0.4244015355945257,0.6514610775744977,-0.1228886417249046,-1.4548317818062024,53.0,148.84667726668718,474.0,0.0,474.0,0.0,2.9999456144710943,8.99975815952573,474.00316454639835,806.0,1.5002864529242608,1.248641336755537,1.1174262108772717,0.00048448981908486206,2.555416334080865,813.8808868927634,2.651950649061787,1.628481086491884,0.5985925265296721,-0.9197191969997186,89.55555555555556,255.77859831898502,813.0,-3.0,816.0,8.526512829121202e-14,2.9998930673687623,8.999525234593927,813.0104550373261,0.0
0.015813995996910198,5.526521900583365,13.31235625597527,3.6486101814218617,7.851878740621175,132.00877573200813,0.01509327837590823,4.700287101159221e-06,0.002168014552801531,-0.5084127210876219,-1.1127951025040987,0.0005857035554411185,0.0028796601927827334,0.014399652319321408,-0.001953679042537212,0.01635333136185862,-1.0842021724855044e-18,4.395225054277721,20.611128358125754,0.015269520947965395,0.04726888305480183,5.8092749318329355,14.040499689153826,3.7470654770305023,3.151119392003382,180.8419177005516,0.017788190119368153,6.3093913650702445e-06,0.002511850187624701,2.072991816641902,4.383722765530256,0.0017506993724000677,0.003392672766375219,0.01438203376370346,-0.007516518604554267,0.021898552368257728,2.168404344971009e-18,1.340128326159403,8.050919321709724,0.01983758486787401,0.057036934801751205,2.522279138496452,8.130679659312058,2.8514346668496646,34.18091617076701,-48.26354000817374,0.00847931568675674,8.843894762353107e-05,0.009404198404092241,1.4244395156312777,0.6043483200033397,0.002112479066731526,0.0023913370446116636,0.009499093742786919,0.0,0.009499093742786919,4.336808689942018e-18,1.8831193849615409,3.1146115502736507,0.01657976592248502,0.9489790037897354,2.4467850239428603,7.836700894907782,2.7994108121009647,33.29392321782309,267.3184695973841,0.13798972753576744,0.024616850079679516,0.15689757831043638,1.3945141744025524,0.5285215827633015,0.03514737051073094,0.039459802080893676,0.16148459362737763,0.0,0.16148459362737763,2.7755575615628914e-17,1.930653190020191,3.3824110002064893,0.2745818058797984,17.205541625976302,4.075206242223741,14.659604182253362,3.8287862544484463,35.59409973071638,436.09854596876636,2.986968235638898,4.471721823762952,2.114644609328705,1.5665233879399467,0.9985388287055644,0.6372422824435667,0.6911514295694889,2.7452380916654198,0.0,2.7452380916654198,-6.661338147750939e-16,1.6141748296886487,2.0623677582051485,4.884847661750112,12.16615515771526,4.075206242223741,14.659604182253366,3.828786254448447,35.59409973071638,435.68252524504635,2.112105494609082,2.2358609118814745,1.4952795430559045,1.5665233879399472,0.998538828705565,0.45059833917463926,0.4887178626753621,1.9411764705882353,0.0,1.9411764705882353,-7.771561172376096e-16,1.6141748296886487,2.0623677582051485,3.4541089066867547,7.498639528275078,6.124678515169357,13.564531942365692,3.683005829803381,-1.0367966902847736,331.81813859896675,6.660021038940315,0.15889143272756964,0.39861188232109895,-1.8133460816130278,3.223188266417007,0.2777273899361139,1.2600128809563433,6.6869565217391305,-0.2222222222222222,6.909178743961353,8.881784197001252e-16,5.154942081600326,26.707861288208306,6.704375735965955,324.0,6.079257292887631,14.069687909013108,3.750958265432063,-3.980939536608893,361.1960578484318,139.55180300926784,442.98658455481666,21.04724648391843,-0.4490296705168717,0.3844707746580423,12.0,26.6527741589946,142.0,0.0,142.0,0.0,4.544697898356244,22.08780568871163,151.88153278130952,784.0,6.012568692162116,13.939281419204654,3.7335347084505126,-0.06762833468807278,347.55227875005426,768.4301742750112,37.22110982997232,6.100910573838329,-1.6800016320036202,3.2737186216184906,29.037037037037038,145.12459052967566,769.0,-3.0,772.0,-5.115907697472721e-13,5.195465625916851,26.995071665617353,769.0357598967684,0.0
11.902032698119621,8.302285971256918,26.898991995679012,5.1864238156632565,6.864925196835997,1298.7158676634524,11.275056693410876,0.18707726762504107,0.4325242971499301,0.057181841139968145,-1.475630138185207,0.3306120193922116,1.8571072663633483,11.302656818631778,-0.01345459937595203,11.316111418007731,6.5503158452884236e-15,5.975277217759186,35.78970422319137,11.317838195576977,0.3370928171640725,8.456647254488797,26.513622367761418,5.149138021820877,4.161568266518459,1264.517944278305,0.35050100591613775,0.0003177447603520299,0.01782539649915339,1.2022832581150764,1.0318220272702618,0.009363689365668679,0.057667994189333244,0.3487343086017004,-0.014958903653833108,0.3636932122555335,1.1102230246251565e-16,5.899503342356851,35.181795784696874,0.35053950471363077,0.10746827417120411,8.243728304055978,28.191310446245737,5.309548987084095,2.1829777071222094,1359.0103015128088,0.043916983836407124,9.484376236474376e-05,0.00973877622521145,2.2622081432143086,6.525400099057239,0.002985229838089004,0.007399876141277686,0.04419417382415922,0.0,0.04419417382415922,-4.336808689942018e-19,5.013392354128847,27.607799219321286,0.04787600137155187,1.2429957133202691,6.224649588159872,32.51731263766281,5.702395342105176,90.91114284916667,1950.7025263722637,0.2193766296312797,0.034951858286994236,0.1869541609245278,3.0102633980210327,8.5793541231259,0.03452765870334081,0.0477391774033202,0.1767766952966369,0.0,0.1767766952966369,1.3877787807814457e-16,1.664556206994989,2.0675862880362086,0.3535007466590169,19.742508430357063,5.083426547100695,31.766009374578278,5.636134258033451,158.23527218452168,2368.822503977031,2.8190806732440015,10.024245472452318,3.166108885122607,2.822037975042777,7.602119867113647,0.5484030119543629,0.7030760824800665,2.7452380916654198,0.0,2.7452380916654198,-6.217248937900877e-15,1.476273952522188,1.6876323491625005,5.349974419185649,13.842414529914532,5.026324497811087,30.746739302628686,5.5449742382294875,151.66565526409715,2264.42968460629,2.0064196560246264,5.03961695566586,2.244909119689672,2.8160996473205824,7.53989710092306,0.38451151471984807,0.49968171438017933,1.9411764705882353,-0.058823529411764705,2.0,3.3306690738754696e-16,1.461999936188911,1.6442285537452923,3.783003190980734,5.782114127702362,8.42938593089085,26.80444051151481,5.17730050427004,-0.03581492762303134,1306.3158190546062,7.35197898835524,0.4658917690450672,0.6825626484397364,0.46043463349553654,2.189279368803157,0.16061428132506564,1.2149607286859905,7.278846153846154,-0.375,7.653846153846154,4.829470157119431e-15,5.819260962531689,34.5050592481061,7.353186704152923,317.0,8.340205546746503,27.574925455215478,5.251183243347682,0.5550762944382953,1391.205855218936,110.87547025136224,994.5189854281723,31.53599507591559,0.3075141817789514,4.001414141740034,8.805555555555555,18.935298378725324,110.0,-1.0,111.0,7.460698725481052e-14,4.468354406172731,23.01574252378476,125.29565036345036,735.0,8.496061330849765,26.948061272555517,5.191152210497735,-0.2051021414581252,1303.04154032128,757.7120702964934,117.19630477964958,10.825724215019038,0.49185217695458483,2.2418254922140686,20.416666666666668,124.53544230012957,757.0,-6.0,763.0,3.055333763768431e-13,5.9953969857706335,35.96208978047143,757.1875593272779,0.0
0.0,0.0,0.0,0.0,0.0,0.0,0.0,0.0,0.0,0.0,0.0,0.0,0.0,0.0,0.0,0.0,0.0,0.0,0.0,0.0,0.0,0.0,0.0,0.0,0.0,0.0,0.0,0.0,0.0,0.0,0.0,0.0,0.0,0.0,0.0,0.0,0.0,0.0,0.0,0.0,0.04052106884930454,28.51891060261941,280.0644429445869,16.735126021174352,0.08866663709267303,141028.57819485173,0.037666672690959656,2.548089230461211e-06,0.0015962735449982285,-0.033618101649507,-1.371436592454728,0.0003463339217889277,0.00347048388535565,0.03765657414602916,0.0,0.03765657414602916,2.097931203759451e-17,10.758980295865134,116.12920950110679,0.037725482810902655,1.2292580751188436,28.56203133455245,280.7201329934341,16.754704801739543,-0.7791681107969152,141355.38419935157,0.9839204296263143,0.013083333709535608,0.11438240122298364,-0.1009744979465519,-1.0740829720338934,0.010506479274520029,0.09118388335221224,0.9790709277967581,0.0,0.9790709277967581,1.556046957951196e-15,10.41203745723928,110.58534229566405,0.9928301681166237,51.75584219591478,28.71141311540881,293.26759325683605,17.125057467256454,-35.058955600089966,149011.94587669027,26.991750143838498,75.66077485505504,8.698320231806543,-0.1543301260255403,-0.2466496686527255,0.4423576256061093,2.6105337490169997,25.45584412271571,0.0,25.45584412271571,-1.8485213360008856e-14,8.248454344453238,74.63373328488832,28.639767922795237,26.548429498947918,28.605765770379694,261.6612716026517,16.175947317009033,13.887610362759904,128478.8440848079,19.183536518726353,39.569554491816014,6.290433569462126,0.026128359147076605,-0.1500489578982849,0.22690965383716172,1.858438960751688,18.0,-1.9951219512195122,19.995121951219513,2.1815882433884326e-14,8.178801373199132,74.1358354999842,20.251374109817473,16.28858572230363,28.57193389535203,260.80818886188433,16.149556924630605,16.71779126746344,127993.88649784378,12.759211234749609,12.047461936973907,3.4709453952740175,0.24105375984064314,0.3089635673440322,0.13921868138721055,1.2172216231036443,12.26923076923077,-1.4341463414634146,13.703377110694184,-5.162537064506978e-15,8.76397713876605,85.52152078201205,13.252102005221541,546.0,28.29226128686872,211.4710254795375,14.542043373595662,64.8202278430962,95884.24209665775,995.8794094415341,325712.78805727884,570.7125266342757,0.7832703044119734,0.27969168062819005,4.666666666666667,105.66144935756782,546.0,-468.0,1014.0,-6.066258606551855e-13,1.0604079599300298,15.982986833584135,1144.0174823839013,230.0,28.216276516951538,189.89675088650645,13.780303004161645,78.39436314677465,79793.16257096018,647.0360839337951,170907.16815658472,413.40920182862976,0.7611126469608818,-0.10083741729616101,1.9658119658119657,70.6818962331229,319.0,-319.0,638.0,8.102407633714392e-13,0.21378454141948397,14.97195012936007,764.8372375871876,0.0
1.0383365171967354,26.78482877571262,242.65318241686342,15.577329116920636,-91.32951942593667,106022.68950313097,1.0613068660367968,0.00044858042007474324,0.021179717185900837,0.002267679741006546,-1.0061373862692273,-0.00961422701108088,0.10165179173378287,0.027825567240288025,-1.060688283177359,1.088513850417647,-5.377642775528102e-16,-10.379428734747552,107.82268853606564,1.0611108204898148,0.05752578018989275,26.361517508681064,247.1341882804863,15.720502163750568,66.92829174384241,108587.45365942575,0.09028774520884092,0.00031580031788430507,0.017770771448766796,0.3548675999044047,-0.647553786230454,-0.0005326461128693774,0.008830364167867314,0.010508668166201782,-0.08900103905123043,0.09950970721743221,3.469446951953614e-17,-9.397661125945678,94.72714918103127,0.09193463258000573,1.4772723439265396,26.635590863426163,243.35781616041433,15.599930004984456,13.110970459173526,107134.44065951486,1.0176808460584663,0.08451175010592707,0.290709047169033,-0.23642500240991499,-1.3977657000179493,0.013678447628949443,0.10109754405225808,0.9729789309126893,0.0,0.9729789309126893,4.527628272299467e-16,8.625627050413197,78.08069470620227,1.0602093383087638,7.428075545016874,26.58968742980891,241.88594476748955,15.552682880052867,15.45047506943424,105647.60127718412,4.9414214708044994,0.8745156566885444,0.9351554184671895,-0.0960259935750422,-1.1545527990446764,0.06877847726867475,0.4813083589539345,4.864894654563447,0.0,4.864894654563447,-1.7208456881689926e-15,9.433688979783476,92.9427666198421,5.052714840173286,64.3216415167552,26.908123906818602,240.63494548408065,15.5124126261546,-5.322905126077268,103665.32846791558,25.330984198168103,74.41135853833187,8.626201860513808,-0.19876092566199385,-0.20713191709341586,0.5955707547847703,2.5639884264291344,24.324473272817233,0.0,24.324473272817233,8.326672684688674e-15,7.783389465501251,68.93898880226148,27.35514662509207,9.62385423429654,26.609634565322377,240.0365038451958,15.493111496571494,-77.54903558716025,105310.4667745136,18.561031952283674,30.85946871012938,5.555129945386461,0.11253526495248625,-0.9660795815580957,-0.08910976142867168,1.859147664341607,5.5,-17.2,22.7,5.676015213396113e-15,-6.973381204212694,67.72319361967644,19.343009678954903,7.914971739147141,26.24250954781299,240.88690899960184,15.520531852987572,94.30915274550848,105727.14147826881,6.844734552385525,9.324210811198377,3.0535570751499597,0.10401744539110486,-0.4783922437142039,0.0732867753624735,0.7174793039394036,6.0,-2.386138613861386,8.386138613861386,8.243405957841787e-15,5.311481034050341,45.85570893022133,7.495060395129272,608.0,26.761076665165152,203.86716162206542,14.278205826435807,-455.6164953813823,83498.99854795662,478.5720028845581,79643.61583284054,282.2120051182099,0.5291697764459137,-0.33878626848823395,5.62962962962963,53.458116625973275,335.0,-156.0,491.0,5.577760475716786e-13,2.7314549348101127,16.38894058126357,558.6250978966126,169.0,26.381297271092073,190.91691734764962,13.81726880927087,285.56710144553784,76406.09721275202,404.3464280086885,43019.85504550353,207.4122827739561,0.6211591234254116,0.18858579868709036,1.5648148148148149,43.61304450381367,241.0,-241.0,482.0,5.346834086594754e-13,1.0264383823538914,23.119161832623835,453.53169679747856,0.0
0.2406891765656832,34.57658116750418,602.2072135485815,24.539910626336468,1793.069444018943,548106.0081680639,0.09944226167401161,0.002634828121870488,0.05133057687061863,0.36910761033589756,-0.44526686542017113,-0.001573131872978322,0.009017679798581051,0.004548492280271732,-0.06914337902641349,0.07369187130668522,3.855422925358454e-16,-6.548576960797979,43.41313916180961,0.1132270895344666,0.14131450075041488,37.62355967458157,661.833907584592,25.72613277553764,-170.20784877391034,611832.018942766,0.09869629158208042,0.0024615354700443107,0.049613863687928104,-0.16453852009676515,-1.1272269754941653,-0.0009236241879112084,0.00890132493002071,0.012278522673413646,-0.07583978916818399,0.08811831184159763,1.2793585635328952e-16,-7.798124529757208,64.82319448604166,0.11069444463926961,,,,,,,,,,,,0.00030420183177062523,0.00166410778871693,0.015556349186104046,0.0,0.015556349186104046,-4.2717565595928875e-17,7.503171442839195,60.729646320511215,0.02078775640912371,,,,,,,,,,,,0.0037876905206885437,0.01766489065512524,0.15556349186104046,0.0,0.15556349186104046,-6.36209834814494e-16,6.905614436592457,52.05788608436063,0.22200369177571116,,,,,,,,,,,,0.11225217118745516,0.5045478138622083,5.407952662514715,0.0,5.407952662514715,8.465450562766819e-16,8.24261915746176,81.30057763259737,6.351576655274221,,,,,,,,,,,,0.017845288145604817,0.36505625442624173,3.824,-1.1,4.9239999999999995,2.255140518769849e-16,7.3217131127502055,79.54894835790246,4.491242924170573,,,,,,,,,,,,0.00846231712420248,0.41767975915300637,2.536,-3.6623376623376624,6.1983376623376625,1.1600095883856909e-14,-3.182804243573808,48.46450760846487,5.133588101377117,456.0,37.4322105358933,433.9497965815542,20.831461700551746,620.1255501172127,364836.18189817615,553.0686550659291,55626.825941459094,235.85339925779974,0.6633228715227057,0.16501755081592404,2.980392156862745,48.4497543905003,478.0,-155.0,633.0,-6.359357485052897e-13,6.151952836622411,62.47863678455053,600.4231840960174,354.0,37.75880543114283,338.2872617250872,18.39258714061421,-730.3210332617001,251394.36504514908,689.438666705391,172686.6406409666,415.55582132965793,0.8631904819295639,-0.0296583060141799,2.3137254901960786,64.86672818934214,317.0,-287.0,604.0,1.6919798895287386e-13,0.662278355466423,14.21355917748964,802.8673613991292,0.0
3.4798809993569257,53.60034791688107,1044.1604348019885,32.313471413668765,2511.627976946483,1981421.2082642508,3.1638056319965897,0.040596467816094585,0.2014856516382608,-0.049226522707356425,-1.1724568765127616,0.015466137774919666,0.21087747586729783,3.158916076225094,-0.023187961247021074,3.182104037472115,1.2576745200831851e-14,14.827452062742754,221.3676910664707,3.1716580884945738,0.05708577944980082,57.683982091565895,1046.3124440964943,32.34675322341478,-979.4343807736874,2088765.4417351042,0.10301695292656189,0.0006458123923471509,0.02541283912409534,0.24024616850294003,0.1744780515763727,-0.00025371457533244796,0.007057940546831469,0.01638478650062248,-0.09937113560391359,0.11575592210453606,3.363195139050035e-16,-12.417152217528557,174.2226885304681,0.10593748895399292,0.2127361714006633,42.48761371613861,1652.3078039111322,40.64858919951752,33065.16294796754,4121950.12104749,0.030448568548161498,0.001002841817485022,0.03166767780379581,2.0834665291429073,5.147618719574223,0.0009454940951140594,0.0029222362493359355,0.02679996546771171,0.0,0.02679996546771171,-1.7564075194265172e-16,5.690354584502634,39.02524931507629,0.04607081886277285,3.42299874006635,38.68022153756354,1554.3462314346607,39.42519792511714,40285.37895490475,4172890.0336717744,0.43722405329773284,0.2523648050207008,0.5023592390119851,2.334441893515309,6.115163908589021,0.015213327733628218,0.044299908943490146,0.37519951654796396,0.0,0.37519951654796396,3.7088387916384136e-15,5.035326942420064,30.485478182107926,0.7025906606657736,55.90488360484346,35.006238455903436,1394.648097864194,37.34498758687963,42183.520980641035,3912754.6885571512,6.537236486132258,65.66916361513601,8.103651252067552,2.5272565508686036,6.914982967459207,0.24846614935486008,0.6925727435830482,5.252793231671496,0.0,5.252793231671496,-1.287303597052869e-13,4.477253409640608,23.442361021387963,11.03690614797063,31.654230824646955,34.62123730280961,1391.8481892881725,37.3074816797941,44002.43949535777,4009783.6341304006,4.657443791086175,35.01359956189098,5.917229044231005,2.3792865607491014,4.948805676227166,0.14068547033176423,0.5009029992944971,3.7142857142857144,-1.3529411764705883,5.067226890756302,1.7486012637846216e-14,4.153406977761991,22.6256920825774,7.804271180549529,34.96260157095464,38.28566612678591,1376.0742799726743,37.09547519540185,31031.53089796643,3501183.615946378,5.51207614229607,38.26136368539301,6.185577069715728,3.133672203852813,9.610852300090219,0.1553893403153539,0.5511170922038405,3.3125,-0.23529411764705882,3.547794117647059,9.08162434143378e-14,3.9081505588364616,15.633354390319521,8.58906727710538,528.0,33.36729711002461,1275.5763895904583,35.715212299389435,39056.39087897444,3478407.350706582,75.05749370392013,9327.827996028846,96.58068127751453,2.499102429502428,5.474748188432068,2.3466666666666667,8.13632731779038,55.0,-23.0,78.0,-4.085620730620576e-14,3.7869638605980285,18.29800369330483,127.0196835140129,580.0,37.958329033529566,1302.014796691799,36.08344214029198,28292.87065070756,3222626.6494735735,92.14028367249546,10015.302053323487,100.07648101988542,3.2279830789833364,10.16023909902174,2.577777777777778,9.048729533632876,56.0,-4.0,60.0,-9.316991622654314e-13,3.8295089366981934,14.827567695903973,141.1311446846514,0.0
16.24084118243895,143.48563866774225,6623.932139604057,81.38754290187201,-25876.31018319516,79098192.88607825,17.50522766757568,0.4730990072777037,0.6878219299191497,0.09591654421494825,-1.1133198828101571,0.02874485165033441,0.7363662253448189,17.48563565006367,-0.9852273373172185,18.47086298738089,2.545880173343562e-14,23.639428395959694,561.0104762756259,17.51655612966234,1.711265916447473,139.2910791744447,6711.296404248681,81.922502429117,7922.697879770074,83819570.59243658,1.041616328735487,0.12579729373794302,0.35467914195501127,-0.24268779189742282,-1.0934740663919331,0.003028789232650395,0.04625093022099129,0.972000839962237,-0.046462081203957804,1.0184629211661949,4.367166350771612e-15,18.529076434596263,364.82049114623834,1.1017268229671986,1.0532513531354784,135.61597493679187,6803.8091644222295,82.48520573061711,35458.110444338134,82246001.29176804,0.3895940819509304,0.0026952834241123253,0.05191611911643941,2.6974999318429496,15.40175558561394,0.0018641616869654483,0.0165205915091102,0.3866990209613932,0.0,0.3866990209613932,-2.9945664004049632e-15,22.46217129524696,522.7982363953267,0.39518204548335656,13.783809514210411,129.32435469426602,7023.984599964228,83.8092154835268,85823.49828072166,86872238.03163823,3.185076416770428,0.7601675231709428,0.8718758645420476,2.7998643040480062,13.721650008685819,0.024396123034000742,0.1388038574895853,3.0935921676911455,0.0,3.0935921676911455,-2.1212198664244397e-14,19.404302132109173,424.40914714000803,3.349903005355494,209.17817866286768,116.43980697630748,7687.837036650905,87.68031156793927,238071.51764939452,103209714.07958879,27.50866808722464,270.49429334324304,16.446710715010557,2.4390340913746376,9.304777211589105,0.3702268648900314,1.3471720776292821,24.748737341529164,0.0,24.748737341529164,2.532418719169982e-13,11.710091939994937,193.3202998014042,33.209131336126795,28.435346330722815,111.28907015975057,6490.773555861997,80.56533718580216,208518.51637979015,82300267.66358642,20.544104509788834,128.9070398152277,11.35372361013019,1.8993505746798776,4.483640401222186,0.05032804660304921,0.9866292904836524,17.5,-3.6666666666666665,21.166666666666668,8.323897127127111e-14,10.503564776783278,177.08472129706956,23.482401965089927,9.668189235586118,108.37109438919872,6826.845374123665,82.62472616670911,253794.5111294972,90822655.93882118,15.234305271642311,98.9634588340016,9.948037938910446,2.0821463586294935,5.5022767833319515,-0.017111839355019663,0.7647795577309899,4.35,-12.125,16.475,2.6922908347160046e-14,-6.8298108455894155,118.00845341893526,18.18315241199017,530.0,136.10846104290488,6594.791675570808,81.20832269891312,34745.88134712837,78847749.51870188,714.583182633424,107884.42119677714,328.4576398818836,-0.23731100249248308,-0.9120850072526221,0.9380530973451328,33.057173102893984,575.0,-448.0,1023.0,2.0607959783092156e-12,5.063049231606955,220.97933325948298,786.0763321713738,686.0,137.20452444979304,6762.420335841809,82.23393664322418,19982.330651465003,81769076.43179446,670.365889423615,42547.34734693077,206.27008349959712,0.2681245539992463,0.38271174747336645,1.2141592920353983,29.481270092044973,632.0,-97.0,729.0,1.000532989792191e-12,17.75001040051984,374.44532272001965,701.3558298039591,0.0
0.007812755377283792,24.003720154035104,180.95541571593188,13.451966983156474,-330.8780351865888,61312.355011948996,0.01417154772884153,2.3344480198220636e-05,0.004831612587762044,0.2780607166698594,0.12142936219748986,8.138286851337288e-05,0.0015266169795422932,0.01353577468928593,-0.0032238596848784334,0.016759634374164365,-4.3178351519235214e-17,7.193167934567148,63.61876066432695,0.014978969492504261,0.11604823079157855,18.21306168377479,202.8227505297036,14.241585253394497,1289.4880403939358,79498.37554859594,0.015044604383898819,0.00015368090930766425,0.01239681044896889,4.067620241210325,21.021670872212663,0.0012088357374122765,0.00198591955794442,0.008607018766413356,-0.001695992429486752,0.010303011195900108,2.8189256484623115e-17,1.4768040961253868,1.9418082908013168,0.02277927548769802,0.1230504552853136,22.422469948866222,198.55175178151362,14.090839285915996,-91.48973170870165,68124.81410605327,0.0401391939106889,0.00046192957763777905,0.02149254702537089,0.21255780299322058,-0.35566521403919693,0.0012817755758886833,0.004646958763079633,0.033941125496954286,0.0,0.033941125496954286,2.949029909160572e-17,5.938415734874684,37.40233950200275,0.047231014596130654,1.3962471706990323,19.44117250919151,208.81014598319456,14.450264564470595,480.0738564097686,70222.21963284811,0.2693288094577578,0.044730110024860194,0.21149494089660914,1.7641370957723082,3.537235789068029,0.014544241361448247,0.034949043204879314,0.20203050891044216,0.0,0.20203050891044216,5.204170427930421e-17,3.4095902347375033,12.751814497129724,0.370897796516496,21.32325462498121,17.25917983167095,200.2287457771436,14.150220697117893,1391.518994633369,78949.52864352855,3.623208772177117,8.649863521297448,2.941065031803521,2.4454294636075296,6.184249199667651,0.22211723567688765,0.47586293955503917,2.3084956679913757,0.0,2.3084956679913757,-5.2735593669694936e-15,2.685439340325182,7.0253998605522,5.145389581767708,13.945133289483135,16.73706295326158,194.12080192140235,13.932724138566813,1597.712409459537,79310.04677945151,2.6376964063942285,4.256642825280527,2.0631633055288003,2.244604385164702,5.517009942300568,0.14526180509878261,0.34174524106824933,1.6323529411764706,-0.5,2.1323529411764706,-4.440892098500626e-15,2.580001223299804,6.919427132397628,3.63833986511456,11.444321446527328,23.529204661883984,192.04095368447167,13.857884170553298,-16.896895281063536,66646.55710865444,9.76780565691125,0.11140592953926672,0.3337752680161709,-0.1846532526390451,-0.42601700133336173,0.11921168173465962,0.9921021050220169,9.779411764705882,0.0,9.779411764705882,-6.716849298982197e-15,9.76841165079301,95.60650934073226,9.79049994319535,326.0,22.44946209235242,204.00037303520827,14.28286991592405,195.99068857406112,74629.8378850097,116.79274012359144,1221.7891877565671,34.95410115789801,0.9239432506164738,2.9259890725708835,3.3958333333333335,12.37308837648152,111.0,-8.0,119.0,2.398081733190338e-14,7.1751605412686885,60.149522683603344,125.71396103854178,697.0,23.510988713353957,191.95343623061717,13.85472613336753,-4.1892560981660845,66359.74582901888,664.7853781458158,54.90100352462206,7.409521140034763,-0.3287982801268395,-0.27377415285464,7.260416666666667,67.49046920239724,665.0,0.0,665.0,2.682298827494378e-13,9.794503051934987,95.9541367462102,665.0842051951016,0.0
0.31674274375573536,51.0358497085842,1730.9792661611782,41.60503895156425,24829.429607154318,4544356.532689494,0.10703296503454503,0.0048405247148620234,0.06957387954442402,0.8648456398523525,-0.282254868935689,0.001308854313040229,0.008198414115655108,0.08127042770669504,-0.006159313712384992,0.08742974141908004,-3.3133218391157016e-16,7.5652162075648155,61.4722692976424,0.1291524550952786,0.12576419805529027,57.94282765224298,1598.519285564198,39.9814867853135,4634.232449042641,3947414.386274179,0.026091735319540017,0.00022958227777935094,0.015151972735566512,1.0690135258663453,1.2146727498505576,0.0005196867688235132,0.0019322617429690754,0.00863474978087612,-0.009169728652945155,0.017804478433821276,4.2500725161431774e-17,-0.9066381131131934,8.625144871076493,0.03112712269082659,,,,,,,,,,,,0.0008093525494893584,0.0019659412216316463,0.019641855032959656,0.0,0.019641855032959656,9.432558900623889e-18,5.380125838702719,40.113654130434696,0.03293621630828453,,,,,,,,,,,,0.011400702628120566,0.023335340206787937,0.1663780661615406,0.0,0.1663780661615406,-4.5102810375396984e-17,3.4219513930617436,14.52110852269943,0.4023473493332948,,,,,,,,,,,,0.1770625879391511,0.3670653004464234,2.8284271247461903,0.0,2.8284271247461903,-1.1657341758564144e-15,3.6835034390461296,17.482578751506594,6.313568148162166,,,,,,,,,,,,0.04557529673308871,0.28454690254412784,1.125,-2.0,3.125,-4.624772786954168e-14,-2.5067731745842323,18.658655875713954,4.464366851048861,,,,,,,,,,,,-0.009674691840239582,0.0926889759283985,0.4375,-0.47058823529411764,0.9080882352941176,1.2372047830666588e-14,-1.1188902751380119,9.989244834692167,1.4437323231839507,172.0,31.148056764518515,1138.7206460785906,33.74493511741563,45246.0202604892,3958155.1378005487,44.90422806582859,3327.3623679277543,57.68329366400426,2.5733085636902824,6.804844724292579,0.7107438016528925,4.699108437556653,18.0,-34.0,52.0,6.20503648463e-13,-2.6137094188209993,19.6419862040038,73.93240155709809,38.0,39.00576923258149,1264.499238374091,35.559798064304175,32024.886159373575,3580933.6778238006,16.071506632160215,265.7562613492896,16.302032430015885,2.967631446599983,9.842209746609301,-0.15702479338842976,1.4715386025821464,7.0,-8.0,15.0,1.1074474670635936e-13,-0.916301132314907,9.431893577913106,23.021728866442675,0.0
202.69521451382724,101.32686465474995,4411.109722103074,66.41618569372284,100501.89910389396,39717090.78555496,181.5810729996635,3591.2995497854595,59.927452388579475,-0.16573999133950632,-0.8456155251218525,-0.41621193945344404,8.655855529832305,43.192489543109765,-169.63047573339534,212.8229652765051,-1.4510614931850796e-12,-16.52736341850296,313.7455849625132,191.23878213014876,0.22277455267145552,133.75079335325265,4780.15489084823,69.13866422522372,-74336.80486540553,43339524.0421938,1.1251441079816198,0.2861720699282533,0.5349505303560819,0.27312597729958304,-0.5779589562314867,0.0004574426132884099,0.05639648120936425,0.7453558609101507,-0.7142891393956209,1.4596450003057715,-1.1102230246251565e-16,-0.31692459031670456,129.66446774455042,1.2446028012045667,,,,,,,,,,,,inf,,inf,0.0,inf,-inf,,,inf,,,,,,,,,,,,inf,,inf,-8.273852077710162e-05,inf,-inf,,,inf,,,,,,,,,,,,inf,,inf,0.0,inf,-inf,,,inf,,,,,,,,,,,,,,inf,-inf,inf,0.0,,,inf,,,,,,,,,,,,-0.016765809970174492,0.5335336217764315,3.235294117647059,-2.5,5.735294117647059,-9.120482147295661e-14,1.4758546293883603,11.5024685185454,11.5601251385299,79.0,114.8721297374627,5190.402277815345,72.04444654388945,28311.292383429256,47065331.05273207,343.9597986012712,11977.368880329317,109.44116629645957,1.5221916280417114,5.372380471739455,0.162217659137577,16.339455076814673,34.0,-315.0,349.0,-1.127986593019159e-12,-14.828156085078344,284.84442867291455,360.5981142490903,4.0,97.9431928553662,5491.856153395222,74.10705872853963,149575.2176866157,53709092.58797448,193.58753520141346,14903.388848386368,122.07943663199944,2.1616882121605023,5.7961630338900045,0.008213552361396304,10.36024298924904,136.0,-38.0,174.0,2.814637412029697e-12,5.586532808356504,65.22945810073412,228.6307065990918,0.0
2.8183869601609826,102.09029346237192,4679.452043963226,68.40652047841073,99749.0051257306,41608003.89901639,1.9929557173398638,0.259150904238314,0.5090686635792012,0.47458168685779806,-0.9724227705472634,-0.005908568050651955,0.09408227504130898,0.08050107096259218,-1.980506452946233,2.0610075239088252,-8.552186736565659e-16,-19.690484129991663,409.11299914368595,2.05883606842594,0.26899430749066133,138.47362904848399,5268.592143551256,72.58506832366596,-183035.890056217,53548421.58536712,0.1945500017610099,0.00870148274389269,0.09328173853382392,0.1349761986101879,-0.9625448052445582,0.0005639293658085147,0.009868484698256259,0.16286048326553265,-0.05880871824787847,0.22166920151341113,1.5352302762394743e-16,8.63992627921537,161.62592969561655,0.21588257950463238,,,,,,,,,,,,0.04111726136844065,0.7352981656647298,15.608727466191937,0.0,15.608727466191937,-2.854660952067434e-14,20.63702604122495,435.1609346902679,15.863551494798854,,,,,,,,,,,,0.12299532190316094,2.174891574474099,46.82618239857581,0.0,46.82618239857581,-1.0949574580365606e-13,21.414022520455408,460.2285091332007,46.923453425838765,,,,,,,,,,,,0.5719112758207756,6.5502804809535835,140.47854719572743,0.0,140.47854719572743,-9.57012247226885e-13,21.076990811523025,450.39556479310704,141.6341455842119,,,,,,,,,,,,0.27056037445675807,4.641489580626062,99.33333333333333,-5.25,104.58333333333333,-2.717825964282383e-13,21.021718232399564,449.0422354920545,100.15046479015894,,,,,,,,,,,,0.08510742856401865,4.048430979753663,67.33333333333333,-54.0,121.33333333333333,5.516698209362403e-13,4.770447128355103,232.27674928305782,87.22513981595547,533.0,118.66978901151839,4859.465668985859,69.70986780209714,-12956.873321094225,41336066.09770541,579.795789098529,73130.32613689154,270.42619351107896,0.33125475842719443,-0.6496041227572061,1.1174004192872118,29.26189935443656,399.0,-319.0,718.0,6.390443729742401e-13,4.530787751544107,123.5962610220562,639.5553142614015,473.0,116.97720717484394,4768.465484875384,69.05407652612107,5474.488802765166,40357410.66120288,820.301718031216,136173.217445456,369.0165544328005,0.06625505130431644,-0.7530870281708596,0.9916142557651991,41.14126521224394,508.0,-648.0,1156.0,6.511458039426543e-12,-3.7300758509433765,180.34179715550516,898.7997552291612,0.0
0.26805505395476803,15.002584464420584,78.21917020311768,8.844160231651035,-59.021073848526946,11157.743568932357,0.17328036221495646,0.0017360535692135517,0.04166597615817433,-0.04262606759919206,-0.49878552507074875,0.004323468612173678,0.022431106965714754,0.16607619125291825,-0.012730988885010229,0.17880718013792848,-8.673617379884035e-18,6.386043788826219,44.60882314627665,0.1798735953773173,0.11925829385971172,11.420020087855134,73.42232735325933,8.568682941576222,239.2623868311513,10241.331701125286,0.03599356730279835,0.0006258225336669472,0.025016445264404517,1.4434923279673288,2.176822546464341,-0.0019235208687050282,0.0055668333299649184,0.01942874255279916,-0.017325281216041717,0.03675402376884088,2.992397996059992e-17,-0.5769256881866001,4.849773815788954,0.04637621247006949,0.06345252003187843,10.581426090801399,60.84517089705047,7.80033146071694,242.1002003940699,8616.303113161763,0.02434836117087478,0.00018577327987493524,0.013629867199460721,0.2800806334566868,-0.7438794097873094,0.0010234277424496523,0.0035432954536711663,0.020187872039886406,0.0,0.020187872039886406,1.452830911130576e-17,4.620397186316452,21.57119386791287,0.02904041175660883,0.9435220132991247,9.572286139825179,61.846857698828835,7.864277315737844,402.0994486746865,11288.039224074928,0.28377686845809996,0.039460580460267104,0.19864687377421048,0.7050654161504982,-0.2345056380249893,0.01521809698869556,0.043930841987698824,0.2343075724641814,0.0,0.2343075724641814,-5.585809592645319e-16,4.056227917799166,16.969006267347773,0.36607865265505635,23.336822846196398,12.947832926921254,91.85260357132545,9.583976396638581,249.1826212460293,14307.795496684146,8.021469061883154,13.548349332417503,3.680808244450871,0.9835097720998659,0.800620629075092,0.37640036848703895,1.116836108857775,7.761730249303499,0.0,7.761730249303499,-4.884981308350689e-15,5.1599435097959745,31.210871127961383,9.279978887348657,1.7112295814753655,16.02944837946306,61.13040822276532,7.818593749694719,-17.004334664858682,7625.411555378955,6.281655847977761,3.883191319581292,1.9705814673799438,-0.6393941841534453,-0.6695663285015634,0.027600477120570406,0.8329095265307004,5.488372093023256,-2.1538461538461537,7.64221824686941,-5.065392549852277e-16,4.2138717152489535,30.58380379380141,6.561936000512227,0.7286156365012453,12.433273313936962,87.9719019740406,9.379333770265381,365.23328369082617,14779.226381024006,1.8289710560980437,1.1308993826223428,1.0634375311330435,0.5360906979444154,-0.5121652893927487,-0.011751865104858799,0.26526334331104867,1.058139534883721,-1.1538461538461537,2.2119856887298748,-1.863093013199091e-15,-0.1501476019896944,10.334349599940577,2.090734405312133,696.0,15.102160959873215,72.60655857504243,8.520948220417868,-45.771110381167034,9949.866626316383,532.5101476420172,19379.394271180303,139.20989286390642,-0.490186301195672,-0.7912358100159941,11.225806451612904,69.79611306185454,472.0,-92.0,564.0,-5.471179065352771e-13,5.468147256391133,33.04995783303536,556.6381230206929,129.0,14.665508894425924,78.70122832461848,8.871371276449796,71.81173670069238,10954.028747460925,101.9719285577239,1453.6290120249066,38.12648701395011,0.39835914893300517,-0.6043445757835582,2.0806451612903225,13.701069403866745,91.0,-15.0,106.0,4.1744385725905886e-14,5.100193744409648,30.12060413198465,109.11920087683927,0.0
0.130544264560612,5.100200946219444,10.033524491270654,3.1675739125189573,-1.502151580250922,157.883016201764,0.14548645201945523,4.9292020845499936e-05,0.007020827646759315,0.19740109806488684,-0.8068189239544494,0.005675837589591825,0.029703741794716562,0.14450566848297747,-0.009590739342958203,0.15409640782593567,-1.9081958235744878e-17,4.738480929821497,22.632249761753094,0.14503148074078315,0.031166245582439363,4.995184880928556,10.153574410829437,3.1864673873789195,-1.5768968917411403,37.15407536057105,0.020432313980541548,1.3451474233813991e-05,0.003667625149032271,-0.5560640064249068,-0.7191989547904049,0.001355054155758233,0.004233380813059111,0.020075919148271133,-0.002834501781905135,0.022910420930176267,-4.119968255444917e-18,3.926193279132375,17.56000855167847,0.021317287634418633,0.03608024549985793,4.677328458689601,12.419171209994484,3.5240844498953887,6.059016695109435,73.86942029724428,0.018632804848372406,3.722036751032646e-05,0.006100849736743764,0.0013995935401152374,-0.9316956977633695,0.0015687063260807796,0.003998307592965277,0.018086514963047542,0.0,0.018086514963047542,-4.7704895589362195e-18,3.5493105718113056,13.139428911197252,0.020598251681765177,0.8555841604489253,4.799236321863882,11.039218305110461,3.322531911827253,3.0098557652127473,196.425432865545,0.5559286611006216,0.007131603457849688,0.0844488215302599,0.30676589331726667,-1.0395953967570903,0.03719931132386631,0.11467173625134901,0.5606819638544738,0.0,0.5606819638544738,4.163336342344337e-17,4.42475291265217,20.301954719142287,0.5781592382129549,24.554587524024626,4.900171335349362,10.297698936578639,3.2090027947290167,1.2639891338740479,182.7494156611286,17.179736627089948,3.5002119501705526,1.8708853385952204,0.14747827715880452,-1.0023679618742463,1.0675907619141143,3.524196237736866,17.381140879488687,0.0,17.381140879488687,-5.88418203051333e-15,4.601809556309864,21.646322687192217,17.659935181394918,10.847426014207949,5.144825739902925,9.404195933678789,3.066626148339375,-1.1513867336909205,163.0405398502861,12.470455280098975,2.163946056760168,1.4710357088664325,-0.09982808716065471,-1.0184446319452982,0.47162721800904134,2.560746443077598,12.290322580645162,-1.0769230769230769,13.367245657568239,-1.3322676295501878e-15,4.5543998064539535,21.36094759607502,12.487459922079228,8.37368023356738,5.019954406027041,9.934713937213157,3.151938123950589,-0.023316816476076727,175.80022458302983,9.270447945708376,0.057337379190443724,0.23945224824679287,-0.389362993584273,-1.0398096092728961,0.36407305363336445,1.8911633804797416,9.225806451612904,-0.28421052631578947,9.510016977928693,-5.551115123125783e-17,4.780443805528813,22.89823104476509,9.236238777832572,340.0,5.08694783284534,9.399879606084628,3.0659223092056047,0.6129496283103872,161.86548070853783,413.65628529633074,21201.84127120422,145.60852059960027,-0.08213269292421609,-0.7905529912668097,14.782608695652174,89.43103075979793,381.0,-147.0,528.0,-1.4210854715202004e-13,3.064481182941704,12.761430601040908,434.7159992454844,275.0,5.011654008340897,9.9409745112681,3.1529310984016288,-0.33639770324002594,176.5621029485539,287.90766609883605,740.2667106120198,27.20784281438019,-0.03670185216558219,-0.7369169484312811,11.956521739130435,58.974923381906166,286.0,-27.0,313.0,-5.3290705182007514e-14,4.651141444905113,22.039666267259193,288.5879415360247,0.0
0.07616026627952613,8.953887891462893,32.12746419091545,5.668109401812517,-0.6161886310738005,1693.3299789842454,0.059318656241755606,5.688057182592746e-05,0.007541920963914131,-0.588268293340618,-0.27528863373871987,-0.00200421753367174,0.00958522020899846,0.0006942327143486215,-0.059281384261579965,0.05997561697592859,-1.3010426069826053e-17,-5.8510861773902025,35.178616768974535,0.06036511166506899,0.015973739657647704,7.260731490753284,25.443845175680593,5.044189248598886,65.72430377732044,1291.7933992105925,0.01893207494933,0.00011706916857701093,0.010819850672583745,0.9982653089141834,0.06956264779642696,0.0004203615699380975,0.0035150814139161108,0.012355220788458783,-0.006312290286566159,0.018667511075024942,-5.963111948670274e-19,1.6794221741201782,5.443258491294937,0.021822810209633718,0.5212768280079828,8.209372201881877,28.848449744681073,5.371075287564034,35.2694598663605,1552.422689641393,0.29721127890652577,0.008464907441653903,0.09200493161594059,0.28700174086035907,-0.939478491751306,0.013717811263367963,0.049891479265128914,0.2872621298570349,0.0,0.2872621298570349,2.0296264668928643e-16,4.759531639696677,24.50638696483382,0.3189652737627822,2.7726380741395276,7.508793488464661,26.401961543434133,5.13828391035705,51.63157451516825,1430.7598592511556,1.2255568697544665,0.2961571067379487,0.5442031851596871,0.5035811820750359,-0.8641105144267021,0.07296415984577703,0.21642498543602648,1.1490485194281397,0.0,1.1490485194281397,3.7470027081099033e-16,3.8980246259172295,16.43968523196176,1.4079114431786564,23.756718998017153,7.156444812689482,28.662874165058124,5.353771956766381,86.2606708362121,1796.6662188416888,6.320996776821595,14.544538695792452,3.8137302861886355,1.156293137600735,0.0674756688083221,0.6251768157372939,1.1873960329626851,4.596194077712559,0.0,4.596194077712559,-8.881784197001252e-15,2.139528073023941,3.5094423658850484,8.272164458059079,3.1290305915029486,8.422911883305868,28.48131203772905,5.3367885509666815,34.90570357546742,1570.5611052350084,5.504586959880882,4.728833894148385,2.1745882125470066,-0.1693309309197865,-1.2682994973043236,-0.08234291030270918,0.9453027769653233,2.6184210526315788,-3.25,5.868421052631579,2.942091015256665e-15,-0.9934767523721051,4.844034272567837,5.849303583383916,5.749692811733944,8.705843267638281,29.982004721914425,5.475582592009221,-6.378495318838127,1561.1130369868997,2.0121708598272363,0.3179808040391259,0.5638978666736787,-0.35409688456240895,-0.06282707186814825,0.1513077055719459,0.33824553126297446,1.9591836734693877,-0.39473684210526316,2.353920515574651,6.106226635438361e-16,4.002421694474505,21.66655668260607,2.2841966476253974,606.0,9.537276511348866,29.430769893131554,5.425013354189237,-3.686290892392097,1674.7553047693837,341.1693244053399,23176.018400593523,152.23671830604312,0.22504958861656849,-1.240607283296986,15.947368421052632,58.24808439064807,236.0,-17.0,253.0,2.6645352591003757e-14,3.250161305247243,9.247744675272376,372.2794649184937,265.0,8.845102291492417,29.384086792941837,5.420709067358424,-0.7860745188602802,1529.6567084965204,291.3196796093121,2564.475851275081,50.640654135537005,-0.16129299341023218,-0.77748417853099,6.973684210526316,47.71929260190884,288.0,-65.0,353.0,-1.7141843500212417e-13,5.490024871104076,33.158892095697624,297.28605752708955,0.0
30.361579841768922,53.16606792846894,972.1492622603114,31.179308238963728,427.64403219953164,1701174.11436234,31.844639146520908,2.787564373385441,1.6696000639031614,-0.02351692608231946,-0.9342886347202728,0.1399151144781978,2.1597305006603063,31.794083651003465,-2.136994876731682,33.931078527735146,1.1601830607332886e-14,14.604298187936056,214.59623900209832,31.881509064330466,1.4849713435152392,53.709152469662605,974.0537094408064,31.209833537537595,-244.30131798298493,1711584.155182337,0.8233029277873842,0.03012399238117886,0.1735626468488507,-0.17189794330651273,-0.1153723907754267,-0.0068431859148167734,0.056986102802540385,0.07878428485364215,-0.8089139460894516,0.8876982309430937,4.206704429243757e-16,-13.031937620769243,182.37492854766367,0.8454887273173769,0.25438401155538326,52.917823542767856,974.2417805499529,31.212846402562406,730.6137413085818,1707723.2814851056,0.19872770193195516,4.606347041523066e-05,0.006787007471281482,0.3459768562369787,-0.37256630295813375,0.0011722765509464663,0.013467242507588939,0.1988737822087165,0.0,0.1988737822087165,-6.743737512859838e-17,14.680714552347455,215.99803689129146,0.1991350424114597,1.6773178825698807,51.98630930402661,981.5451938602874,31.329621668004346,1920.4734470523047,1733709.531116142,0.795745714407528,0.008043567567709718,0.08968593851719298,0.47825063953269836,0.06407497464856006,0.0077295754957137355,0.05423535153492381,0.795495128834866,0.0,0.795495128834866,-3.7383290907300193e-16,14.22777585933255,206.8870015166421,0.8070097108963251,19.505530842093254,48.48810077324704,988.3425846437876,31.43791635340656,6758.092558114931,1811358.7595753826,3.4644731679454273,2.1696630504239613,1.4729776136873096,0.33366759765673976,-0.27619033175804747,0.08988723890365562,0.25496839536822014,3.181980515339464,0.0,3.181980515339464,-2.0136670109138777e-14,8.811303509120954,100.64945504736683,3.9824899049335643,5.450012251937702,51.06225093864565,906.7608411917089,30.11246986203073,3725.8930986601686,1557585.1251421853,2.5914182903102687,1.1138654594978827,1.0553982468707643,0.015982934695533375,-0.8394424947679582,-0.02511526383381429,0.18950863489493505,0.449438202247191,-2.25,2.699438202247191,1.6306400674181987e-16,-7.841746748027133,88.54778417426414,2.8160456177854924,3.8927155024601685,39.2776256375164,942.213817158139,30.695501578539794,18347.172688212107,1860724.25803749,7.5241170738,40.68730752956726,6.3786603240466775,2.3061453034641604,5.2145222253281345,-0.017938781117327954,0.6680712309484191,2.0,-4.5,6.5,-3.094746681142624e-15,-1.5763769078148973,10.13182525638991,9.844850957688172,142.0,53.512715816157176,991.633652808937,31.490215191531114,-199.2877293207995,1757636.050133278,122.58303685635013,1245.4638898895196,35.29113047055194,-0.1914967109811758,-0.5732046730589976,-0.6543778801843319,8.63949732414384,40.0,-117.0,157.0,-3.934630399271555e-13,-10.8531583775773,154.43660483517172,127.63228431709588,117.0,48.826306699552575,1021.330411852736,31.95826046349732,5838.428329730877,1815281.4064816176,226.19009131489926,14661.292590957564,121.08382464622417,0.8356022952775732,0.505290947598748,0.5391705069124424,17.376279855483727,156.0,-116.0,272.0,-6.974421040695233e-13,2.0720964473099643,38.379488563009566,256.09178042256644,0.0
1.0612508980968676,85.3867240685806,2459.3784305990553,49.59212065035186,-1794.3825998586756,10847409.140061293,0.4526523684489904,0.03860242782768707,0.1964750056055148,0.13903091461202305,-0.7871189661831325,0.003067199127447593,0.02652800471016487,0.3783001274577988,-0.03037005137864459,0.40867017883644335,1.005705935197554e-15,10.931813889975984,134.71400532970023,0.49673674069764767,0.4132772911064848,82.9185470505778,2877.8454488514085,53.645553859116866,-705.9167337442817,13596590.070087641,0.10584636191673086,0.00376106457873467,0.061327518935096914,1.197940093353392,2.891232926634649,0.0011944430378800135,0.0065726953100889145,0.0584519745628148,-0.015325546519773067,0.07377752108258787,1.5959455978986625e-16,4.301391938024127,26.423159174113138,0.12426161178039528,,,,,,,,,,,,inf,,inf,0.0,inf,-inf,,,inf,,,,,,,,,,,,inf,,inf,0.0,inf,-inf,,,inf,,,,,,,,,,,,inf,,inf,0.0,inf,-inf,,,inf,,,,,,,,,,,,inf,,inf,-7.45945945945946,inf,-inf,,,inf,,,,,,,,,,,,inf,,inf,-2.2941176470588234,inf,-inf,,,inf,460.0,84.47885405876191,2659.230468068681,51.56772700118439,3709.578042334164,12376164.812567504,347.1791386543852,25977.246839268522,161.1745849669498,0.22302587876605567,-0.4170514825498165,1.329479768786127,20.459493274450363,154.0,-276.0,430.0,-3.907985046680551e-13,-4.601856797699716,114.17325513470584,381.3712102401019,200.0,72.37880856549302,3048.837308138089,55.216277565026864,47950.95924823867,15261287.460253308,219.02090270023325,22269.335509854736,149.22913760340083,2.1770177813088085,7.330237556032953,-0.5780346820809249,14.247441009819125,135.0,-60.0,195.0,1.7053025658242404e-13,3.8078046601140243,34.35099332798403,265.2357441974969,0.0
0.0,0.0,0.0,0.0,0.0,0.0,0.0,0.0,0.0,0.0,0.0,0.0,0.0,0.0,0.0,0.0,0.0,0.0,0.0,0.0,0.11068131692777972,83.59333410339231,3035.4468060770346,55.094889110307086,-15634.163832953836,14606567.549407197,0.01204186691892798,0.000109905888006919,0.01048360090841496,2.735784306438714,9.110529404726227,0.0003416090028635177,0.00088697026191313,0.0042089348113948126,-0.005422471718856839,0.009631406530251652,1.218643241873707e-16,0.9098610795398898,7.851032043291664,0.017108646874000034,,,,,,,,,,,,0.005002286556885072,0.08275252750478074,1.4142135623730951,0.0,1.4142135623730951,6.435824095873954e-16,17.058229198463327,290.98874370062003,1.4142291436167498,,,,,,,,,,,,0.007394043605791704,0.08285802223045405,1.4142135623730951,0.0,1.4142135623730951,-2.3158558404290375e-15,16.907268681226675,287.51362806708863,1.4190687104847846,,,,,,,,,,,,0.061927918151177375,0.27735176867308564,4.1701169146898955,0.0,4.1701169146898955,1.4876988529977098e-14,11.845311691167323,167.73879602448733,4.847771607047386,,,,,,,,,,,,0.04378965086946294,0.19611731640282154,2.948717948717949,0.0,2.948717948717949,8.590350653037149e-15,11.845311691167321,167.73879602448733,3.427892176986814,,,,,,,,,,,,0.019922751653378132,0.3001565345074211,5.119658119658119,-0.125,5.244658119658119,5.037636974236648e-15,16.94078003983305,288.30692868057776,5.131553431575631,515.0,80.59697248228618,2188.3260203367654,46.77954703005113,-32.94557549215248,8610966.908665655,345.1430326879511,487.06476474180397,22.069543827224976,0.8357470789500533,3.881954925950891,1.5895061728395061,19.18947148322524,345.0,0.0,345.0,7.678302438307583e-13,17.777055374965357,318.4798811634847,346.59342174946136,608.0,80.51588586496857,2186.595454357503,46.7610463351442,1.638490018713137,8602804.282615587,599.071783318433,29.294727969065093,5.412460435796746,0.013421334592272731,9.705938751549967,1.876543209876543,33.22663765383121,599.0,-2.0,601.0,3.2729374765949615e-13,17.997057006052735,323.92915275049336,599.0325533725191,0.0
14.53371310665717,60.13754391348174,1257.6269861399942,35.463036899566205,1452.2893078812294,2852148.8987955204,11.689521452382685,0.7779057558081374,0.8819896574269663,-0.023812969148250644,-0.2255847865423064,0.05884094375164844,0.7443891331931602,11.666493524219215,-0.09424543580398735,11.760738960023202,-3.7067571234672414e-14,15.453486691103699,241.26640252025263,11.735485812465555,0.10429797001681006,62.52281660375578,1233.2107775284571,35.117100927161644,-2399.3113302741235,2787588.664226713,0.19152423105560745,0.004487252868766813,0.06698696043833317,-0.05775507449963835,-0.1438979355986741,0.0004222589879223083,0.012884115806981324,0.17888077740389158,-0.021397338726346506,0.20027811613023808,-9.400032835449323e-17,11.112887883536194,150.35645757485136,0.20259849324909932,,,,,,,,,,,,0.0006196546879003541,0.002723655906738873,0.0403144779685236,0.0,0.0403144779685236,-3.230922474006803e-17,12.833930799786256,184.5396972034349,0.04381049262351905,,,,,,,,,,,,0.010822124307816905,0.05565448184839518,0.8466040373389957,0.0,0.8466040373389957,-1.925543058334256e-15,13.9269170490674,208.1100031877438,0.8892563028674031,,,,,,,,,,,,0.19502273829687228,1.1520231343480825,17.77868478411891,0.0,17.77868478411891,-2.892130979148533e-14,14.575989819256883,222.1867067400134,18.325856813513266,,,,,,,,,,,,0.11239908443261479,0.8185120836503882,12.571428571428571,-0.23529411764705882,12.80672268907563,-3.1002977962657496e-14,14.45851594385547,219.73858938505072,12.958337623888927,,,,,,,,,,,,0.1558118215558283,2.683718539946519,42.04761904761905,-2.1864406779661016,44.234059725585155,-7.893685705084863e-14,15.551653965848175,243.2866875079506,42.16336254671545,537.0,58.45164248983637,1270.4825390869555,35.64382890609475,3934.595335970382,2911132.092182474,265.61255326347066,1555.4105732501869,39.43869385831872,2.0643297888859493,7.925257429494369,2.174089068825911,17.05118683107839,264.0,-4.0,268.0,-4.591882429849647e-13,14.771389373653912,226.6962974991921,270.14995835646545,737.0,64.55405883195434,1220.2723295441665,34.932396561704245,-5162.787252880153,2754560.8616256993,888.8149331929314,8613.169004789886,92.80716030991297,-0.6330907567496955,-0.8188912918408284,2.983805668016194,56.746183064585566,883.0,-129.0,1012.0,-1.304734098539484e-12,15.13990117054567,236.0579419282316,893.0683064581342,0.0
3.89920612881266,72.67758517780966,1528.337278691779,39.09395450311696,-11048.08836405908,4314752.174229524,2.3334123164075486,1.0125252345592335,1.006243128950073,-0.1275410640407537,-0.8126373900217857,0.014230679302235982,0.15350292243027364,2.0369653104131293,-0.4860604602218411,2.5230257706349706,6.643990912991171e-16,10.693696081788197,129.2952162173685,2.5518210523628677,0.09311497971486292,66.49324630342784,1523.3520248123714,39.03014251591161,5206.357244150994,4267510.878194865,0.1923904939546478,0.007565358362426713,0.08697906853046147,-0.0012339920585446083,-0.6952158056918396,0.00033983569239001037,0.012713028613556554,0.1127523955166373,-0.15599047676496663,0.26874287228160393,-2.6064220226551527e-16,-4.4968434563212325,105.42862442186195,0.21051324006479702,,,,,,,,,,,,0.006976695507114614,0.08650453331701909,1.4142135623730951,0.0,1.4142135623730951,-3.35755728775311e-15,16.061991137644007,261.2784792007255,1.4260299128841762,,,,,,,,,,,,0.021153757824266286,0.0906179522882571,1.4142135623730951,0.0,1.4142135623730951,3.146788385421928e-15,13.7529926853258,208.4407128960765,1.5290374690278936,,,,,,,,,,,,0.23023501108672997,0.35197585325770625,2.386485386504598,0.0,2.386485386504598,-2.7727820040013285e-14,2.4440802301036033,7.897509211520887,6.910983550391458,,,,,,,,,,,,0.052421045089817785,0.2927449655160446,1.2352941176470589,-1.6875,2.922794117647059,5.703770789011742e-15,-0.592598181673389,7.75865202545374,4.886803333150482,,,,,,,,,,,,-0.006545173938805879,0.10688859738245571,0.6875,-0.5294117647058824,1.2169117647058822,1.1813466871402056e-15,1.7291781951526781,15.488259810250968,1.7596485783005122,205.0,44.61841233472309,1629.3362898412292,40.365037964075164,50501.57142980066,6112600.406002595,54.6195083744108,3025.8260932588382,55.007509426066896,2.7427743717110844,8.19595604153956,0.7481751824817519,4.679363020313825,21.0,-27.0,48.0,2.2815083156046967e-13,-0.5764246986468197,8.74549431307434,78.44106067615353,33.0,44.58839167745127,1472.113598595482,38.368132591976405,42316.766179133425,5086311.103813832,21.463581709830624,376.5190397474679,19.404098529626875,1.924348989169181,3.580764469132811,-0.12043795620437957,1.7478094187864797,11.0,-9.0,20.0,-1.2437273433363316e-13,1.517524841084426,15.845347682393847,29.0,0.0
0.19275353721928845,61.93399838800548,1447.458612986681,38.045480848409326,4133.817430512424,3798602.3564629243,0.06734136490076112,0.0010422297548476375,0.032283583364422816,0.25561205323956476,-0.029969021936885387,0.000744222151425824,0.004631416979516573,0.052893451375436835,-0.004815754398378573,0.05770920577381541,1.95590071916385e-16,8.252587480326612,78.80997453735542,0.07549177088164158,0.12141277267715535,55.10060725377002,1525.4970002716207,39.05761129756428,14075.740572050563,4018563.077031859,0.02926534869859858,0.0002848561999568109,0.0168776834890577,0.8101416029329801,0.4876040321754915,0.0004687751840816808,0.0020951407336583304,0.015830700647462743,-0.00864763303229353,0.024478333679756274,1.820375447603162e-16,1.965098911161614,16.400657361885205,0.03455177999126387,,,,,,,,,,,,0.0007220563745391836,0.004304638088617886,0.06304792973542606,0.0,0.06304792973542606,4.90059381963448e-17,12.657192332728568,175.50600294824824,0.07010869287295306,,,,,,,,,,,,0.010740193269947892,0.072023866612746,1.134862735237669,0.0,1.134862735237669,-1.745131816832668e-15,14.865404559323183,231.561215506317,1.169666444435434,,,,,,,,,,,,0.17397000094069243,1.2825169598801456,20.42752923427804,0.0,20.42752923427804,3.524958103184872e-14,15.362290459937736,242.77282625482468,20.788933375975354,,,,,,,,,,,,0.12301536738819364,0.9068764393180062,14.444444444444445,0.0,14.444444444444445,3.672062653947705e-14,15.362290459937732,242.77282625482468,14.699995763787518,,,,,,,,,,,,0.13904765839795352,2.606225870305776,41.888888888888886,-0.8095238095238095,42.698412698412696,1.0880185641326534e-13,16.025876042072824,257.2229206604032,41.92172306687928,540.0,63.85286217845351,1409.502401393144,37.54334030681266,-1318.407079257954,3572121.4164060927,260.1476608538795,1022.5743972161328,31.977717198326285,1.967506426410663,17.1827875602735,2.0849420849420848,16.254982161598,260.0,0.0,260.0,5.17808018685173e-13,15.519218423924414,246.47547744918933,263.74229846575616,655.0,63.98963065146071,1384.7031678038718,37.21159990922013,332.44054110542726,3440115.7262509256,754.6480900793721,356.9888217264204,18.89414781688818,-0.15906988714076917,4.094526735737199,2.528957528957529,46.81560529260775,754.0,-17.0,771.0,1.2887468869848817e-12,16.060899969205714,258.3054653889622,754.524353483703,0.0
0.0,0.0,0.0,0.0,0.0,0.0,0.0,0.0,0.0,0.0,0.0,0.0,0.0,0.0,0.0,0.0,0.0,0.0,0.0,0.0,0.46811992021914456,134.71660383624732,6246.052012985911,79.03196829755609,-693.7506051421175,70988324.96739116,0.19702849513967494,0.010087827881909796,0.10043817940360028,0.5705461158456895,-0.15718046959652285,0.0008684970690522165,0.009516835709034686,0.10525928555939972,-0.09937302462781503,0.20463231018721473,7.779150587583494e-16,1.6661843943708108,59.57997744122024,0.22186454887983195,,,,,,,,,,,,0.0014471517107024089,0.009273041550011801,0.1767766952966369,0.0,0.1767766952966369,9.571336778702033e-16,16.454273694270263,301.6273991962246,0.19439095129921152,,,,,,,,,,,,0.01493336457826316,0.03682749339884645,0.3535533905932738,0.0,0.3535533905932738,-3.590877595271991e-15,4.568433612858599,27.06468261910097,0.8231079387602676,,,,,,,,,,,,0.22541058460879967,0.5167478524596876,3.9930735878769745,0.0,3.9930735878769745,-5.970224314921779e-14,4.053608558599424,20.180712764250938,11.677012453352058,,,,,,,,,,,,0.0638005644972652,0.39350810068856334,2.823529411764706,-2.2941176470588234,5.117647058823529,-1.1962653090336062e-14,-0.28111726137789944,20.438697318120784,8.256894689765003,,,,,,,,,,,,-0.036467279722467716,0.41369438144719195,5.241379310344827,-3.8125,9.053879310344827,1.0325074129013956e-14,1.9751209931491838,87.66452474371799,8.601794911571771,431.0,135.19157157232416,10930.373938072262,104.5484286733773,-18260.83622629975,152400972.90900022,84.29230311047316,11253.227710681558,106.08123166084356,3.1838583454474327,12.779897110924985,0.7996289424860853,5.830690970262644,48.0,-39.0,87.0,-1.5830670108130107e-12,-0.24527079906826404,26.008984635230366,136.63454907160195,36.0,133.9605548252067,6309.594121337235,79.43295362340012,-2960.951146115241,71061233.81610133,314.0471711151008,6561.121526498493,81.00075016009724,1.8147862371983505,9.06745462693551,-0.06679035250463822,13.95670455833279,304.0,-61.0,365.0,1.6997514507011147e-12,18.96451899587628,420.15877522786474,324.0277765871315,0.0
7.2173765147885165,87.53329904038833,2611.497821833572,51.10281618300083,2982.8533477058627,12272825.490437001,14.015455313176176,41.24466986092035,6.422201325162607,-0.07080151136665729,-0.9906656105430225,0.02038806925081501,0.8193154723311078,11.0508422558023,-9.361737748251151,20.412580004053453,-3.876066134722578e-14,3.401216603770462,145.12829835851682,15.420100676240695,0.391834093918354,83.92682544285887,2498.8141766304925,49.988140359794265,15083.774863730976,11691830.984621206,0.4358680464685129,0.038939090288115714,0.19732990216415686,0.11319142202757568,-0.8211398162639428,-0.0011068759715207738,0.025382083787864756,0.21766955044594882,-0.3583218458021926,0.5759913962481414,-2.7911700728466826e-15,-7.216082332132743,132.5476044663848,0.4780149313023631,,,,,,,,,,,,0.0007868030084771384,0.0034411833013040954,0.05237828008789241,0.0,0.05237828008789241,-1.5222198501696482e-16,11.3736208102717,153.82752411618506,0.06632241645948188,,,,,,,,,,,,0.009824145642003916,0.02285360178731976,0.1988737822087165,0.0,0.1988737822087165,1.942890293094024e-16,4.04913025841915,21.62235086451931,0.4673721602147347,,,,,,,,,,,,0.16083467304411617,0.35603320111157843,3.192082040784986,0.0,3.192082040784986,-3.314015728506092e-14,3.7476975711468734,19.612470173123036,7.3401283107639745,,,,,,,,,,,,0.0031846832519495764,0.27623101557585367,2.257142857142857,-1.3146067415730338,3.5717495987158907,-5.4185822495611546e-14,1.4424164440720124,18.130263970807427,5.190254503320564,,,,,,,,,,,,-0.01546789633166969,0.5072133938622679,4.647058823529412,-4.714285714285714,9.361344537815127,-3.073929999430902e-15,1.2397165069674465,47.12386858964031,9.534104730060605,111.0,69.95633989252282,2574.68673158058,50.74137100611866,53248.02492764719,13089805.74916459,145.9429498986326,7496.615826862629,86.58299964116875,1.1230243088730045,1.360469638628761,-0.3135593220338983,9.018843255036169,79.0,-117.0,196.0,-8.684164498617974e-13,-5.058373680958946,100.66582926102691,169.7910480561328,72.0,76.40001752844678,2864.5637168711087,53.52161915404941,33762.6545525822,14343871.817559212,208.34202147861745,10619.534289593132,103.05112464011798,1.7806749139404687,4.480612712258517,-0.2033898305084746,12.347070826741614,79.0,-165.0,244.0,-4.3454129183828627e-13,-4.799608668362888,99.14414361018497,232.34026771095878,0.0
17.28331495064879,116.7566959581882,4531.983759854788,67.32001009993083,-5198.924535651496,36982717.581823066,32.74380622556752,84.64534618838839,9.200290549128782,-0.227276663947321,-1.4103744776284832,0.03700923972301668,1.572192170934897,31.286906525615123,-13.252414325666955,44.53932085128208,5.94246873930615e-14,15.572199370679902,345.87394390588946,33.9847722102591,1.7695949359534298,116.01177156448749,4523.353169962488,67.25587833016894,-88.33164658722346,36801484.040335156,1.3974748102039416,0.035570484189818855,0.1886013896815685,-0.02916153571456816,-0.6432732422066222,0.003789282518101563,0.06518378376215662,1.3849204754873212,-0.06327900408711166,1.4481994795744328,7.525230438787389e-15,20.519303082024866,433.4661494444969,1.411011616170294,0.4696594099455837,77.4341673177286,5206.827007384336,72.15834676171798,256592.96486368758,54747792.78201787,0.040186947759353144,0.001872062529336922,0.04326733790443921,2.533886182378636,6.312470019324607,0.0010056946679776954,0.002729639980652177,0.016492286441668745,0.0,0.016492286441668745,-1.160530005428484e-15,3.5671219282026443,12.98179641113741,0.06286430100099802,7.264407713088475,64.82894299336017,4574.547606734662,67.63540202242211,333457.46670009097,58496510.89357841,0.5623548376729143,0.5046261629167481,0.7103704406271055,2.4634374926481586,5.596742723058331,0.015555476901688379,0.04188061385900248,0.27403446191312564,0.0,0.27403446191312564,9.756084828893563e-15,3.7983195052060554,15.718822643201971,0.9654598401906745,124.69324191631632,79.28145374421064,5138.159538820893,71.68095659811533,261038.34570940878,55938572.90100214,11.716320813794784,125.04925821623164,11.182542564919288,2.410498533951221,5.789849144711042,0.2670090833325832,0.7486743680816758,5.552097689316596,0.0,5.552097689316596,2.1804780203638074e-13,4.115152207210948,18.8136968934701,17.17713432799991,41.681077750201446,77.53586349596317,4945.355218540734,70.32321962581587,249896.32702037928,51702282.859525606,8.47356168968105,72.31416777765976,8.503773737445027,2.488496730921538,6.4595381689072005,0.08925284314818298,0.554921174575518,3.5789473684210527,-3.925925925925926,7.504873294346979,-1.2925771564198385e-13,1.343490993736053,19.588211021735578,12.146068164680965,0.6658117930567551,95.01386074365698,5219.1766000452335,72.24386894432796,137118.7898224041,46994041.261340655,12.151285499128639,45.649811966974816,6.7564644576120445,1.7323136871629965,2.3481522636903684,-0.0014257211842756976,0.6426817892688087,4.0,-9.241935483870968,13.241935483870968,6.073093417047204e-14,-4.447615153166474,101.14775582097705,13.888505113090845,236.0,110.65322672025192,4737.4878866860545,68.82941149454973,26759.088462723146,38882199.33993512,466.36285067295563,23249.940439233178,152.47931151219558,0.48919072043303113,0.9071484016230531,0.5053533190578159,22.680573837230792,68.0,-424.0,492.0,1.475042310516983e-12,-14.510899255968177,267.36684479422536,490.25299591129476,303.0,114.35009118576596,4612.3967262148935,67.91462821966188,16573.11731549526,36812129.279890805,613.2529424226665,41034.41230092869,202.56952461051168,0.10775853529940839,0.021986071579146303,-0.6488222698072805,29.854049214497003,170.0,-573.0,743.0,1.1040057756872557e-12,-14.576989909267825,293.2208687654186,645.3038044208324,0.0
0.0050824366982809505,7.85707699728082,22.990043610132226,4.794793385551897,-43.48798564309565,58.89390488840294,0.003599621519330813,2.5121726081520907e-06,0.0015849834725170137,-0.5484334117362522,-1.0282586683007406,0.00016394957091228873,0.000694922442851739,0.0031274840016852767,-0.000965743828920094,0.004093227830605371,-1.951563910473908e-18,3.2501326666986,11.96225321414147,0.00397538634158014,0.03761467518762531,5.430979310040557,23.26719153985185,4.823607730718974,55.5524066100639,730.9479470292131,0.016437080489463993,9.995023805689083e-05,0.009997511593236131,0.5939149853708684,-0.4275240467918183,0.0012133766189556551,0.003399185124884565,0.013216189956308471,-0.00023155928975550444,0.013447749246063977,-2.6020852139652106e-18,2.96065645789362,8.072310285367797,0.02009549731438879,0.25874992956372095,6.573541949999107,18.846522307039635,4.34125814793818,10.27064661200878,623.805030831048,0.2139178890556127,0.0004702598197915496,0.02168547485741434,0.49066562912227807,-1.1069028864936399,0.008346771921410354,0.03798972548997112,0.2143997237416937,0.0,0.2143997237416937,-3.122502256758253e-17,5.409331635808468,29.68762817985229,0.21656297738453253,2.206424034326507,6.082205379484647,18.51459599082463,4.302859048449604,21.85185150724854,641.5120283787868,1.488838185766891,0.10559564560276792,0.32495483625077487,0.42348954664198507,-1.1411626098201888,0.07117496884924215,0.2692476968095845,1.5007980661918559,0.0,1.5007980661918559,1.1102230246251565e-16,5.102489864588347,27.03857889640653,1.5506018674265325,30.66443420597341,4.701626548497502,14.951454285657332,3.8667110424309357,41.33520902314215,567.7078766132109,12.179356658085858,50.91482910098723,7.1354627811367095,0.3563884413772475,-1.2423709238467864,0.9891752969668843,2.4940192209107037,10.505586463342992,0.0,10.505586463342992,-8.881784197001252e-16,2.922524663704353,8.129572203984335,14.938426587644646,0.8258865111496692,7.69679347266837,15.26070564133682,3.9064953143881818,-10.273152964686146,473.51054469004316,10.2100896827912,11.02890332418239,3.320979271868825,-0.32998641093985603,-1.0043171708965892,0.026641500359666725,1.896995005702273,5.986666666666666,-7.428571428571429,13.415238095238095,1.3322676295501878e-15,-0.9806236484586227,10.039955661867841,10.563062740380946,2.030543024227235,5.099050480649793,15.493614472882156,3.936192890710789,31.753249998573047,526.6454100048991,2.4591109111015053,1.6735187117796193,1.2936455124104205,0.07573391900200246,-0.8568310950977415,-0.06550138787829789,0.4909401411706274,1.52,-1.1666666666666667,2.6866666666666665,8.187894806610529e-16,0.3586097076384642,3.487264765087077,2.7576606525867513,698.0,7.340478175000577,17.171286032909094,4.143825048540188,-6.066855721325463,549.2163811149809,500.23555250784455,42399.992007171415,205.91258341143558,-0.2132809973954809,-1.276731269240712,22.516129032258064,95.57900665966282,449.0,-52.0,501.0,9.947598300641403e-14,3.854867905924577,14.725706811387369,546.7284517930268,127.0,6.845697267508697,17.71862779400518,4.209350044128568,4.699775600910735,568.3730152946176,131.5873311489922,3383.1742810854626,58.16506065573613,-0.301008331582459,-1.233029273149828,4.096774193548387,25.419518584702658,114.0,-16.0,130.0,2.5757174171303632e-14,3.6153576240525824,13.247994260140008,143.35619972641575,0.0
0.0,0.0,0.0,0.0,0.0,0.0,0.0,0.0,0.0,0.0,0.0,0.0,0.0,0.0,0.0,0.0,0.0,0.0,0.0,0.0,0.037511048328570884,55.26219315335949,1035.7803591902527,32.18354174403825,-4.667229470151929,1948631.405534557,0.16403823436743073,0.0008351809380549936,0.028899497193809336,-0.1642713860752514,0.4679320283543573,0.0001667157703492039,0.011079594424119961,0.03494212630667466,-0.15305491223653975,0.18799703854321442,1.3143240835955528e-16,-11.680431544919283,163.7908683699514,0.1662127297140367,,,,,,,,,,,,0.0007715373023379497,0.0014431598909458235,0.00794114060902861,0.0,0.00794114060902861,2.6346112791397758e-17,2.6297008951473178,7.698028872129391,0.021955328518427242,,,,,,,,,,,,0.012430557557728357,0.02317180139564975,0.12705824974445776,0.0,0.12705824974445776,1.908195823574488e-15,2.644872414596003,7.741825802534614,0.35279059709802035,,,,,,,,,,,,0.20394880912377375,0.3787630742640912,2.032931995911324,0.0,2.032931995911324,1.04638520070921e-14,2.597881535896003,7.24288218191917,5.771497636698686,,,,,,,,,,,,0.14091538110780877,0.269575864928107,1.4375,-0.14285714285714285,1.5803571428571428,1.5237811012980274e-14,2.5722018211633366,7.117348739023922,4.081065116511774,,,,,,,,,,,,-0.029668352526195655,0.10496990702556448,0.07142857142857142,-0.625,0.6964285714285714,1.2385925618474403e-14,-3.9553158697529107,15.960967732447632,1.4634892053115278,422.0,58.583918703258085,2062.557068391443,45.41538360942736,-10606.41876489653,5385725.451813913,31.78321201673453,2741.014933899303,52.35470307335629,3.263581371870454,10.955864035689649,1.8755555555555556,4.074045521785472,23.0,-1.0,24.0,-2.842170943040401e-14,2.8829978699373315,8.922168108083712,67.27555276621665,89.0,56.99130680205108,2074.1469895377986,45.542803927050855,-5325.002418477371,5472926.747487211,12.63010386596338,384.6947620492626,19.613637144835288,2.5899801972644405,5.783418158509307,-0.39555555555555555,1.551766814606371,1.0,-10.0,11.0,-3.275157922644212e-14,-4.3995137150178,19.982652481405715,24.020824298928627,0.0
0.25850965432460477,63.91717025772918,2000.797822114054,44.73027858301415,6108.8234966391665,6327069.440216783,0.21841803074181365,0.016244984405630783,0.12745581354191257,0.5781742481848143,-0.3578447940150452,-0.0009232487654450173,0.01510598221781121,0.10383112052142883,-0.12408830608512712,0.22791942660655595,1.1516395476141028e-15,-1.5314984972410919,34.29648645387591,0.2532430934366482,0.1961862478879579,71.42140099701223,2189.066213640286,46.787457866828866,-6550.160791398777,7272386.583450462,0.06085302516177719,0.0013348809122927352,0.0365360221191735,0.9588738234862709,1.1213917957480737,0.0007006651710284211,0.004222140196317203,0.02972372422259392,-0.02070873655943838,0.0504324607820323,8.760353553682876e-17,1.290238597750588,18.52130744582268,0.07161614249168924,0.5554197881679922,69.05342196179457,1648.716294151333,40.6043876219225,309.25174719448387,4884909.427361303,0.18083883260662725,0.0018639862766144434,0.043173907358663326,0.8104070340128704,3.046059865388765,0.001983642100599969,0.011082552918131316,0.1767766952966369,0.0,0.1767766952966369,9.35015953551499e-16,14.252550319568046,222.3210088678782,0.18839370543255185,6.031495236353936,51.894988324592696,1772.7034011606036,42.10348443015855,33794.00305688146,5811032.105798249,0.700216221006281,0.32015583315851986,0.5658231465383153,2.8070636671467164,10.400515755083653,0.021541054415549755,0.053753792966730114,0.4419417382415922,0.0,0.4419417382415922,7.945033519973776e-15,4.651975220023954,25.93247539874569,0.9690079666443656,94.40739356029948,42.899754105421316,1671.719335509971,40.88666451925335,58276.94205584658,6611345.538566168,9.429588012957932,96.40799924542138,9.818757520451424,2.620302708799232,8.699215144867331,0.3371692627153553,0.8134840204104679,7.0710678118654755,0.0,7.0710678118654755,-6.772360450213455e-14,4.594452512886265,26.20012491053167,14.735094899297254,32.88379376976126,40.062071113193255,1466.4634944864488,38.29443163811742,53949.2461132689,5754057.119240966,7.122457283453626,53.99947145649772,7.348433265431328,1.9999069066445705,3.207213623790017,0.11744212060629027,0.6114957317096295,5.0,-2.3592233009708736,7.359223300970873,-5.023759186428833e-15,3.2988020661685082,23.948481396587052,10.419285524720395,22.81399482836808,33.76756713763924,1249.6517637704515,35.350413912293185,54722.27840128241,5325204.241748193,4.918686096820292,33.43220308395578,5.7820587236689125,1.8585190413433395,2.4806300604164253,-0.08147855295845743,0.45365426986390067,0.4117647058823529,-4.0,4.411764705882353,1.000310945187266e-13,-6.235322899721248,41.318030489653644,7.712552516788925,360.0,62.60720814390376,1782.1730363874601,42.215791315424376,14377.696982298106,5491412.645965437,280.5575101846269,11760.983479002993,108.44806812019748,2.1762592966152705,5.77057008161128,1.2857142857142858,17.94964612237156,80.0,-243.0,323.0,-1.6830981053317373e-13,-8.168921488503592,125.39195389823628,301.12455894529757,435.0,41.09297694530692,1670.1021552902216,40.8668833567012,63845.670433281426,6869168.076583336,97.13647339367019,9783.134108069382,98.90972706498276,1.7845812769159624,2.409017702490826,-1.5535714285714286,8.284063105180424,7.0,-71.0,78.0,-4.889422200449189e-13,-6.128452035533207,40.24899246638842,141.03545653487282,0.0
146.91858030535042,49.49593663219749,833.0686651603658,28.862928908209675,2.948863757041288,1249225.0228704312,145.0385246699608,1.3701518554461627,1.1705348587061226,-0.00437029118696505,-1.4672698726545306,0.7309382104743803,10.20508101750151,145.0431248291848,-0.07369381462745245,145.11681864381225,9.481304630298837e-14,14.174654055146853,200.94654611283508,145.05263802324126,1.1331925366149158,49.57002960718035,857.4473724219416,29.282202315091357,-572.8377451871966,1313407.2465195386,0.8036691248717095,0.005249914523836323,0.07245629388697936,0.2527661772498386,-0.19336780080699043,0.005637773814004556,0.05677460473362469,0.8012333260333668,-0.010902914104160822,0.8121362401375276,1.4172690798730514e-15,13.80436569116889,193.6734087432961,0.8088777333340781,0.21390942874030988,46.980299336553394,837.2318495330837,28.93495895163986,2397.019662134425,1275997.6575723754,0.06514206825409291,0.0005798738892125103,0.02408057078253151,0.01420417360490796,0.23137979000947898,0.0010642260136333823,0.0048864550912188056,0.06001359788496127,0.0,0.06001359788496127,1.5525775109992423e-16,9.67653158998794,108.63939988915102,0.07090143929205536,2.913490395545316,48.15766918028412,844.5809496361439,29.061674928264956,1173.0237955135642,1289697.3823514464,1.2649122821000898,0.027737038864996167,0.16654440508463852,1.036409190492843,4.508821756166288,0.014494977092265255,0.0897659175512965,1.2602855555841868,0.0,1.2602855555841868,-6.210310043996969e-16,13.412254103087495,186.20258581140772,1.2891364889960342,48.64432733722126,48.93356279105849,844.4334948913893,29.0591378896792,380.6583175547262,1284817.0759733187,26.440301304117085,3.719076159701928,1.928490642886796,1.5145233672710816,10.18269000796603,0.2420115787921459,1.8652518389545092,26.465996667267923,0.0,26.465996667267923,-3.069766663088558e-14,13.929878348286483,196.257261492277,26.666168442907644,27.307518040132795,50.16817254548097,817.1151887539469,28.585226757084627,-259.6007269984683,1198683.0914750935,18.738014414757156,2.478294146117691,1.5742598724853818,-1.7833301347991821,5.387674536568392,0.13585829870712823,1.3230304365995305,18.714285714285715,-0.6875,19.401785714285715,-1.3933298959045715e-14,13.876056446262268,195.30303681124818,18.855828534242715,29.825259462759472,50.037477832899725,824.7740792779427,28.7188801884395,-402.2391979207624,1225992.4270906267,36.481433307370935,1.1608916949169377,1.0774468408775153,-2.0550325645252308,5.351202521475071,0.14838437543661415,2.567912139731906,36.42857142857143,-1.0,37.42857142857143,9.880984919163893e-14,14.134940127952222,200.20198739734798,36.46716779147399,522.0,49.823238864803315,819.4347343667717,28.62577045891991,-7.233784903718657,1208514.1796693509,393.05029340865076,553.1768513735379,23.5197119747147,-1.6948595292913766,5.640649854652306,2.5970149253731343,27.704046995791856,393.0,-11.0,404.0,-7.460698725481052e-14,14.02520388738251,198.11759774549435,394.4946133979525,668.0,49.72769580505839,825.7761027586652,28.736320271716508,-118.21037224038021,1229706.3302725782,765.6633744723644,217.27699159158743,14.740318571577326,-2.42577031791245,6.723546332740921,3.3233830845771144,53.88120247910673,765.0,-12.0,777.0,-1.6351364706679306e-12,14.1593792371439,200.65897408770675,765.3495933232081,0.0
6.45773537602306,63.609977451221496,1280.0351186600062,35.77757843482432,-3522.964528065652,2959846.096392187,7.147260034461561,0.6993031258463239,0.8362434608690964,-0.043121956947997954,-0.42981977455670445,0.02603925554848007,0.4559841663721924,7.093576284204363,-0.8280463925275795,7.921622676731943,2.851885394505871e-15,15.07472901224039,234.51055166672052,7.192544855424411,0.144520015581074,59.016899312348485,1341.014641230907,36.6198667560507,5062.6937926812,3087050.8318535006,0.20060558674766382,0.006893237669033375,0.08302552420209929,0.06590772517740481,-0.4718093258288906,0.0005827419983107822,0.013775257255886925,0.04807274805830118,-0.17587667758210215,0.22394942564040332,-3.5475095083725705e-16,-8.493444870292155,110.07154848557722,0.2171269918140311,,,,,,,,,,,,0.009595138528611848,0.08651080509300034,1.2374368670764582,0.0,1.2374368670764582,3.9898639947466563e-16,12.8618793839337,174.25099839971915,1.354044693374561,,,,,,,,,,,,0.0659242813966437,0.41542534345300614,5.972422565063237,0.0,5.972422565063237,4.746203430272544e-15,12.76459701140443,174.13984012914784,6.5433678561038064,,,,,,,,,,,,0.7903422914369655,4.290828541120574,65.6966482156956,0.0,65.6966482156956,-4.1744385725905886e-14,14.415823515942314,217.87893010531732,67.8724968059727,,,,,,,,,,,,0.408357081118355,3.0579682385147486,46.45454545454545,-3.6837606837606836,50.138306138306135,2.0650148258027912e-14,14.196293482143982,213.89739442609425,47.99310274756558,,,,,,,,,,,,0.1981236237693563,4.067510828882146,63.09090909090909,-2.4705882352941178,65.56149732620321,1.1218803663837207e-13,15.367404526068489,238.1143687792026,63.35063653851725,536.0,60.95068883187225,1279.5051384304857,35.77017107074672,1825.8138106993915,2885779.520022952,728.4235954706462,113498.67846484209,336.89564922219176,0.3277040835283393,-0.8816461413413511,2.161290322580645,50.92386586330712,511.0,-431.0,942.0,-4.2721381987576024e-13,-0.6079364219565846,77.5458941541543,802.6717884664939,731.0,61.315386758982854,1283.4887284677802,35.825810925473554,219.95609177159704,2958785.4142726567,718.1874414510695,32808.315070998964,181.13065745753522,-0.045188779108374925,-0.7242932491056304,2.9475806451612905,46.96499719885697,694.0,-42.0,736.0,-2.2390977960640157e-12,13.31865309146161,191.4721669892016,741.0607262566274,0.0
0.9964608706232567,120.43824307269261,5037.637713946985,70.97631797964011,13437.658934454843,45747044.85426186,0.9535568789187917,0.0008760146701224821,0.029597545001612584,-0.10867300614143548,-1.0759926002661908,-0.0020212188045096477,0.04292312569266423,0.0075613938994645,-0.9531824121184125,0.960743806017877,3.8675659896902914e-15,-22.140622142135257,491.08719333519423,0.9541041148790783,0.26047309290479176,103.80484704888912,5203.323624545217,72.13406701791614,142311.28604813226,51362785.15716045,0.12470818550621439,0.0018765468568525177,0.04331912807124028,0.6241156186230572,-0.30421949417114447,0.0005283429876364942,0.005939745813174033,0.11764307181383234,-0.017649991779272883,0.13529306359310522,1.0375814790686277e-15,16.475023622771328,313.1223306143159,0.13240447587746954,,,,,,,,,,,,0.00443918208211243,0.07588004482307427,1.6821407411820604,0.0,1.6821407411820604,3.714042962066344e-15,22.037904410865305,487.67362812301127,1.685978608890294,,,,,,,,,,,,0.044215846984362796,0.6128318532350626,13.457125929456483,0.0,13.457125929456483,-7.96723798046628e-14,21.426348617353863,468.30410448581233,13.628602913003228,,,,,,,,,,,,0.5243995151012422,5.222424393080498,107.65700743565186,0.0,107.65700743565186,5.715428130770306e-13,18.494325533229265,367.28054436714865,116.4215014732971,,,,,,,,,,,,0.1654687227221266,3.7076914378411203,76.125,-5.0588235294117645,81.18382352941177,3.478883847662928e-13,18.40718154295753,365.472658257399,82.322433167688,,,,,,,,,,,,0.2136365399238784,3.9222146389603716,83.375,-17.727272727272727,101.10227272727272,1.7369439220260574e-13,19.26514008739597,412.9268181572361,87.12788793877017,530.0,117.750672088125,5216.674067197113,72.2265468314602,27804.41842955401,47235170.393949255,866.3132741014217,165146.82737583783,406.3826120490859,0.1605479569705031,-0.579180516847059,1.075050709939148,43.05259350553929,621.0,-296.0,917.0,1.5658585539313208e-12,11.117619610610557,171.40797889845155,956.2206858251917,743.0,120.42366437998062,5045.21294345895,71.02966241971694,7134.225671053245,44300324.75967293,969.5486363870301,198205.44981013183,445.20270642723165,0.15486923377487155,-0.5715362902458199,1.5070993914807302,48.00104007392738,667.0,-516.0,1183.0,-1.7039702981946903e-12,3.3970559852987074,124.30592597150795,1066.321246154272,0.0
0.2641454678038227,32.86490889772824,415.3580086782197,20.380333870626842,-1433.0894234264683,279551.3803274301,0.12613058788351084,0.0024304988877268075,0.04930009013913471,-0.14434832285369956,-0.44450757065813973,0.002047639285300951,0.011877037323192249,0.10020911367853731,-0.029542095056523707,0.12975120873506102,-7.112366251504909e-17,5.671040554530906,40.58090824247349,0.13688729906853295,0.149706890337936,30.065175523395137,342.1379409176157,18.49697112820409,165.37022013597033,212627.0175574569,0.05397490627176777,0.0005528636729032696,0.023513053245022637,0.18430377136519113,-0.534105876383059,0.0011605185297514419,0.005163440929287938,0.04080536148449825,-0.022158964906462138,0.06296432639096039,-6.114900252818245e-17,3.2980129329146184,30.406449646560407,0.06010842193877957,,,,,,,,,,,,0.004744078381391103,0.03197226120596309,0.3535533905932738,0.0,0.3535533905932738,4.926614671774132e-16,10.547949041907204,114.9685879499531,0.36137441911249,,,,,,,,,,,,0.02375347667628641,0.07186855577636087,0.7071067811865476,0.0,0.7071067811865476,7.840950111415168e-16,7.436010775163987,66.51543010424682,0.8462651005736002,,,,,,,,,,,,0.28282740295343867,0.7480476108908306,7.573485787971706,0.0,7.573485787971706,-1.9872992140790302e-14,7.65082835705411,72.36480884949658,8.941242699010473,,,,,,,,,,,,0.12793035100434477,0.5508331047625395,5.355263157894737,-0.8823529411764706,6.237616099071207,3.7192471324942744e-15,6.979119960061793,64.96099570359662,6.322413344705015,,,,,,,,,,,,0.048562674408494835,0.9708911131282603,10.802631578947368,-0.5,11.302631578947368,-1.8582357874663558e-14,10.997999131471216,122.30811518689096,10.868462902459651,532.0,31.511070497329182,339.2183958781534,18.41788250256129,68.83501159111222,205997.47197561528,407.6563243442266,849.1649721546567,29.1404353460043,0.4051904776864339,7.146301828265889,4.124031007751938,35.843978822941864,407.0,-15.0,422.0,4.831690603168681e-13,11.133714898800578,125.58022483643286,409.7950707365817,750.0,31.499514503643393,341.1138278993438,18.469267118630988,8.988932101724243,209232.71780412202,821.6556763935588,121.90257524330072,11.04094992486157,-0.29751839464852003,0.896249207819878,5.813953488372093,72.06831034294994,821.0,-8.0,829.0,-9.663381206337363e-13,11.3504194002294,128.88745237633825,821.1979055014692,0.0
3.134167871722416,29.469758160607565,402.08210990722404,20.05198518619102,798.8477364026531,253329.19535017878,2.74390133676708,0.8438958703004434,0.9186380518465602,0.1588847358720012,-0.7654467930644525,-0.02487434818827315,0.2560566100649946,0.7165236949380069,-2.5699333830140696,3.2864570779520763,-9.76302372279747e-15,-8.208771853588837,80.25041574934528,2.8877584412874255,0.1832212649852728,31.022947315585522,234.4137933347491,15.31057782497934,-438.9241834401604,118443.34015245676,0.1797608223714739,0.0064053150541818395,0.08003321219457482,0.16455182129078205,-0.7425055119601243,0.0014541370236926415,0.01752290981828187,0.145798782447473,-0.10490143110673605,0.250700213554209,5.2909066017292616e-17,2.9396218591871377,46.92124148748221,0.19737027956583894,,,,,,,,,,,,0.04686373264949642,0.5038039985925173,5.656854249492381,0.0,5.656854249492381,-5.245803791353865e-15,11.179530812628501,124.98782248144019,5.657016422501929,,,,,,,,,,,,0.0659169795784552,0.5032656817437433,5.656854249492381,0.0,5.656854249492381,-3.3029134982598407e-15,11.100895364171546,123.79845348874464,5.674740022874848,,,,,,,,,,,,0.3455147381226496,0.683185502611848,5.656854249492381,0.0,5.656854249492381,1.887379141862766e-15,4.3485602660980005,28.599139138291545,8.559518570274301,,,,,,,,,,,,0.07834418862212815,0.5356525186430311,4.0,-1.4705882352941178,5.470588235294118,-1.0380585280245214e-14,2.994037475128629,23.03188553934821,6.05249362473314,,,,,,,,,,,,0.03176519895447855,0.14179236128603667,0.5882352941176471,-0.26666666666666666,0.8549019607843138,-6.841749389252527e-15,1.5052032583075539,3.515951412808509,1.624580776065304,83.0,17.771415659700345,306.4265846629502,17.505044549013583,5053.941740109515,242499.9777927222,47.39367796402542,3117.125003327968,55.83121889523789,2.3467582119413635,5.294527766764724,0.6587301587301587,6.523659867746242,21.0,-25.0,46.0,-1.9473311851925246e-13,-0.2955082713503569,4.3489477346877905,73.60027173862879,60.0,19.71286085982892,344.1753151121989,18.551962567669193,5253.361237546743,283266.58534560364,17.631883106731134,309.6881266819978,17.59795802591874,2.4781245811333252,6.930916041619426,0.47619047619047616,2.217227947966251,10.0,-4.0,14.0,8.559819519859957e-14,1.70779650953987,5.061692718220926,25.45584412271571,0.0
0.2245531624298155,32.12221486992794,358.8460497432291,18.94323229396792,131.89241844259718,231086.008240926,0.09863614909783411,0.0022812127977424423,0.04776204348373761,-0.06740146352615627,-0.745867655979871,-0.001701160321437996,0.009513068599894203,0.007630817529024384,-0.07279061170382763,0.080421429232852,-9.410874857174178e-17,-5.998207337786936,37.64287023335341,0.1110306242555167,0.07010180646859068,30.17084686926934,398.4586339154397,19.96142865416801,934.5299398979869,275930.3465563755,0.03511797955310997,0.0003070080251790078,0.017521644477017782,1.139791435053085,2.799772268600821,0.0005310742914287171,0.0033983598924971397,0.01774811237597082,-0.018068208529419955,0.035816320905390775,2.1467203015212988e-17,-0.5244950326617228,14.993131979234457,0.03951806500548017,0.2184001322366051,28.804482948897533,377.7425618076016,19.435600371678813,1543.2557376635043,254666.24418229985,0.0702507842451451,0.000443206318287316,0.021052465848145106,2.1062162620598666,4.0641667948115705,0.0016545464563379171,0.006370938633535255,0.06905339660024878,0.0,0.06905339660024878,-4.380176776841438e-17,9.227321360803282,95.84759987856964,0.07562461611403873,3.036738659219397,24.150359814287953,357.0899189669657,18.896822986072703,3496.905944094907,257241.69363471685,0.5997414832524295,0.13457813821706902,0.3668489310561897,1.933718780026702,3.209590046285034,0.023005595903177245,0.06116681966083496,0.5524271728019903,0.0,0.5524271728019903,1.887379141862766e-15,5.821475795270391,44.02959248613023,0.7508156362764048,50.39118068299825,22.096079089256186,378.9567487874603,19.466811469458996,5390.438506253425,319223.52244748856,7.36304333682482,36.31889884701591,6.0265163110221405,1.9172711138866425,3.2769299712235034,0.381751368810593,0.8269548994283284,4.419417382415922,0.0,4.419417382415922,-9.880984919163893e-15,3.0713027558195827,10.232428916313559,10.464496344908365,6.041422697127631,20.975204919879555,367.19750424340856,19.16239818611983,5646.568578472774,316430.044054631,5.5151538546924295,24.171167707282443,4.916418178642094,1.81443572302374,2.3261525255566573,0.04576835376611842,0.6424169319314189,3.125,-1.4705882352941178,4.595588235294118,3.00454106039183e-14,2.44069814949582,10.257932452701839,7.399516327186546,7.56991841452028,32.39314550218761,369.1610142933995,19.213563289858534,-176.662359996591,249728.20517396947,4.708893739479834,1.2336860853723166,1.110714223089052,2.471241701049064,13.686208594389928,0.057347866776668796,0.41957707506918734,4.689024390243903,-0.375,5.064024390243903,-7.813194535799539e-15,10.289918929248252,113.83610566219821,4.865392930346259,550.0,32.343666093794546,361.46491786510745,19.012230744052825,292.82813193708586,230884.13165927763,461.1768688076003,10021.168404090145,100.10578606699087,-0.08064069020397033,2.206495700193879,4.166666666666667,40.85064568064084,450.0,-25.0,475.0,-1.1883827255587676e-12,10.061708201462581,108.84787447449679,471.7732506194051,813.0,32.500840081757126,363.3011315954787,19.0604598998943,-22.161304971971653,238025.38451480636,768.7073057407185,318.2599190271511,17.839840779198425,1.948951275387078,11.684522913014604,6.159090909090909,66.67399537885531,769.0,-6.0,775.0,5.133671265866724e-13,11.476386829450067,131.80343204273507,769.2873325357698,0.0
1.1452727561872084e-05,13.509519941217025,23.942225962044716,4.893079394618967,-89.64687664415416,-33908.93899812087,8.407569328759665e-05,3.711033681518882e-09,6.091825409119078e-05,0.2974733964580175,-1.3931024768132845,-2.6634250143888574e-07,1.564806540239835e-05,4.8104951682979755e-05,-5.223641826176091e-05,0.00010034136994474066,1.1117307432712692e-20,0.21574901908118868,4.340752212395879,0.00010262608944186551,0.006403035238489307,9.994765374141966,34.85443206387429,5.903764228344006,2.5884185371656763,1742.5824746413762,0.0056294283609773935,2.0088210451638697e-06,0.0014173288415762482,-0.3469159382894987,-0.8207202216424492,0.00014890779624393734,0.0008749163471083234,0.004009215350248921,-0.0026889123497873405,0.0066981277000362615,-5.421010862427522e-20,2.0197996548190895,12.24925661214878,0.005819711529572811,,,,,,,,,,,,0.0033920131286698605,0.005128962812322855,0.03218510610771723,0.0,0.03218510610771723,-5.204170427930421e-18,4.276493034129875,23.600834618469705,0.039851029208803346,,,,,,,,,,,,0.054802269644835706,0.06947228283026462,0.418406379400324,0.0,0.418406379400324,-1.3877787807814457e-17,3.3974448849679932,17.170115344783962,0.5734516956768805,,,,,,,,,,,,1.038912974607813,1.3228801433674828,6.875607400805778,0.0,6.875607400805778,-1.021405182655144e-14,2.866653606520213,10.422022405868136,10.901045169433335,,,,,,,,,,,,-0.46846528090892053,1.0932594851384272,4.861788617886178,-3.8461538461538463,8.707942464040025,-6.772360450213455e-15,2.122142551620828,14.494405594812473,7.708202961327168,,,,,,,,,,,,-0.06963741466875195,2.24849667339229,12.923076923076923,-1.25,14.173076923076923,-4.440892098500626e-15,5.021723331965494,27.505908337859594,14.578910786155246,321.0,9.972243968689996,36.92307037056015,6.076435663327651,-1.6833898052463259,2441.5227338326577,611.5227012061365,6805.700195264593,82.49666778279347,-0.09147562597320283,-1.1320033971043157,7.465116279069767,93.00046232373435,598.0,-50.0,648.0,-2.184918912462308e-13,6.168196311493005,39.389324867204095,611.806341908941,442.0,9.997820494570682,36.65980188278661,6.0547338407882645,1.3804946907469695,2401.4830514950695,641.6529301078427,12972.707760210387,113.89779523858391,-0.16178060429417548,-1.2525717455153995,10.279069767441861,98.21839111196556,621.0,-20.0,641.0,3.552713678800501e-14,5.884302786751846,36.12370019172531,647.578566661992,1.0
316.6495190677154,112.65264615980406,4257.618819765204,65.25043156765481,-1042.243172626641,32620820.82957439,344.22259742137373,236.10480622775015,15.365702269266777,-0.029737310814477343,-1.2093841293539904,0.7005520333356533,16.19165309220452,343.87410779873585,-20.5420588415431,364.41616664027896,2.1871393585115584e-13,21.12832550130823,448.3933236745745,344.5613184331455,2.87799162849073,112.21666086680916,4259.540885015744,65.26515827771924,986.5237627651227,32641361.837471582,3.1702504316824416,0.05275964328054145,0.2296946740360809,0.05559127859394463,-0.3711989921267819,0.006367238116129938,0.14938525901745667,3.162389377874707,-0.23537244069393756,3.397761818568645,-1.7780915628762273e-15,20.918555182556013,442.66127475102223,3.1788577814191195,,,,,,,,,,,,1.397261909539647,29.60080138592758,629.3250352560273,0.0,629.3250352560273,-3.9968028886505635e-15,21.236755659376293,450.9998602810004,629.3250848117955,,,,,,,,,,,,1.4250269867893834,29.59988676994625,629.3250352560273,0.0,629.3250352560273,9.627854069549358e-13,21.235905935388537,450.9756724430932,629.3337615421026,,,,,,,,,,,,1.8912112305674202,29.648728100192876,629.3250352560273,0.0,629.3250352560273,-1.5050183321818622e-12,21.089100642351625,446.6603319781692,630.9225901827283,,,,,,,,,,,,-0.751171316744402,20.993990106499407,28.923076923076923,-445.0,473.9230769230769,4.3143266736933583e-13,-21.073236305425596,446.5360408920131,446.1296419219883,,,,,,,,,,,,0.462930876193721,9.358887275736892,192.0,-1.8235294117647058,193.8235294117647,-1.7474910407599964e-13,19.439721552967637,392.3661651094893,198.99544540585353,526.0,109.81603698300891,4329.0793485203185,65.79573959247148,14375.046797113608,33321841.52682276,777.7041606027934,150631.31822712245,388.11250717687835,0.4629332498911293,0.09542826393542778,1.163716814159292,40.83736047988463,376.0,-445.0,821.0,1.4637180356658064e-12,-6.224132535937915,98.6058127382561,868.56663532512,706.0,111.90582034625913,4259.847102035702,65.2675041811444,3825.734799139954,32491829.601821255,741.3226809998453,77189.1428121929,277.8293411650269,0.06341640605783291,-0.4649377542047097,1.5619469026548674,37.22145118165033,675.0,-31.0,706.0,-5.3153037526953995e-12,14.746743435754118,247.05306257574784,792.0353527463278,0.0
0.8774633782528208,31.26681488961903,278.1733840182395,16.678530631270835,267.6338964108265,157857.4890519119,0.8862421695502698,0.14496035243987332,0.38073659193709414,0.029495849201686047,-0.9528249795708489,0.006802041691882332,0.08459540023395946,0.7350376914999642,-0.3295156495002694,1.0645533410002337,-5.724587470723463e-17,6.140783997174967,53.29576243029161,0.9639200107052058,0.3149720138834832,30.53255023643406,336.9812853336713,18.357050017191522,-719.5729985731592,200096.17000109857,0.17659770232887886,0.004020127545992842,0.06340447575678583,0.14491688759131469,-0.13919061621375967,0.002441643518476615,0.016456179653655093,0.16563052323278188,-0.009475462731510812,0.1751059859642927,-2.0816681711721685e-16,8.353362912718957,77.51627463863035,0.18895238519411492,,,,,,,,,,,,0.0006978790949854664,0.00131752564267243,0.006547285010986551,0.0,0.006547285010986551,1.2793585635328952e-17,2.1773287179134666,4.342322985997477,0.01673578621816014,,,,,,,,,,,,0.010379118524056239,0.018842745508038213,0.0831890330807703,0.0,0.0831890330807703,-2.42861286636753e-17,2.0581209011650365,3.635057021562387,0.24147395327810167,,,,,,,,,,,,0.18476874851353534,0.40122803230071663,3.1127663595090342,0.0,3.1127663595090342,2.609024107869118e-15,4.013384576127332,22.718798972436065,4.958381940283198,,,,,,,,,,,,0.07553102944210409,0.30307882762904725,2.201058201058201,-0.5882352941176471,2.789293495175848,6.356026815979021e-15,3.4043007440225357,19.740367957112387,3.5061054936871603,,,,,,,,,,,,0.047195296749451734,0.3493619871317505,3.708994708994709,-0.3125,4.021494708994709,-4.2049697057677804e-15,9.30873060304256,96.77644182596742,3.9571998250122844,534.0,31.47236642801806,343.02171758468563,18.520845487846543,-27.340643382329166,212745.78643439355,416.3939729806082,840.121765424527,28.984854069401955,0.6304331536136407,5.246322913611033,4.1395348837209305,36.60743860233831,416.0,-10.0,426.0,-3.446132268436486e-13,11.168225251047618,126.08469566366541,418.4304004252081,735.0,31.500206982028413,341.60876446160694,18.4826611845158,-15.488118124370978,210395.19611954864,700.8773219675751,296.4639265601404,17.21812784713078,0.6336421062690016,6.99791760303257,5.6976744186046515,61.4877065486034,701.0,-5.0,706.0,1.1883827255587676e-12,11.34039935296113,128.733183325876,701.3579685153652,0.0
0.0,0.0,0.0,0.0,0.0,0.0,0.0,0.0,0.0,0.0,0.0,0.0,0.0,0.0,0.0,0.0,0.0,0.0,0.0,0.0,0.0,0.0,0.0,0.0,0.0,0.0,0.0,0.0,0.0,0.0,0.0,0.0,0.0,0.0,0.0,0.0,0.0,0.0,0.0,0.0,0.03715822289768332,17.140376813790205,101.93016961070568,10.09604722704414,-0.01485049438484042,18611.42001895611,0.028959171454712156,2.932647228588688e-05,0.005415392163628307,-0.1375353577221007,-1.4351268519549476,0.0005308317556811903,0.0034813891347461527,0.02843522956132671,0.0,0.02843522956132671,2.8189256484623115e-18,7.640747320143752,60.53914421509907,0.029464040561772396,1.3591573176803955,17.23490187991576,101.82912434416284,10.091041786860405,-0.5539327950637336,18678.28737968738,0.9175827532455835,0.06148466164507571,0.2479610083159764,-0.15054807563152994,-1.2508621408274776,0.019416533109719934,0.11202243086239817,0.881492116401128,0.0,0.881492116401128,5.48172618408671e-16,7.011509542710374,51.83952537277357,0.951221254074211,62.527158815390294,17.558676222967502,104.22750496344122,10.209187282219933,-23.934631584245402,19076.251101717513,30.506814988128774,158.92931769800472,12.606717165781292,0.20071178263857126,-0.7840848798918887,0.8932451259341471,3.869131316447021,27.32625560843497,0.0,27.32625560843497,6.106226635438361e-15,5.594393465202092,33.83090536726386,33.222951101973635,33.410668791368295,17.29641674960836,89.76818967501404,9.474607626441005,18.840245840368702,15670.154111641608,21.796698134900875,75.38236532795577,8.682301845015282,-0.3482845004484621,-0.9786880872498096,0.4772952684481185,2.766987753166811,19.322580645161292,-2.358267716535433,21.680848361696725,-6.938893903907228e-15,5.540414866206521,33.50861679437618,23.49217401523464,15.888191313808392,17.312146799229254,89.82036047458703,9.477360417045826,15.472023043978806,15679.56256268484,10.43939709832144,19.06752917415839,4.366638200510593,-0.31484661998985364,-1.0674722937978502,0.22697416162583417,1.33564585703134,9.161290322580646,-1.1181102362204725,10.279400558801118,-3.3306690738754696e-16,5.478349355403612,32.456342618930655,11.33502089903461,683.0,16.759623319855564,74.68718239581902,8.642174633494687,2.449111386773529,11982.016708881023,1258.9079617491102,373081.74384470074,610.8041779856296,0.48117631270211964,-0.43349937434548913,9.757142857142858,166.9588003682591,683.0,-599.0,1282.0,-5.595524044110789e-13,0.8201533775525622,9.195214771107313,1399.2608763200662,264.0,16.740580340883152,70.42084258514575,8.391712732520444,-10.078952654565695,10799.761270947927,608.2923500195884,120238.41690764627,346.75411592026745,0.558495234602502,-0.5138129666446748,3.7714285714285714,83.60300258254081,284.0,-284.0,568.0,8.615330671091215e-14,0.3213314760010096,7.706587926370347,700.1842614626524,0.0
0.15993390786561798,32.87090097070871,301.0810491922842,17.35168721457035,-1129.1940393652005,170056.80572919064,0.2097379269939686,0.008148777216185244,0.09027057779911041,0.05393901299518392,-0.6766956324299827,-0.0013002756737042123,0.020504784838047685,0.04339909444809256,-0.18827814897610404,0.2316772434241966,2.0122792321330962e-16,-7.3647362623454935,62.724669623067065,0.22786583974812435,0.06429604929778283,26.484649072148095,272.9299268956991,16.52059099716772,1339.6822704114559,150105.8832704138,0.06472231329731103,0.0013454511098003141,0.036680391352878365,0.3399125343002537,-0.9076232361985505,0.0005227321081120555,0.006680534513844364,0.013624449690394115,-0.04307647642460229,0.05670092611499641,-7.28583859910259e-17,-4.334199155516231,24.941840699294612,0.07431717971266537,,,,,,,,,,,,0.0018788336687661422,0.0045292004651955155,0.03273642505493276,0.0,0.03273642505493276,-7.37257477290143e-17,4.33339866651419,22.234857031279546,0.05393778276743308,,,,,,,,,,,,0.02117314104672577,0.03534921209366215,0.19641855032959654,0.0,0.19641855032959654,6.730727086790012e-16,2.1588131413723515,5.408951694203013,0.45325722541256597,,,,,,,,,,,,0.3379298812120014,0.8229913745450205,8.092444273579378,0.0,8.092444273579378,-1.0325074129013956e-14,7.149262313196537,65.11416875491864,9.786361952746622,,,,,,,,,,,,0.07156096233735765,0.6250077857635704,5.722222222222222,-1.3529411764705883,7.07516339869281,-1.479372180313021e-14,6.000441519480707,55.16476024083488,6.920002899933159,,,,,,,,,,,,0.08389147181579175,0.6911362464567463,7.544444444444444,-0.29411764705882354,7.838562091503268,-2.4980018054066022e-15,10.526853416988995,113.9212757534986,7.658299936368277,529.0,30.03903238806899,307.43915767279077,17.533943015556734,47.68508792373114,170113.4313345877,517.071842189078,1371.4149332260633,37.032619853665004,-0.9134891982055624,5.499838390929035,4.300813008130081,46.551821802805364,515.0,-23.0,538.0,-5.506706202140776e-13,10.861475329945295,119.62157669294956,518.4833652104954,726.0,29.978904823873695,310.9178860427234,17.63286380718468,-17.007883825593623,174082.12658011384,678.7917994251325,210.23401679724003,14.499448844602336,0.8143220492465038,7.818006883334004,5.902439024390244,60.969193158318646,679.0,-5.0,684.0,1.9255708139098715e-12,11.074075559562019,122.75370111377578,679.342329021238,0.0
0.0,0.0,0.0,0.0,0.0,0.0,0.0,0.0,0.0,0.0,0.0,0.0,0.0,0.0,0.0,0.0,0.0,0.0,0.0,0.0,0.026935301720839147,116.19464606072025,6281.321416305388,79.2547879708563,1124.803112127541,64218599.496195115,0.018463428740148457,0.0002824848065016209,0.01680728432857673,4.043457265365009,22.65963835937362,5.743134695274871e-05,0.0011516686998518208,0.006588188579745811,-0.007644873149396671,0.014233061729142482,-1.2092784456088634e-15,-1.0841435201174936,11.485364608286616,0.02497199958246882,,,,,,,,,,,,0.013585772781323604,0.2043459877318872,4.242640687119285,0.0,4.242640687119285,-1.798908244587949e-14,20.6861068604398,428.60065955479877,4.246763243624511,,,,,,,,,,,,0.03596240231595008,0.21077709608228085,4.242640687119285,0.0,4.242640687119285,9.950373858202965e-15,18.591889526389835,370.3219021300479,4.433928258743217,,,,,,,,,,,,0.19579228868349005,0.44365179444400876,4.242640687119285,0.0,4.242640687119285,-3.858025010572419e-14,3.574479043871411,19.49923724299183,10.055817224828717,,,,,,,,,,,,0.10602364193756708,0.3260977688683991,3.0,-0.8571428571428571,3.857142857142857,6.394884621840902e-14,3.1598436273293062,17.965160542843414,7.110536550048875,,,,,,,,,,,,-0.05595280861446489,0.26238909548807043,0.42857142857142855,-1.8571428571428572,2.2857142857142856,-8.026912468039882e-14,-4.259790350079868,20.791123138313864,5.5633500982631325,310.0,114.63769760572042,8205.276885714085,90.58298342246233,23401.19793957533,93450137.008971,22.663916640088875,1465.6631218473437,38.283979963521865,5.018726370804046,29.6267511278338,0.6609808102345416,2.052143270282069,13.0,-6.0,19.0,-5.111466805374221e-13,2.3201943081250014,8.003818210027534,46.69047011971501,176.0,122.60513240440405,8673.817711133737,93.133332975545,-87689.60725066175,97549783.86564146,21.825242762406397,1064.8980946013444,32.63277638512152,3.6043841111615005,14.159450245833947,-0.3752665245202559,1.8108610326299848,3.0,-14.0,17.0,-1.5506484984939561e-12,-4.49687312835511,22.90383751819122,40.049968789001575,0.0
0.35245510849328293,24.99319052918376,254.3257986304635,15.947595387094053,845.1047299962345,121990.73995270874,0.2619399422665623,0.003773904845388621,0.06143211574891932,-0.029974470048401924,-0.7066393273113883,0.003146920611547169,0.025322096112874854,0.25479028460600034,-0.0290291707601773,0.28381945536617764,-1.0321604682062002e-16,8.993258235297112,88.36129580188714,0.2700453777036849,0.008912337373609322,24.278360773543096,288.349795764505,16.98086557759954,1215.579528574021,145362.12315795542,0.04473265684987921,0.0004188509228567226,0.020465847718985953,0.8332619169396912,1.0990496725256418,-7.957444083579748e-05,0.004616093925556143,0.010819572185934432,-0.030663332642384942,0.04148290482831937,-1.6425662913155392e-17,-3.927067591175134,20.852120917733572,0.04885940426134311,,,,,,,,,,,,0.012417020903566174,0.08671237611838523,0.8838834764831844,0.0,0.8838834764831844,-7.598088824778415e-16,9.74391960457618,97.8901395768617,0.9018653832490112,,,,,,,,,,,,0.04108124582221489,0.1803742018706405,1.7677669529663689,0.0,1.7677669529663689,-1.582067810090848e-15,8.578403506733846,80.38860260198096,1.9046226068778658,,,,,,,,,,,,0.28268442877229083,0.5458174203314768,3.5355339059327378,0.0,3.5355339059327378,-7.438494264988549e-15,3.7405471670900754,17.703896800390822,6.328481422616978,,,,,,,,,,,,0.14480768244200312,0.40981008578314476,2.5,-0.6470588235294118,3.1470588235294117,-5.717648576819556e-15,3.2015709644067463,15.478051868259366,4.474912128545554,,,,,,,,,,,,0.017927831509962477,0.4190080012483484,4.233333333333333,-0.42857142857142855,4.661904761904762,8.81239525796218e-16,9.716784127782146,98.29862118905564,4.317898319645246,522.0,27.592309500499532,258.1545885665608,16.06718981547678,48.18102044403193,119638.34566659045,398.87121808514786,484.14424041331404,22.003277947008577,-0.24213620206647798,2.2650314409163474,4.660714285714286,37.57434382361857,399.0,-11.0,410.0,2.9665159217984183e-13,10.458234107364218,110.23097302932794,400.6968929253133,730.0,27.489105009519864,261.46124086674246,16.16976316668684,1.6046706769571357,123003.5004830999,762.3047073052096,48.64036317596359,6.974264346579042,0.13465358061439328,1.9037649647057253,6.517857142857143,71.71371433679597,762.0,-6.0,768.0,3.9968028886505635e-13,10.580057817774904,111.95815026859488,762.0747994783715,0.0
0.00016020194614874424,13.762771715687467,59.920923203660905,7.740860624223957,-173.51108180511085,-20710.299645249703,0.000108990517476288,2.9291237616088184e-09,5.412137989379815e-05,0.6611820645341228,-0.0643662140816871,-3.0226782292215893e-06,1.65567402713355e-05,1.922207145450607e-05,-8.167589809802556e-05,0.00010089796955253162,2.456395547037471e-20,-2.257406759243672,8.493063480605604,0.00012252713291660458,0.03051319514739678,11.06452854430282,60.85024749330359,7.80065686293812,85.14824208773874,5719.986806172761,0.005240769764945373,9.961041043607486e-06,0.0031561116969472873,0.32941421348996486,-0.6548448771036011,0.0005757206631584298,0.0008323703871713178,0.004009215350248921,-7.91223370339949e-06,0.00401712758395232,-3.686287386450715e-18,2.3066523358797255,5.832876807252315,0.007368013395865096,,,,,,,,,,,,0.005145507445357343,0.01241908189482508,0.08689978649083652,0.0,0.08689978649083652,1.9081958235744878e-17,5.863331636297528,37.25735823549148,0.09693766957685332,,,,,,,,,,,,0.08769271361608927,0.19442696082798633,1.1296972243808747,0.0,1.1296972243808747,1.7763568394002505e-15,4.693500013498103,22.22885533940002,1.5380430638133513,,,,,,,,,,,,1.619689795295404,4.012051347028276,26.3649814128127,0.0,26.3649814128127,1.509903313490213e-14,5.308695359635912,29.915327599803653,31.1999592034529,,,,,,,,,,,,0.06838627216172462,3.058643300528449,18.642857142857142,-1.25,19.892857142857142,3.635980405647388e-15,5.180666552461234,28.429336192956576,22.061702725505178,,,,,,,,,,,,0.17280413151453872,4.184605755990817,28.535714285714285,-1.25,29.785714285714285,-4.274358644806853e-15,6.310037528881057,41.922713061426364,30.20133942805978,321.0,12.49408982996598,56.8971614632637,7.543020712106238,-0.12621783170128495,5819.401701114617,544.2102727497848,14195.87134129698,119.14642815165287,-0.3115271006118427,-0.9380208745928406,6.056603773584905,75.79824638145254,522.0,-20.0,542.0,-3.197442310920451e-14,6.225187863803343,41.61421151635344,553.5783594036169,442.0,12.474909816484042,56.45449389685334,7.513620558482664,-0.6061825350971337,5726.237802339798,812.289690245628,6878.459120661631,82.93647641816978,-0.17171045817640734,-1.2538921370663874,8.339622641509434,111.09352568405694,799.0,-20.0,819.0,-1.1013412404281553e-13,7.01042395684586,50.14200519980186,811.0487038396647,1.0
24.774174431374334,31.67288299056519,334.6627778480924,18.293790691053957,-59.35479282444603,202336.31895913192,19.987010568644344,83.3989035688255,9.132300015265898,-0.25835910461042894,-1.0089774486408118,0.1935482377451119,1.9411478513044225,16.980778899521564,-4.878505170083667,21.85928406960523,-1.4710455076283324e-14,7.358945810878429,59.23398173882617,22.070478819514218,0.2201265092260018,31.363126999941155,338.25309812674203,18.391658384353,-121.48553625082072,208661.9401272841,0.36552977590282165,0.025885616715436606,0.16089007649770262,0.09219054943840188,-0.9848998506668607,0.00171973835332814,0.035197444747910304,0.2129557274934749,-0.2915458962173488,0.5045016237108237,2.7972416050126014e-16,-2.055673825882348,50.52163003699209,0.39868866920019425,,,,,,,,,,,,0.044277637560876194,0.38989507138613555,4.242640687119285,0.0,4.242640687119285,4.163336342344337e-17,10.4432156397969,111.95812130367649,4.3342125533087295,,,,,,,,,,,,0.07709053332242134,0.41275402529057453,4.242640687119285,0.0,4.242640687119285,-8.049116928532385e-16,9.098411638731546,87.94926952834263,4.637852731385929,,,,,,,,,,,,0.500848101283513,0.9343995439818619,5.252793231671496,0.0,5.252793231671496,1.5543122344752192e-15,2.9563216242759354,9.462111234727285,11.709912982556409,,,,,,,,,,,,0.023078445790035942,0.7492950350271393,3.7142857142857144,-2.875,6.589285714285714,-3.222422328974517e-14,0.5341962624970699,9.513714440576411,8.280158877070027,,,,,,,,,,,,-0.013987138828582355,0.47720646908845527,4.456043956043956,-1.625,6.081043956043956,-4.666406150377611e-15,6.195505066492209,64.60830876459298,5.273181374794791,542.0,31.23123483270925,345.2724053729285,18.581507080237827,59.1336410960184,213471.9152412114,681.5045807511694,3769.006415172807,61.39223416013468,0.8709965581912984,2.922855298490104,4.234375,60.26212071740734,676.0,-46.0,722.0,0.0,10.935542167236324,122.42449694800185,683.4690922053462,728.0,31.43705466081996,342.4943986126194,18.506604189116366,1.555339222952474,211014.03163233594,812.3087187031781,785.5767688009634,28.028142442926242,-0.00623030976083494,2.6375762295810827,5.6875,71.55654997098449,811.0,-26.0,837.0,0.0,11.266615494964059,127.29405345038548,812.1231433717426,0.0
0.5998189317096505,21.31256553964446,167.36592961417662,12.936998477783655,98.08219816265365,50520.35339214045,0.5294223176761521,0.0009717881834894562,0.03117351734228039,-0.5166362202167991,0.6045055545159548,0.006664654796773896,0.05567490038368982,0.5301292290858408,-0.006898890643248227,0.537028119729089,-8.847089727481716e-17,9.392603707539834,88.75156053561149,0.5319493341159994,0.16467399639009866,21.383698004026826,167.5249108608544,12.943141460281364,159.7721719555408,51832.989516735324,0.05910108871800157,0.00023271793987049996,0.015255095537901425,0.9057638565851058,1.1709394754487594,0.0018297110710010969,0.0063986579530045705,0.0573225055807668,-0.003968349871590641,0.06129085545235744,-7.546047120499111e-17,7.459298602730867,63.594553466881145,0.06313604325787563,,,,,,,,,,,,0.0016692034994124304,0.0036642304378746646,0.02209708691207961,0.0,0.02209708691207961,3.903127820947816e-17,3.439192217987292,13.565471290829802,0.037986068856391414,,,,,,,,,,,,0.01921080369171562,0.03215287723988076,0.14915533665653738,0.0,0.14915533665653738,-4.3021142204224816e-16,2.0349514933825614,4.262381656952442,0.35334793320793373,,,,,,,,,,,,0.30176467446938404,0.5893154066456582,4.093251930530578,0.0,4.093251930530578,4.884981308350689e-15,3.794784246348881,19.761701889147126,6.246083291696645,,,,,,,,,,,,0.13084514836688485,0.4495073200545496,2.8943661971830985,-0.8125,3.7068661971830985,0.0,3.1192119342347664,16.71563854659003,4.41664785141469,,,,,,,,,,,,0.023660541127354575,0.5649866547066964,5.23943661971831,-0.625,5.86443661971831,-8.069933610244107e-15,8.960274680283275,83.31055666798481,5.3347452579365084,536.0,22.136491604371983,165.96049544421655,12.882565561417358,19.130043870842226,49723.06843442785,411.5659924012432,1171.433898779861,34.226216541999804,-1.045167603670402,2.760707056976424,5.955555555555556,43.24963997566561,411.0,-13.0,424.0,2.1316282072803006e-14,9.278704676774302,87.31908010498012,414.1738765301356,698.0,21.980764209763883,168.82433134337748,12.993241756520097,-0.5245944245057097,51259.272095049484,744.4700615026384,139.79419292430993,11.823459431330152,0.13256450250681592,1.423624816357063,7.7555555555555555,78.05671885254166,744.0,-10.0,754.0,-3.2507330161024584e-13,9.481224503665484,89.92867031833256,744.157241448338,0.0
0.019762391954170174,162.52986732960193,8849.804631857463,94.07340023544096,-614.1666809229616,140970059.71693924,0.01840611337309144,2.4629141724258207e-06,0.0015693674434069992,-0.053587117842240635,-1.2956218430582365,-3.0310417107622966e-05,0.0007230634273719267,0.0005276160710345689,-0.018345528000660503,0.01887314407169507,4.2100925610327744e-17,-25.021207372949373,633.3537241758545,0.01847912648869052,0.17246124088236803,166.5978198098552,10994.516053462654,104.85473786845616,-63152.97420462542,207258493.35693982,0.03129127770652541,0.0005312460206086635,0.023048774817952113,3.4983459069998615,18.359433060105644,0.0002645111056478036,0.0014890543541384194,0.01748271890404772,-0.008173831372352312,0.02565655027640003,-4.740131898106625e-16,2.653808838073868,45.78935603658017,0.03861717680608479,,,,,,,,,,,,inf,,inf,0.0,inf,-inf,,,inf,,,,,,,,,,,,inf,,inf,0.0,inf,-inf,,,inf,,,,,,,,,,,,inf,,inf,0.0,inf,-inf,,,inf,,,,,,,,,,,,-inf,,13.222222222222221,-inf,inf,inf,,,inf,,,,,,,,,,,,0.06874230329397184,0.7441747524566737,17.5,-0.16666666666666666,17.666666666666668,4.9987791683747673e-14,22.27691268567673,520.6312553280101,17.998402944276314,533.0,162.58264988244028,8850.439352368141,94.0767737136438,1354.208176934151,141104893.08068448,476.72817425476836,754.7938839851525,27.47351240713776,0.06774108565914914,25.884721490447873,0.8174846625766872,18.681430064529035,476.0,-5.0,481.0,1.334043986389588e-12,25.299139461149338,643.9650199613424,477.4735594773809,764.0,162.60826618513528,8860.191019425034,94.12858768421543,399.60534343280017,141299945.14043364,630.1750642718758,277.1307012254314,16.64724305179183,0.7051511292448356,19.27125462092694,1.1717791411042944,24.661784622387724,630.0,-2.0,632.0,1.7115198147621413e-12,25.484453408109754,650.2951045702158,630.4315981928571,0.0
0.08533407441986118,34.43236326507823,344.18108395275215,18.552118044922853,-925.8473371046545,220127.216990718,0.07619448057253882,0.00042479141389980586,0.020610468551195187,0.4935366915178321,-0.4057606254264162,0.0006514051482432148,0.006870020085332446,0.07345659964713612,-0.013587168676369174,0.0870437683235053,1.3660947373317356e-17,9.291288167661854,97.58821320939265,0.07898365088955946,0.15452664013474843,26.427513025968487,385.1213242589616,19.62450825521398,2215.162241323222,269036.06062881916,0.023522437547175153,0.0002576928382856872,0.01605281403012217,3.299350924734232,16.749526620700287,0.0011795926727843392,0.0024786216970418573,0.015984321360895247,-0.002785514714074007,0.018769836074969255,-2.1250362580715887e-17,2.713789961830846,10.849327234862347,0.031417918059382016,,,,,,,,,,,,0.0019683481250749157,0.0073095987877979,0.06629126073623882,0.0,0.06629126073623882,-8.239936510889834e-17,7.001604008578013,54.538636908360964,0.0859784688897637,,,,,,,,,,,,0.016039144877884715,0.03400593472915545,0.2651650429449553,0.0,0.2651650429449553,-1.3877787807814457e-16,4.432041190511371,25.67059441261924,0.42703846631543496,,,,,,,,,,,,0.1775647343321448,0.24913409149341317,1.0606601717798212,0.0,1.0606601717798212,6.994405055138486e-15,1.3446358614100675,0.9515801020501855,3.4747686145306793,,,,,,,,,,,,0.057430106096153906,0.20856725084521618,0.5882352941176471,-0.75,1.3382352941176472,-6.897260540483785e-15,0.2721687224317735,1.9438198018413355,2.457032450388828,,,,,,,,,,,,-0.004763804746704884,0.081323387898272,0.4166666666666667,-0.25,0.6666666666666667,1.2490009027033011e-15,2.4797725901645977,11.121861245167606,0.9252395127124426,107.0,21.665923444669296,415.41879272138374,20.38182505864928,5693.169786678829,348138.440817457,22.926548952923365,501.81950695536165,22.401328240873614,2.21240123497261,4.40387400846659,0.816793893129771,2.789843976916131,10.0,-7.0,17.0,1.3034018309099338e-13,0.775714079702366,1.6430124568614772,33.27160951922825,8.0,18.673412355065274,331.96621992255103,18.21994017340757,5538.314419774764,274783.88697981415,8.601918669068588,80.69930290303704,8.983279072979812,1.9578367058126598,3.2229973951913955,-0.061068702290076333,1.08251703574797,5.0,-2.0,7.0,-2.4966140266258208e-14,2.569881393784355,9.695001115615993,12.409673645990857,0.0
0.060063782786767404,29.06114839876244,348.6502083022558,18.67217738514327,1225.024714882496,223219.16652069433,0.17333505098334379,0.0059905598026192,0.07739870672446149,0.022888311684178514,-0.8289598485647536,-0.0004585021586776136,0.01652213846487126,0.13410787647188788,-0.1145443992557952,0.24865227572768306,3.1582809284502744e-16,1.1360829877167633,51.88635717863691,0.1891773193655302,0.1382922608771814,29.89596832456863,404.3369551966695,20.108131569011316,286.0102664604711,272757.58637874364,0.03814454990765034,0.00042757864414819053,0.020677974856068246,1.0071765909204704,0.9164797633495244,0.0010556661135662703,0.003776397624508925,0.02980900637154605,-0.02016354610206804,0.04997255247361409,-7.892991815694472e-17,2.307129343751107,32.24381238359499,0.04487989421763898,,,,,,,,,,,,0.002396144318741611,0.010566542807543473,0.10475656017578482,0.0,0.10475656017578482,-1.0321604682062002e-16,7.939098442235066,70.72911277298945,0.12353596029086118,,,,,,,,,,,,0.019156332446041473,0.045468838308505136,0.31426968052735443,0.0,0.31426968052735443,1.1102230246251565e-16,4.075522205189027,19.68522606792069,0.5625561686516924,,,,,,,,,,,,0.2690796432604393,0.8385917032716648,8.873049609082807,0.0,8.873049609082807,3.552713678800501e-15,8.508512638582589,85.69809800384854,10.041572929462859,,,,,,,,,,,,0.1291066527967379,0.6092219807346435,6.274193548387097,-0.8235294117647058,7.097722960151803,-4.107825191113079e-15,8.020307374709088,79.98958629205868,7.100464312202452,,,,,,,,,,,,0.07996422531016022,1.026869261716821,11.709677419354838,-0.3333333333333333,12.043010752688172,-4.413136522884997e-15,11.302285695028853,128.4884425987972,11.743556468910029,520.0,32.02483910420661,350.10155170254114,18.71100082044093,73.97329199759395,220141.4301114424,389.5638442920349,945.5804511804644,30.7502918877279,-0.5021745493547412,5.005186410985856,3.969465648854962,34.01165918891901,389.0,-14.0,403.0,-2.4069635173873394e-13,11.20000076818982,127.22301867552622,391.9234619157164,716.0,31.99350888624847,352.2819877773837,18.76917653434438,-5.451624109412898,223460.51647632557,726.1067733376871,84.8614054405119,9.212025045586442,0.1596285352656726,3.7614121975441996,5.465648854961832,63.20272698121054,726.0,-4.0,730.0,-9.823253321883385e-13,11.44128046544497,130.93482679226457,726.0881489185731,0.0
0.11766472510567615,30.228305070216308,242.78490701871442,15.581556630154589,-1063.5936369292667,108228.37867495157,0.10194694782956525,0.0021335588117272816,0.046190462345892164,0.4725135798480956,0.37781681305791065,0.0010794928908777629,0.010670982161890788,0.08947239336078533,-0.03315629742908024,0.12262869078986557,2.6020852139652106e-17,5.750629837002241,46.458459324256886,0.11197693069062183,0.11942492442955119,24.659461305113933,256.0339707133572,16.001061549577177,1142.799388773494,119742.6061245824,0.04781498202932623,0.0004262130670011358,0.020644928360281027,0.5023072673389971,0.24316058895283166,0.0010956415085279928,0.004965569883051972,0.020094702975582086,-0.034815363891986556,0.05491006686756864,2.211772431870429e-17,-2.3489564943631107,27.39514711163834,0.05308905055730766,,,,,,,,,,,,0.0026741974527395647,0.013270919859331607,0.13258252147247765,0.0,0.13258252147247765,8.847089727481716e-17,9.286357550082442,90.6090512736282,0.13739239618949525,,,,,,,,,,,,0.023484738445918325,0.06579975618427646,0.5303300858899106,0.0,0.5303300858899106,9.853229343548264e-16,5.595541640788259,37.00849480521255,0.7090539527706562,,,,,,,,,,,,0.4209350573287551,1.6133027700090976,11.852456522745939,0.0,11.852456522745939,4.9960036108132044e-15,6.596501557710755,44.32949103418834,16.921377351485354,,,,,,,,,,,,0.27766079529996385,1.1458056370332157,8.380952380952381,-1.0292397660818713,9.410192147034252,1.5210055437364645e-14,6.545279047565277,43.98989218141604,11.965220672251757,,,,,,,,,,,,0.2781334986597393,2.3619803160505137,17.38095238095238,-2.134502923976608,19.515455304928988,1.7208456881689926e-14,6.9730672570583625,48.15204465803164,24.13710532392277,523.0,26.31463343111301,189.93677352388187,13.78175509591873,3.036246301246345,75524.81633312421,557.3466500797067,64491.80423752157,253.95236607978586,0.16480476968582528,-0.871817316962025,4.798165137614679,58.394856474593084,354.0,-352.0,706.0,-2.113864638886298e-13,1.8224048504075196,34.606709495073474,611.7148028289,690.0,26.452033766050477,188.28091628521278,13.721549339823575,22.591562001692207,74387.55694972645,1152.1353616740864,281783.51578752924,530.8328510817028,0.1976848672975248,-0.9301356526026227,6.330275229357798,120.94566640035178,730.0,-730.0,1460.0,-4.4586556668946287e-13,1.8861953322601004,34.75029306343377,1264.438215177001,0.0
33.01808936642475,140.710036729858,7037.171969191071,83.88785352594898,39051.243120887215,89408588.5004773,29.470818595092872,5.319847931779239,2.3064795537310188,0.17786818717737768,-0.6845540830855656,0.056732112313444584,1.2245803936847202,29.43317107597947,-0.7025026980898054,30.135673774069275,9.066358774845185e-14,23.793165786887908,570.9405751421677,29.574291568552923,0.15435020317872397,160.86022612494526,6450.593127378327,80.3155845859216,-118322.8867876927,80915004.42569704,0.40771377308385776,0.014477415535775563,0.1203221323604912,-0.1276544033392923,-0.12223079944704915,0.00026520653467134695,0.017602998260904754,0.10647404169226002,-0.38872920503109754,0.4952032467233576,2.649790109554573e-16,-17.79118842642064,414.8652936873609,0.4247148260734952,5.038929451818697,144.55362584118976,7054.991238577737,83.99399525309971,4175.9781381366165,89598572.36136732,4.687492938501285,0.003384115496521662,0.05817315099357832,0.2743739751447943,-0.3583959791091324,0.008657954384568223,0.1941563560152212,4.68785606786637,0.0,4.68785606786637,7.108896804552955e-15,24.11333730383539,581.6324070191401,4.688613946524781,33.24762578573434,143.8822410042915,7052.37650954892,83.9784288347247,10476.592950834209,89563181.97195913,28.12667291157542,0.4999274059822533,0.707055447601002,0.5368626922297735,0.09851590492712935,0.057126504786485184,1.1652942905602173,28.127136407198222,0.0,28.127136407198222,8.180955912706622e-14,24.078162457552104,580.4873609040587,28.146108020753445,258.97712627765173,142.2077936702464,7041.62621599528,83.91439814474796,26345.607579348685,89459753.2944406,169.09879783310518,157.35001404473303,12.54392339121748,0.3141314656010278,-0.11150913295436811,0.44497788020215073,7.022232006453733,168.76281844318933,0.0,168.76281844318933,1.0875744749228033e-12,23.73184803589808,569.0461039498405,169.7488531384105,109.21439111826386,142.0160680992051,7047.705791553287,83.95061519460883,26753.948618694845,89535187.0464841,119.67594437569207,83.51769090646042,9.138801393315232,0.3563820605497778,-0.27471219758342974,0.18765359298670756,4.971886961929583,119.33333333333333,-6.586956521739131,125.92028985507245,5.491718191308337e-13,23.702009136543335,568.5335518547672,120.03056515280944,135.75056054906858,146.0548187940994,7026.542136624266,83.82447218219907,-8539.194069749848,89158781.73824634,151.15511998933937,130.70048499419255,11.432431280973988,-0.12358156105659582,-1.0061667687179139,0.2332483858231417,6.2770992863439545,150.66666666666666,-3.3518518518518516,154.0185185185185,-3.3256730702646564e-13,23.731105418375385,568.7176588178436,151.53749803722988,539.0,137.9358473232326,7024.997348270052,83.81525725230492,50552.00650478082,89190256.02947533,789.4207089826102,89704.68649743465,299.5074064149911,0.023192864979019297,-0.5336551590515182,0.9261168384879725,34.996460867310255,716.0,-303.0,1019.0,-5.588862705963038e-13,14.128528439895572,312.9332714424862,844.5738570427101,800.0,146.577573475949,7016.658086650092,83.76549460637173,-14196.597421278691,88971198.58841841,1071.4251082048668,234682.50554942706,484.4404045385016,-0.23497994797513755,-0.9207180199123333,1.3745704467353952,48.690945262837786,904.0,-255.0,1159.0,-6.8833827526759706e-12,15.172011573332293,266.4447697056536,1175.1212703376618,0.0
0.000293362213089083,11.157103390309501,47.12382282510976,6.864679367975591,21.935741970074602,-3064.097938074898,0.0004192986903476731,4.591868587557345e-09,6.776332774854955e-05,0.6683988446613913,-0.25771470625338727,6.111712772689228e-06,6.087112815745723e-05,0.00041290181237475587,-4.098306808670326e-05,0.0004538848804614591,1.6432439176733427e-19,6.390283901108684,43.04850896380209,0.00042384793175915896,0.02833444927551375,11.249810191454106,45.130207650015194,6.717902027420108,3.258219741569951,3553.839900500921,0.010613353549179373,1.546459017939471e-05,0.003932504313970261,0.31956461533771513,-0.10451659363900667,0.0005903010265732031,0.0016251764696571362,0.009245738625936301,-0.00240639061577018,0.011652129241706482,1.5178830414797062e-18,3.5108468460388775,16.52328953374752,0.01197928984773427,,,,,,,,,,,,0.003026166557982168,0.003466717612876271,0.020187872039886406,0.0,0.020187872039886406,8.673617379884035e-18,2.509761904035057,11.400179281996085,0.03154779401276072,,,,,,,,,,,,0.05063380812268805,0.04872908974948245,0.22206659243875046,0.0,0.22206659243875046,1.3877787807814457e-17,0.890772677913024,1.4717261314519865,0.4817680100447313,,,,,,,,,,,,0.9081531060710224,0.8108406775645075,3.5899267352547795,0.0,3.5899267352547795,8.43769498715119e-15,0.7747898840472153,1.1081072730342738,8.346473471928526,,,,,,,,,,,,-0.4971063609196042,0.7028425144818191,2.5384615384615383,-1.85,4.388461538461538,1.2212453270876722e-15,1.5610102192231292,5.997496740505604,5.901847990994288,,,,,,,,,,,,-0.31035035660348564,1.027857368431929,5.9,-1.25,7.15,5.329070518200751e-15,4.747882421590655,28.520339096605557,7.360841075796626,270.0,10.756704029382826,54.57961329292127,7.387801654952661,46.953223085558676,5052.0780145175195,136.04125991606213,4059.0256004504263,63.71048265749072,0.7261465794909672,-0.020036831862875932,-5.625,21.437530369269062,78.0,-37.0,115.0,0.0,2.6450424556901972,7.830537537410142,153.55129436120035,251.0,10.907586560101192,52.35387176222612,7.235597540094814,22.690699619473946,4843.0305009262665,135.78793120548121,2445.3044056021786,49.45001926796569,1.3548855910118902,2.96879300772339,-5.229166666666667,20.552006778874144,118.0,-49.0,167.0,-6.927791673660977e-14,4.389089804783568,27.284124959660243,146.9251510123437,1.0
0.00014718886747499196,11.44245244936864,46.83770068555049,6.843807469935904,-24.880096096755707,-3698.4403354061524,0.00039553028733052174,1.7539502403045504e-08,0.000132436786441855,0.35379549935074117,-0.30337994960213754,-3.131678031382806e-06,6.019152579116881e-05,7.817848389879439e-05,-0.0003523043858173536,0.000430482869716148,5.166900978251232e-20,-4.19354136645784,24.166886907826306,0.0004132104520277478,0.032266042197414274,9.487491165406938,51.511656312702044,7.177162135043491,82.37871498901626,4294.70848038328,0.009448551923889657,3.579528952242551e-05,0.005982916472960784,1.2251692491170154,0.8412956216184508,-0.0006865115361151974,0.0016138321655433127,0.004009215350248921,-0.006638793674456496,0.010648009024705418,-6.505213034913027e-19,-0.8585408402667684,4.613084202142962,0.012023325677398451,,,,,,,,,,,,0.0028105677326066463,0.002398876661505865,0.00719628313847494,0.0,0.00719628313847494,6.938893903907228e-18,0.004176326750614869,-1.4907536670471038,0.025061512523541163,,,,,,,,,,,,0.048964728166021765,0.040939008100584304,0.14481546878700494,0.0,0.14481546878700494,1.3877787807814457e-16,0.12727901781138692,-1.0327589276602587,0.43287776736288636,,,,,,,,,,,,0.9454745066154362,0.8940904174524125,3.961877700471685,0.0,3.961877700471685,7.549516567451064e-15,1.1852871792895616,2.518363491056554,8.825684505636765,,,,,,,,,,,,-0.3780527138391589,0.8388897449479359,2.801470588235294,-1.4705882352941178,4.272058823529411,-1.1102230246251565e-16,2.1849079499540185,6.105793572173166,6.240701362548799,,,,,,,,,,,,-0.005496945154873616,3.7786077324287515,25.058823529411764,-2.9558823529411766,28.014705882352942,1.1600095883856909e-14,6.542229941083284,43.846852858393774,25.62779163624744,109.0,10.905615849764915,44.64857033916321,6.68195857059614,-2.4573312766931528,3558.627006953512,397.3236487740914,5332.439863972866,73.02355691126574,0.2635961183579766,-0.3651209248640394,2.3191489361702127,58.29605525976998,381.0,-25.0,406.0,-5.861977570020827e-14,6.063007678040276,39.10860997637434,399.97374913861535,349.0,10.816617430028685,45.80117023978971,6.767656185104982,2.6328292603368686,3732.680083420987,541.3794503291274,60517.377717853415,246.00280022360195,-0.4750955937843756,-1.0971816405484216,-7.425531914893617,85.81096113113396,426.0,-402.0,828.0,-5.1514348342607263e-14,0.6953402795379459,22.843430153407034,590.4887805877432,1.0
3.400454845799717,107.22728306919768,4135.7533160270805,64.30982285799799,-23474.58278868433,29079532.02119505,2.332639420146254,0.2311390408049505,0.48076921782176374,-0.07683326333239833,-0.6355141095083794,0.00803890034468018,0.1156637327126369,2.280999758287246,-0.14024476305518924,2.421244521342435,9.738737594133795e-15,18.24266127892593,354.5624771519254,2.3845904935933127,0.2764455022345883,101.06398875503159,4737.05519510139,68.82626820554337,40351.984594155656,35816054.91327228,0.10042547937317707,0.0030159309521347838,0.054917492223651145,1.4842165806143528,3.5850214102408215,0.000653535466275622,0.005558678120850735,0.07844911932949357,-0.02643336970539816,0.10488248903489172,1.3292318634672284e-16,8.651079002136767,111.15644240487602,0.11511256524407165,0.5564468782518311,103.58961937408037,3820.895690543398,61.81339410308576,3924.0535470231735,25796965.712685496,0.19407041492045468,0.006681467145482831,0.08174024189762856,-0.21263198633607644,-1.0356401040195746,0.0013154772535504274,0.010226739052451734,0.17059208788101107,0.0,0.17059208788101107,-6.214646852686911e-16,14.45454265509017,219.36713416028147,0.21206591493638344,7.55605805995039,104.1144021776303,3779.854577736291,61.48052193773481,2760.4572270978483,25425437.919959642,2.481939065343514,0.5342402254574086,0.7309173862054511,-0.009078910308735517,1.0866563871136201,0.01786302141832244,0.12565136268571578,2.388289230334155,0.0,2.388289230334155,5.176414852314792e-15,16.657347989951916,304.4675730295913,2.6102509646782512,114.73586408637553,103.90204444974972,3795.794311365227,61.61001794647707,3273.8988171459087,25653600.407993674,34.25617512762889,77.01339815041408,8.775727784657754,0.36653501736742156,4.4475011770636605,0.2712431775091622,1.7173448844605517,33.43604922467817,0.0,33.43604922467817,-2.5723867480564877e-13,17.32603726577679,330.4211067202494,35.75841146670819,58.73255852528798,103.59940249236566,3754.588534680087,61.274697344663295,5466.857212866247,25119006.14629833,24.339955114716712,40.23938261005251,6.3434519474851,0.16987751981526225,1.792929717847835,0.13884765608815136,1.2215336610846759,23.642857142857142,-2.7870967741935484,26.42995391705069,-7.682743330406083e-14,17.08593499660164,325.65889149482086,25.285015232568163,31.300972944850912,104.60100901036664,3688.0984161895444,60.72971608849777,4055.2590712656242,24330668.766018797,70.29508511720482,53.95173746626987,7.345184644804368,0.3377583180485397,4.236619151982926,0.07399757197364279,3.4324075696443543,69.78571428571429,-4.363636363636363,74.14935064935065,6.059042156891792e-14,19.859250414329715,404.03674592764594,70.61060533173868,548.0,105.82491088108246,3625.099532490086,60.20879946062773,-329.69473856040736,23239472.816468745,513.2746738733799,51189.0001554364,226.24986222191694,-0.26308660244977494,-1.193144651093715,1.2955082742316786,27.240981393753845,331.0,-432.0,763.0,-2.113864638886298e-13,-5.266893604735393,201.60290345410567,560.897495091572,728.0,104.71507364973894,3680.777717837194,60.669413363219476,5292.456219038348,24198195.84096591,1010.292985238232,63097.316205910065,251.1917916770173,0.16774261867310541,-0.22438105454109755,1.7210401891252955,50.55781239521634,977.0,-69.0,1046.0,-1.856736986383112e-12,17.413830727256546,330.08821181397553,1040.4229909032192,0.0
0.0012266588443502298,285.7032293334876,26102.67102134162,161.5632106060709,-210009.8186750672,1228975578.1940978,0.0013494150270093788,1.742953256041661e-07,0.0004174869166862192,-0.11311790506199136,-0.7003915199473375,-1.094254098439099e-06,4.216949346543312e-05,0.000452586078174162,-0.001275519668298941,0.0017281057464731031,-1.5007729759451693e-17,-24.321255381718764,763.9195908784224,0.0014123663346575187,0.23330036605515245,279.44433665519955,31288.601928103068,176.8858443406455,-11729.68616751598,1531169153.5520673,0.12672387498631588,0.004018035493493515,0.06338797593781896,0.5100343519825419,-0.2981896763496972,0.00020811807855053769,0.004230118644996875,0.050486615108761124,-0.08833640476449575,0.13882301987325688,1.6814891493077688e-15,-6.061184171649052,201.50167209521524,0.14180134036213812,,,,,,,,,,,,0.062182526837597216,1.4514642259336485,45.254833995939045,0.0,45.254833995939045,3.260031133933694e-13,30.65736105304456,953.2861277977506,45.66495029034199,,,,,,,,,,,,0.104560047576356,1.4891139861293416,45.254833995939045,0.0,45.254833995939045,-6.314393452555578e-14,28.693419305020047,860.0140335249177,46.92177051250697,,,,,,,,,,,,0.38658790182842057,1.880254777478783,45.254833995939045,0.0,45.254833995939045,-1.4444001550373287e-13,16.519310798452775,353.8238777996082,60.33730633085198,,,,,,,,,,,,0.20984910712673885,1.341032240206805,32.0,-11.9,43.9,2.335354132299017e-13,14.65861189997893,345.81386974959423,42.66491846507543,,,,,,,,,,,,inf,,inf,-4.233333333333333,inf,-inf,,,inf,537.0,279.07958050431387,23234.21883438266,152.4277495549372,2271.569549510236,1069566827.3269684,695.7667609855206,107964.52145057463,328.5795511753198,0.25735244390544154,-0.6202394836075742,0.4790365744870651,22.971256859656194,360.0,-431.0,791.0,5.401568081708774e-12,-9.286758254946523,269.21718614447616,769.2756333070741,727.0,279.34682838186137,26095.573176341793,161.5412429577716,19707.153181311423,1255500288.2791505,437.08732022145824,45377.09771591017,213.0190078746734,0.5603654309399398,0.11160921646585502,0.648528099910794,14.516025782698424,276.0,-127.0,403.0,2.1531665339580286e-12,12.733718678609764,255.75932134505254,486.50077081131127,0.0
4.223865712190097e-05,13.362204668354288,36.586200845297036,6.048652812428321,-116.66952495853627,-49452.778441030794,5.70968881760155e-05,1.464419085003974e-09,3.826772902856889e-05,1.002564383247648,0.6211255852201748,-9.386368249311327e-07,1.013189180470588e-05,2.511923478329956e-05,-2.7826895679716465e-05,5.2946130463016025e-05,1.6093625997831706e-20,0.0,1.8167193866751998,6.82578360220439e-05,0.005002301421449275,10.240668217648038,40.17040717278211,6.338012872563617,21.552038550403843,2514.122380273667,0.0052328530961021375,5.251460888880936e-06,0.002291606617393338,0.06412246469577593,-0.7767922858532912,0.00011116225380998386,0.0008420742603034168,0.004009215350248921,-0.002645585283098955,0.0066548006333478765,-2.2497195079074217e-18,2.3109245524233497,14.144791188161403,0.005697813158940435,,,,,,,,,,,,0.003051948167716789,0.00319123488924317,0.016918082167060953,0.0,0.016918082167060953,8.673617379884035e-18,1.85868784120188,6.7601724550208235,0.028955652516915717,,,,,,,,,,,,0.052797298463343335,0.052764864728299055,0.27068931467297525,0.0,0.27068931467297525,4.163336342344337e-17,1.7131349845472537,5.558357153247483,0.4894716376026208,,,,,,,,,,,,1.0444427683210986,1.1843089111699507,5.755750302805184,0.0,5.755750302805184,6.661338147750939e-15,2.1555281973251836,6.070237935479909,10.35462585587312,,,,,,,,,,,,-0.36077584149165665,1.0566763643062071,4.06993006993007,-3.0625,7.13243006993007,2.6645352591003757e-15,2.0296812300366573,8.254969640559475,7.321826159337442,,,,,,,,,,,,-0.10564203808047853,2.0340796783526596,11.9375,-1.2666666666666666,13.204166666666666,5.828670879282072e-16,5.1872149310054825,29.492886237467644,13.356329445554026,321.0,10.484146666830036,40.18253263157886,6.338969366669858,-2.9297795386418923,2908.911058969524,594.4948939411349,6910.4574415549905,83.12916119843258,-0.48748405074728324,-0.3633555515138153,7.133333333333334,88.48442424140721,582.0,-49.0,631.0,2.042810365310288e-13,6.304630314877082,41.168645486095215,595.4972711944195,442.0,10.511798715049608,40.06591862373224,6.329764499863501,1.4230875794520725,2886.417877157081,617.3292353779758,16625.433329461877,128.93964995090485,-0.22757031033127004,-1.303417349634328,9.822222222222223,92.96147084533673,593.0,-20.0,613.0,3.126388037344441e-13,5.837023132882148,35.71839394055966,627.0757529995877,1.0
0.7254127120352999,67.57863717464592,1580.8402478252708,39.75978178794837,1571.4336607004102,4491566.489222414,4.736206982437505,4.919247903578513,2.2179377591759675,-0.4601642912231334,-1.0944851932701036,0.0026474916497638713,0.3149145698911881,3.857688033069316,-3.477345660400262,7.335033693469578,-9.71445146547012e-17,1.78164754133544,135.87510472340168,5.212947877971745,0.30782303451249954,67.59291553856986,1545.404921527848,39.3116384996587,-4375.8630991905075,4288049.591237538,0.248396223650684,0.006761420052196449,0.08222785447885922,-0.20390217641982264,-0.36036730022733665,0.0011234417317974438,0.015788292247684698,0.1999962275916792,-0.10399466420951817,0.30399089180119737,8.530502693115949e-16,5.5306130875349115,104.6003825024258,0.2620035274531897,0.2915361781058931,58.14042357397076,1867.1059899611876,43.210021869482865,19762.30257842105,5865836.181048925,0.05006769416990448,0.0010075954652748944,0.03174264427036434,2.740400060489297,11.272978037270203,0.0010640006500215076,0.0035720941415509763,0.03928371006591931,0.0,0.03928371006591931,-1.5742615544489524e-16,6.920972117375468,60.46884464283482,0.06169599159898197,4.379251831158342,48.233748705282245,2017.0385632669227,44.91145247336054,58474.67317855646,7631178.36172851,0.5402075741811617,0.28239611969551276,0.5314095592812692,2.6936514465090986,9.842061617216203,0.01598267091663628,0.04570278830331722,0.37974253063721997,0.0,0.37974253063721997,8.874845303097345e-15,4.971653749424408,31.208572111963004,0.8014413466759087,73.4209336089846,49.23785708570558,1976.2559730234657,44.455100641247746,53378.699639865255,7293042.338661259,9.385221120523946,74.9785809157442,8.659017318133982,2.7846226014304243,11.189124791034647,0.26795961171162264,0.7700852189614977,6.835365551469959,0.0,6.835365551469959,-2.5202062658991053e-14,4.923941537994708,30.46380734207214,13.496829473777323,19.55985319357307,48.08045983469335,1819.4600933717054,42.655129742760195,49840.02127696028,6486914.747101415,7.007766099074094,40.76372901790288,6.384647916518411,1.979178754425045,3.2289442145823517,0.0713863255239893,0.5721195605063646,4.833333333333333,-2.0555555555555554,6.888888888888888,1.1934897514720433e-15,3.9882874232086993,28.65994075033186,9.543699645426406,6.999972893371791,67.68800886807097,1574.8901487736268,39.68488564647285,772.0295700598784,4450099.893379591,9.515131230300494,0.7316430716712732,0.8553613690547833,0.28271294748776327,1.8865502395088032,0.02554734632617442,0.5760220029678115,9.448717948717949,-0.7142857142857143,10.163003663003662,7.188694084447889e-15,16.04580116051884,263.2086710265876,9.544233864340027,544.0,63.77281692209285,1662.073896632469,40.76854052615165,7598.9953929600815,4749349.258515185,286.1034203390538,7394.497103871371,85.99126178787802,1.285598054344168,1.7798028901322653,1.9854014598540146,18.01012910520851,260.0,-37.0,297.0,-6.008527009271347e-13,11.281401711728737,155.93861691937974,299.9266577015121,696.0,67.98467035664028,1564.7721858734596,39.55720144137423,98.52773050177085,4405410.479786991,737.3633962440643,193.48465314160177,13.909876100871703,0.12017683448768748,1.9234725252085794,2.54014598540146,44.470857282313524,737.0,-11.0,748.0,1.943334382303874e-12,16.531072195326022,273.5188638594954,737.3235382110081,0.0
99.48677948436081,65.3917989256537,1447.4622679258346,38.04552888219369,-847.3659293742517,3773925.3140740558,86.19370470330126,58.032675489049105,7.617918054760704,-0.04588383031568031,-1.1777937108286454,0.37542180937494657,5.305437977001992,85.90218670886743,-0.7993152654776716,86.7015019743451,-1.1890488593735427e-13,15.922937077097327,256.73074671674254,86.58223039766219,0.47061169818282406,64.25236383888766,1471.4312102678155,38.359238916691446,-8525.342547627433,3788228.6404666523,0.7571225254833023,0.11811648631041857,0.3436807913026542,0.1357167783619131,-0.8073456010010537,0.001775893200689902,0.05098065238588672,0.49837943114451694,-0.42185598666973495,0.9202354178142519,-2.6302744704498338e-15,4.778210113628688,84.19176396622248,0.8304082666393555,0.3077784618679533,54.38459215313806,1598.1279041060416,39.9765919521167,23728.78290551058,4648699.294340135,0.05685076560686167,0.001030639132635053,0.032103568845769356,2.1925145984303,7.190002024605,0.0011614281579922774,0.004003094659486326,0.04535378771458905,0.0,0.04535378771458905,-2.3115190317390955e-16,6.9005601184599215,62.186430410775756,0.06785297184376764,4.727730922293122,45.75422793702479,1507.1193240873197,38.821634742593204,41090.53585743859,5000827.5899652075,0.6679336892288734,0.3156588534644282,0.5618352547361444,2.004236141871017,4.795889529894088,0.01784049404638915,0.05351492725365271,0.34633801527504365,0.0,0.34633801527504365,-5.2388648974499574e-15,4.355289849846522,19.784965516381934,0.918294411775163,81.15184199964727,54.08616372479224,1605.0512536684344,40.06309091506089,22267.92899205992,4634070.571539312,14.634419055750158,72.40659960664958,8.509206755429648,2.1727454405636286,5.787797961552519,0.30623336603640494,1.0379432016949495,11.55614510967729,0.0,11.55614510967729,1.7985612998927536e-14,6.578949494485645,56.994321489150636,17.616549479707164,22.907475232026307,53.09171023952683,1600.3320155400634,40.004149978971725,25015.986658940285,4629953.0807809895,10.629313206037365,40.789180471170795,6.38664078144143,2.3958500856885734,6.373084061974901,0.08644330276236345,0.7603157486313856,8.17142857142857,-3.4285714285714284,11.6,-2.475797344914099e-14,4.564697678226998,54.20465939450533,12.45678159820928,14.986379436696778,66.01740227834794,1442.1930879014933,37.97621739854423,-188.8204823202897,3734909.9921252914,25.01474369314275,6.212564952428945,2.4925017457223464,-0.7461028431936947,4.1867498688048865,0.05655237523281803,1.5413364087755193,24.82857142857143,-1.4705882352941178,26.299159663865545,5.6621374255882984e-14,15.74300864742215,253.5687396800716,25.10802193488743,529.0,61.175530298996506,1553.1626463241075,39.41018455074916,6693.099547336404,4189600.5904063424,309.6258364734249,9867.841388131916,99.33700915636587,2.254830605780907,7.1172491161280975,1.9962264150943396,19.937354362292034,286.0,-53.0,339.0,8.220091274324659e-13,11.005692801759787,156.6189764662553,326.17939849107574,712.0,65.69637095229812,1445.6449917893538,38.02163846797444,68.36052852821992,3760885.1427420895,870.7576316796789,1858.3665685662395,43.10877600403704,-0.7134875311962126,3.854333663908793,2.6867924528301885,53.4545832185618,869.0,-25.0,894.0,-7.37188088351104e-14,16.152378426195707,262.2699329228186,871.276075649963,0.0
0.001218181742706245,4.589026578814578,8.5237989517052,2.9195545810457455,-0.7208424205805611,-1751.5806643602205,0.0015965758294378264,4.289208153943728e-08,0.00020710403554599627,-0.09038342850180525,-0.9561123867744861,5.80086544145831e-05,0.0003428536018788388,0.0015633473399946176,-0.00029060667118938885,0.0018539540111840065,1.7618285302889447e-19,4.2845829941190186,19.327186955328287,0.0015934822002375683,0.006144466273936577,4.855334633704866,7.499515225584962,2.738524278801443,-3.0357961923482715,-397.29333964751515,0.005914323622682238,2.050524479031933e-06,0.0014319652506370165,-0.7680757775238287,-0.16164198283555803,0.000292593632092218,0.001295898787949867,0.002606409867583821,-0.003160653098867392,0.005767062966451212,1.4094628242311558e-18,-0.3460123027541425,1.6741558054150256,0.006088042275244799,0.004983009348079826,4.298610987454549,7.960778101933873,2.8214850880225955,2.076174206827723,-839.8333611877221,0.0031477500470542493,4.2010427153744166e-07,0.0006481545120860007,0.23623311759210752,-1.2022478050388525,0.00023728615943237265,0.000684404656470847,0.0031162900325397737,0.0,0.0031162900325397737,0.0,3.8583077091360587,15.777026081205069,0.003319488448601683,0.23393667438088792,4.380160283715861,8.083493681447697,2.843148550717619,1.2789451540851262,99.87650349467646,0.1758482769029029,0.0001930300047881043,0.013893523843435267,-0.5745131249070106,-0.4019034492407121,0.011139841637185139,0.03756514914904419,0.1776285318547671,0.0,0.1776285318547671,1.734723475976807e-17,4.45159188261101,20.135932325123893,0.17955491234750862,14.042183460309907,4.49478100765241,8.106436571378255,2.8471804599249158,0.5288005680529795,118.32454415900642,10.014249552877853,0.7845930069431364,0.8857725480862095,0.32037407475559,-0.13319868096553997,0.6686754028719004,2.140949278872705,10.124826315721725,0.0,10.124826315721725,-1.1102230246251565e-15,4.404417107014809,19.814813387237518,10.278453326806542,7.68429760517842,4.632125893810746,8.222187583686777,2.8674357157025816,-0.8116547530212608,121.86257977824235,7.189454680461017,0.8237863788033843,0.9076267838728561,0.7783259577813025,-0.4651130129826823,0.3659189335799248,1.5432104971790002,7.15933334618284,-0.46019579016643775,7.619529136349278,5.551115123125783e-16,4.356845314352707,19.511544796980424,7.267964047494335,5.1648744794449675,4.490868454589856,8.314763492043644,2.88353316125264,-0.09184326803464858,120.98987725235175,5.231101741723524,0.25272362904311485,0.5027162510234923,-0.0793038408879019,-0.7676877999566367,0.24594640378309368,1.119141820985495,5.205701861465187,-0.5542261722314101,5.759928033696597,-8.326672684688674e-16,4.441164964341601,20.143104271933204,5.250936014584819,531.1699829101561,4.624611973886666,8.221228515804267,2.8672684764082117,-0.46158448364667215,129.30998121048466,436.4796210074398,22518.586175541783,150.06194112946088,0.44378303238299033,-1.1032422597773928,25.293808710007436,98.29223071105879,408.0820007324219,-117.94702148437511,526.029022216797,-6.394884621840902e-14,2.9921528753700612,11.054659303161907,465.10636086975165,339.35198974609375,4.4833185493422905,8.326452776101641,2.885559352378953,0.5258095721225563,118.66673322072818,309.1627546157943,9370.480246699453,96.80124093574139,-0.11665238830118782,0.254325779928415,16.159618559337797,68.99081048547936,296.7250061035156,-75.92898559570318,372.6539916992188,6.394884621840902e-14,3.325432071810983,13.52578418822895,324.71244089495406,0.0
0.0,0.0,0.0,0.0,0.0,0.0,0.0,0.0,0.0,0.0,0.0,0.0,0.0,0.0,0.0,0.0,0.0,0.0,0.0,0.0,0.0021506602722302804,5.540141427905351,11.578320903292774,3.402693183831415,1.8186556320824114,-1937.1210802022981,0.0013746787489682048,3.709389969255117e-07,0.0006090476146620326,-0.35916219756243534,-1.2545620134693156,8.602641088921121e-05,0.00029463560093095936,0.0012212705595520028,0.0,0.0012212705595520028,1.3552527156068805e-20,3.411482982062316,10.776648670913165,0.001534687921911381,0.14672012361390505,5.528016345908672,11.842070053189302,3.4412308921647936,0.042538580932638126,228.3589026455979,0.13158302981367634,0.000105536501527174,0.01027309600496238,-0.007254371723942082,-1.4819967979564261,0.0058688049445562015,0.02586336793769524,0.1317693529899504,0.0,0.1317693529899504,1.3010426069826053e-17,4.90436671165049,24.287708946069095,0.13260436197179276,3.266033794591594,5.554229842473075,11.783774275230241,3.4327502494691107,0.13677941573452745,248.77482574686795,2.645929961383233,0.17611226438590774,0.41965731780335697,-0.07568967167224627,-1.475709237764286,0.13064135178366376,0.5249752496997981,2.635387059799008,0.0,2.635387059799008,8.326672684688674e-17,4.644268047569934,22.18518832762902,2.704931494480167,82.66151245520369,5.598326742458693,11.834989431419377,3.4402019463135267,0.48894612278162,255.80278926605163,54.65155299198397,288.91955434016904,16.997633786505965,-0.1833120044145502,-1.3809898471506343,3.3064604982081476,11.21549522192359,52.70774119598016,0.0,52.70774119598016,1.1102230246251565e-14,3.9246458121708074,15.848526412096456,58.46366694349613,51.410364632887536,5.550736399156338,11.489577897716144,3.3896279881007803,0.7788102581847088,236.85286164343466,38.93818829704048,153.8999427406391,12.405641569086184,-0.11365516205438177,-1.3471797481564212,2.0564145853155016,8.008193685401377,37.27000122070312,-2.784695931993392,40.05469715269651,-4.884981308350689e-15,3.9108145943570394,15.749277945941413,41.34005534877791,17.90257499630876,5.553564167677805,11.62242652234016,3.4091680102834707,0.6060877480548981,239.00836003341425,13.583605690138453,17.662307691658196,4.202654838510795,-0.0555125139995459,-1.301272091315843,0.7161029998523505,2.78632076536315,13.054600524902346,-1.2631454131676763,14.317745938070022,-1.2212453270876722e-15,3.943650142239871,16.1632911462586,14.384355141864567,648.7839965820312,5.529993362933943,10.167874746654496,3.1887105147150776,-0.3633989543001159,159.41545290357413,1038.1829315265143,465047.8374661215,681.944160079197,0.17709590171661896,-1.2890572666735032,25.95135986328125,243.40556865511067,745.4000244140625,-632.1259765625,1377.5260009765625,3.552713678800501e-15,1.251236136417505,6.330693872874344,1223.925487224113,271.41500854492193,5.561729002482597,10.993085565010995,3.315582236200905,-0.27470117253426063,173.29652794553542,378.25848707633014,73141.25112999455,270.4463923405053,0.2181701502234922,-1.4559125719098116,10.856600341796877,91.1201195803118,261.09201049804693,-286.7340087890625,547.8260192871094,0.0,0.0937665971937541,7.049246264027953,458.82300409067943,0.0
9.235868546116348e-05,18.59665563839346,63.360314865823646,7.959919275082107,-263.9304067896204,-18465.176793085076,0.00010855732142411,6.113355000922302e-09,7.818794664730812e-05,0.933334544108134,-0.2461115733063234,-1.48965621711554e-06,1.6965656010078566e-05,3.869112004764586e-05,-5.217271458649471e-05,9.086383463414057e-05,-1.2705494208814505e-21,-0.64943599502582,2.119791297182959,0.00013410167295319398,0.02824352355964407,14.411065148587317,89.82438145375133,9.477572550698376,58.61614414438438,13337.122238932167,0.005200444142111933,6.627720944568694e-06,0.002574436043984914,0.3287259915358387,0.10493553603780449,0.0004555407025749043,0.0007246052988291599,0.004009215350248921,-0.00010619414996441634,0.004115409500213337,2.710505431213761e-18,2.7147119139574207,9.746890487940957,0.006739387998120562,,,,,,,,,,,,0.0039240860933298805,0.008345925017799386,0.05401510134063905,0.0,0.05401510134063905,6.591949208711867e-17,4.953342270847707,26.248388737344797,0.0720293542960526,,,,,,,,,,,,0.0640418940913551,0.11563871315972725,0.6481812160876685,0.0,0.6481812160876685,1.609823385706477e-15,4.218312175663646,19.570396417934397,1.032421545194988,,,,,,,,,,,,1.1788781374223543,2.2089383854429956,12.536164290188623,0.0,12.536164290188623,-6.661338147750939e-15,3.8481152549334805,15.846620722711306,19.5555339908715,,,,,,,,,,,,-0.04720658909731045,1.7698454070154694,8.864406779661017,-1.1764705882352942,10.04087736789631,6.869504964868156e-15,3.8260909184475134,15.263642354458083,13.827850694669264,,,,,,,,,,,,-0.11121905231482238,2.025213689623314,13.23728813559322,-1.25,14.48728813559322,4.6074255521944e-15,5.546581902105001,33.39862461712783,15.841258477165395,321.0,15.05613382882816,81.61956133840921,9.034354505907393,4.5677226260485195,12017.421585846912,546.7682276784079,11349.311653025572,106.53314814190732,0.3950081254128379,-0.8731164323299163,5.17741935483871,69.62075242004948,523.0,-20.0,543.0,-1.5987211554602254e-13,6.877356204458391,50.56721721348464,549.7081043608508,442.0,15.03345751042916,80.5314916145869,8.973934009930478,2.8468116680416555,11631.141478417636,796.3926732646827,6660.25835742912,81.61040593839195,0.09297426287317023,-1.4049985645059289,7.129032258064516,100.54456304111113,781.0,-20.0,801.0,2.0961010704922955e-13,7.551983310197524,58.31939855067013,793.6762564169347,1.0
0.00022012652760673723,27.207182848243114,239.12714180690327,15.463736346915104,-225.28951738361388,94249.77158595501,0.00022538559950690518,2.8506714205622878e-09,5.339167931955585e-05,-0.076156665103792,-0.30450639072566976,-2.0011502509703387e-06,2.205773557030234e-05,4.325923322534351e-05,-0.00021975411589936176,0.00026301334912470526,1.2281977735187355e-19,-8.79166295641586,87.54448036924873,0.0002322935924424029,0.011670100454835318,27.550763660526442,249.58806923325173,15.798356535831559,-106.39356310241445,111617.84065919352,0.005889330082949834,8.510501566860647e-06,0.002917276395349033,0.37940712469044774,-0.9239064764039455,0.00010609182231668474,0.0006170753195140173,0.004009215350248921,-0.0037268384301072945,0.007736053780356215,-4.662069341687669e-18,1.0664349521427097,30.496761924899747,0.006566895516051557,,,,,,,,,,,,0.0011397532664842395,0.0020712338030372205,0.006905339660024878,0.0,0.006905339660024878,-7.37257477290143e-17,1.4169491296632655,0.29376307502439136,0.02456861968717409,,,,,,,,,,,,0.01948424778909063,0.03445617942006677,0.11048543456039805,0.0,0.11048543456039805,-7.216449660063518e-16,1.3583936796866134,0.09648942384177328,0.4113652086777977,,,,,,,,,,,,0.3865132620817911,0.7740798863336279,5.685328348063651,0.0,5.685328348063651,-1.4988010832439613e-14,3.447568327779053,19.041513714578066,8.99154906546531,,,,,,,,,,,,-0.17648028640528515,0.5857907430183621,4.02013422818792,-1.25,5.27013422818792,-1.0380585280245214e-14,2.9014451922673645,23.482928276600635,6.357985317562085,,,,,,,,,,,,-0.14122264017289302,0.6715029950911467,5.228187919463087,-1.25,6.478187919463087,1.0935696792557792e-14,4.636231215904647,37.67284680257197,7.131121335630774,321.0,26.970847864372114,249.0612727805487,15.781675220981729,-37.510703556905135,111504.19239053181,607.8461660706823,5449.311120445341,73.81944947265146,0.03756237181360146,-0.7904098612159967,2.918181818181818,58.23106509543484,599.0,-23.0,622.0,-7.815970093361102e-14,9.900310102892293,101.4523607071575,611.4989779222857,442.0,27.030533206839724,250.0895509863259,15.814219898127314,26.101381263366175,112471.79344359097,784.7461986999404,2028.9672623572117,45.044059123897924,-1.8911599315315726,8.031521387953138,4.0181818181818185,74.57954652805654,779.0,-20.0,799.0,3.1441516057384433e-13,10.338559562064711,107.89481366224442,783.3313475152133,1.0
0.9665654122299114,73.15625293745936,1616.627207392382,40.207302911192414,-8766.516231538888,4730400.379085641,0.7159607659385511,0.014716921994393218,0.12131332158667991,-0.3916250514330844,-0.4111737994146853,0.003464392158530149,0.04339642702859839,0.7040776575679323,-0.1158556822477418,0.8199333398156741,1.691355389077387e-16,15.135485978811513,245.17470845062246,0.7271693598011105,0.027622709342036735,64.29027370700506,1604.834124846873,40.060380987290586,10047.604353327575,4572537.314603191,0.11174453193622165,0.003653003704722598,0.06044008359294847,0.6313645338805544,0.3282034994914603,9.900612667396688e-05,0.007592203891075896,0.04467521321545602,-0.06294669676962647,0.10762190998508249,3.038476588390626e-17,-2.9719436976542393,37.928857469026234,0.12682558904323543,0.2807960484172427,55.25258614514874,1387.1271983738498,37.24415656682065,22052.952265710206,4115009.6953956657,0.06459519228287097,0.0006991259843094249,0.026440990607566595,0.5116087606340133,-0.20675756827985306,0.001006437449524167,0.004171160452419576,0.060563616119659214,0.0,0.060563616119659214,2.233456475320139e-16,11.603043067589986,155.78526930165447,0.07167152394666769,4.3565045544993035,49.70597474207159,1204.8047049617542,34.710296814659394,23002.223143267398,3456276.389633228,0.7611179121954055,0.18287911252996514,0.4276436747222682,0.5514209729530499,-0.19008999092144405,0.015614711664872062,0.05217312517344418,0.6661997773162514,0.0,0.6661997773162514,-3.6741443221188774e-15,9.317815345298005,104.34489359802288,0.9096556077971109,71.46247226931484,47.00909322552699,1192.495607232255,34.532529696392864,27993.120598300055,3699601.7065376667,9.911815117671493,41.94920035229121,6.476820234674667,0.819281606868814,0.23938683975535224,0.2561378934384047,0.7075901715837707,7.33623285481043,0.0,7.33623285481043,-5.140332604014475e-14,7.44882414121942,70.38662778421839,12.569607850453673,15.38540582838207,45.65777264385399,1224.9863874557552,34.99980553454198,29545.37715969376,3862616.4910172666,7.2980766807563295,25.168283879516586,5.016800163402623,1.1336431084750538,1.2770366726570257,0.055144823757641834,0.5292487922529879,1.2352941176470589,-5.1875,6.422794117647059,-7.896461262646426e-15,-6.764824422489408,67.77977975301272,8.888054947911456,9.707053067584688,56.63423712864195,1712.8243131082027,41.38628170189009,25896.94435216904,5445493.7316508815,7.567534570252055,18.25797140298279,4.272934752951745,1.3321588243144213,2.4314548360543657,-0.03479230490173724,0.5193559906984503,5.425925925925926,-1.875,7.300925925925926,-1.6486811915683575e-14,4.345125442154669,48.00940111198017,8.694399388443923,317.0,52.23841299925927,1668.1450898131127,40.84293194437824,36946.846703013325,5673094.146399806,122.47183896382346,6456.375279524341,80.35157297479833,1.4985752559600187,2.555779403392205,1.136200716845878,8.753662699410642,31.0,-83.0,114.0,1.9317880628477724e-13,-4.303889994151814,39.70485599228389,147.44151382836517,407.0,68.43082790850154,1613.935603692196,40.173817390088736,753.5701244086197,4698955.977287843,602.7512609310182,17272.284352542403,131.42406306511148,-0.1552872178528052,1.3591939260035113,1.4587813620071686,36.86735284830996,586.0,-57.0,643.0,-1.5232259897857148e-13,14.511177143593288,228.20088856662383,616.2880819876367,1.0
3.155613691477603e-05,26.510028033365973,228.52734918018515,15.117121061239972,264.249808642024,80846.58746244483,0.00014884248146990715,2.3753028893466135e-09,4.873707920409894e-05,0.07638044977726166,-0.3481071946937967,-2.868739719525093e-07,1.4862796804868703e-05,8.239770512564916e-05,-5.2879100315359155e-05,0.0001352768054410083,5.802175688691957e-20,1.5903270346644314,11.97210492805457,0.00015591136202742207,0.04027164745128629,23.427623730151986,302.4190533158584,17.390199921675954,1050.8957543331271,153760.29885640854,0.008460373033428323,2.423517490618801e-05,0.00492292341055475,1.5742233811566522,3.57210178579155,0.00036610588592078446,0.0009310420259076459,0.0067025625163315795,0.0,0.0067025625163315795,2.168404344971009e-18,4.084390595868917,21.130004668039156,0.010492664347453695,,,,,,,,,,,,0.0014344701221869057,0.004116622446471921,0.03897680608102931,0.0,0.03897680608102931,-9.71445146547012e-17,7.157004094575571,63.5257268140464,0.04551337225375128,,,,,,,,,,,,0.02683828583848267,0.0933239151716005,0.9354433459447035,0.0,0.9354433459447035,2.1094237467877974e-15,8.61225790860594,83.29390827045792,1.0138202471531914,,,,,,,,,,,,0.5444863810777897,2.1881824894874367,22.450640302672884,0.0,22.450640302672884,4.196643033083092e-14,9.339642771211722,93.4502106273667,23.541925895860135,,,,,,,,,,,,-0.033436051116839054,1.5941097966341633,15.875,-1.1875,17.0625,4.093947403305265e-15,9.217782044194466,92.26425621240264,16.646655443153893,,,,,,,,,,,,0.09997146000249074,3.1881868257886445,33.0,-1.1875,34.1875,2.120525977034049e-14,10.21555607416004,105.8881744707665,33.302007727091436,321.0,27.041042134843444,245.62538104348798,15.672440175144647,-2.904133360453696,107780.17921981805,413.3684091720237,24107.631025863175,155.2663228967028,-0.275108601343584,-1.0779592353189507,2.918181818181818,42.063616716108434,381.0,-20.0,401.0,-1.7763568394002505e-13,7.5437855411541666,62.86461065126977,442.2273171119125,442.0,27.009408550192305,250.99903950786714,15.842949204862936,6.456526042622185,113140.8719432286,796.8947850112007,1581.610712861198,39.7694696074916,-1.8749436723273047,9.994843658848543,4.0181818181818185,75.76770501979662,792.0,-20.0,812.0,3.1441516057384433e-13,10.364183295460942,108.26339385187063,795.7750938550414,1.0
0.06287130839522068,22.590921624947587,236.6595122754936,15.383741816459791,882.1040173341788,105437.65322414642,0.0323948756290409,0.00021617460576313247,0.014702877465419225,0.05097466162828373,-0.7662677651179423,-0.0005768009944515658,0.003391829821990251,0.0013650562976183628,-0.02835247288607586,0.029717529183694222,-2.970713952610282e-17,-6.748230678416039,48.37470465499239,0.03592013047319231,0.038475726069104293,22.054200008220207,248.46027174036487,15.762622616188109,1487.2304836394794,117014.96255886307,0.03972903552588086,0.00033256546758133357,0.018236377589349633,-0.04238792376751922,-1.0152481353246483,-0.00035298831256058987,0.004167843228569205,0.020297129224959305,-0.02780769793600698,0.048104827160966285,6.375108774214766e-17,-2.595398323330224,24.629230307208864,0.04366934226679012,0.16210793590493333,14.781882522194408,232.64768174593334,15.252792588438792,3494.0945901693894,153087.63150706928,0.015074886301314795,0.0003609573801206312,0.018998878391121705,3.7459357065155334,17.33511579910463,0.0014872287697700302,0.0023123385814815844,0.008347688440630928,0.0,0.008347688440630928,-4.7271214720367993e-17,1.2285079089050959,0.056492161829482246,0.028703740959417714,2.734801385954506,13.907225287776754,218.374164664372,14.777488442369766,3559.3927010979787,150094.9614336797,0.24349187818273885,0.10255672744629599,0.3202447930041892,3.706604416953016,16.99474023078729,0.02508992097205969,0.03835615394686721,0.1419107034907258,0.0,0.1419107034907258,3.12944115066216e-15,1.219450398938773,0.0698119611502408,0.4785145307279785,49.11076609294501,14.080521813397278,219.68013154665869,14.821610288583987,3513.832604254871,146902.20860540573,4.1332431389954705,29.13673764288646,5.397845648301409,3.815388708113154,18.239137782077925,0.45055748709123866,0.6481901110523933,2.4124819593423386,0.0,2.4124819593423386,2.19824158875781e-14,1.0874786865575508,-0.17900203364548695,8.24157868051802,30.38546977281045,16.992094942590697,273.9856158657412,16.55251086287942,3378.7192051959746,164220.64326182238,3.4233346566037457,14.00819159006553,3.742751873964601,3.6232960252511384,15.824922384587094,-0.27876577773220595,0.4835968111820004,1.020100502512563,-1.7058823529411764,2.725982855453739,1.3877787807814457e-14,-0.830894454570911,0.24445724304206884,5.827676172676771,12.533642555742283,24.567932121847885,265.0814083038589,16.281320840271494,421.5409202222013,123052.79056861118,9.20864800224341,8.308641364247832,2.8824713986868686,2.0530775745117493,6.509992878348817,-0.11498754638295672,0.9199802502470357,8.058823529411764,-1.25,9.308823529411764,7.771561172376096e-16,6.43379349883676,57.11054966750061,9.67961010768446,245.0,25.591846991935643,257.88811577870257,16.0588952228571,113.86509253438452,115580.80637734935,232.2896918882809,6175.499042447538,78.58434349441076,0.30445706422496455,-0.1208299581070398,-2.2477064220183487,23.380049506427202,203.0,-38.0,241.0,1.3233858453531866e-13,6.6212323964505835,55.424979646658166,245.22030910999194,263.0,24.584387602192734,267.2968488825221,16.349215543337916,389.2855146951992,124672.4733595679,162.64276000610445,4269.610395374483,65.34225581791988,1.0476541827746029,1.8655424550069413,-2.4128440366972477,16.71137118173852,137.0,-65.0,202.0,6.394884621840902e-14,4.867792963472375,45.57917079021496,176.28102563804194,1.0
0.005453616048947688,33.69491475539096,390.98619936949086,19.77337096626397,-314.55967522938863,278968.9957727842,0.015018974467301764,2.5157051779777677e-05,0.005015680589887845,0.2809191091388832,-0.7645401440065628,-3.923464783415603e-05,0.00133821221072653,0.005599170818188709,-0.013741418458389174,0.019340589276577884,-3.1929753979698106e-17,-7.075038991919775,81.85589349184485,0.0157840687946875,0.0004276949543012891,27.51308225504209,452.91086573268274,21.281702604178143,3475.2878890630964,368044.37739291263,0.012969258494394731,7.728600277801812e-05,0.008791245803526263,1.5529793652540966,2.1892020997425816,3.076942117275468e-06,0.0013241573140492725,0.0027554086126372265,-0.008180812295120648,0.010936220907757874,-1.1119848531554455e-17,-2.13367764767827,11.10919491703456,0.015611626639440662,,,,,,,,,,,,0.0013895244535449972,0.0028300836039723445,0.017953883116064683,0.0,0.017953883116064683,-9.280770596475918e-17,3.267382227712936,13.021739687610209,0.03703702059995134,,,,,,,,,,,,0.025036128704348546,0.0539753706849361,0.3891179328423013,0.0,0.3891179328423013,-9.08995101411847e-16,3.8859393732291854,19.185631376228727,0.6989567058041719,,,,,,,,,,,,0.5019157345822847,1.2182677216974027,10.117066253899834,0.0,10.117066253899834,1.7319479184152442e-14,4.8393072415983145,30.40495859735899,15.478410745178117,,,,,,,,,,,,-0.07760679668174099,0.9284530188891215,7.153846153846154,-3.25,10.403846153846153,-5.9674487573602164e-15,3.672061851980472,29.82299885968272,10.94488919990617,,,,,,,,,,,,0.015108830089521377,1.1278616432447097,10.346153846153847,-5.277777777777778,15.623931623931625,3.726186026398182e-15,5.066014222012696,54.465466577667016,13.250563101272638,321.0,34.87668931438429,384.5791106392832,19.610688683452278,-443.2502076481832,269713.18579061085,614.5121179186096,43375.33519205437,208.26746071351226,-0.16908948461935125,0.043631210246153546,2.3093525179856114,54.836034064790546,571.0,-171.0,742.0,5.986322548778844e-13,8.2063471767822,85.06385648878266,647.0803659515562,365.0,33.953242155437934,396.8239228169867,19.92043982488807,110.82792461692007,283650.91024959076,723.4310185991019,89833.51785040484,299.72240131562546,-0.06973110033707422,-0.5141480599349384,2.6258992805755397,66.1790978957255,632.0,-335.0,967.0,-4.6069814629845496e-12,5.735599087887334,65.02930313223794,780.8540196477188,1.0
2.4868827959157797e-05,36.804515023274355,190.97226404101667,13.819271472874997,-2558.1804624043853,78126.31714677562,9.548756193667046e-05,6.829373504625478e-09,8.264002362430372e-05,1.356524735273837,1.0467419823594168,-2.3026692554775723e-07,1.1709414754561151e-05,4.5192599759657306e-05,-4.6848096208073574e-05,9.204069596773088e-05,1.69935985042894e-20,0.32717402100730414,6.799007709561783,0.00012171133476034298,0.009346797901252497,26.700237267373083,239.6276902369445,15.479912475106069,60.449509284611665,102704.07012529661,0.005243445715011989,3.546091136201093e-06,0.0018831067776950655,-0.3464180920880156,-0.4574782168854603,8.65444250115972e-05,0.000530111328704096,0.004009215350248921,-0.0017409487388545706,0.005750164089103491,2.9002408113987244e-18,4.930428340098089,35.39572180630164,0.00558201213709439,,,,,,,,,,,,0.0011316568495646209,0.0019683168382212198,0.005869538711021146,0.0,0.005869538711021146,-3.642919299551295e-17,1.2852481296589748,-0.15245407985911585,0.023485660920755727,,,,,,,,,,,,0.01966261033519632,0.0333978168301094,0.09786945068325918,0.0,0.09786945068325918,1.2073675392798577e-15,1.2327582776479544,-0.29144897531378566,0.40089583225647235,,,,,,,,,,,,0.40627054884169994,0.9365081040054797,8.166390080762284,0.0,8.166390080762284,-2.5979218776228663e-14,5.563731509652695,43.385280229710425,10.559594740636387,,,,,,,,,,,,-0.15677837626240954,0.704607787778817,5.7745098039215685,-1.1764705882352942,6.950980392156863,-1.2323475573339238e-14,5.36445079680081,46.52866951232363,7.466761047685791,,,,,,,,,,,,-0.07162818398387392,1.1613614457255192,9.0,-1.125,10.125,1.7486012637846216e-15,6.153979047027257,43.63146745370324,12.036043264559956,321.0,26.440133584655776,241.46422181908446,15.539119081179745,15.974838913877328,104917.88030454262,598.3478431968213,4902.858541712375,70.020415178092,0.0556473398106407,-0.7284440720599981,2.9722222222222223,57.77854566797405,589.0,-20.0,609.0,-1.7763568394002505e-15,9.812993914321295,99.62538304901588,601.2462058092342,442.0,26.57729680259416,238.25940810686592,15.435653795899476,-6.3410206135216525,102036.43975241591,677.3110634776381,15874.723290791355,125.99493359175739,-0.24278423814043387,-1.0501603078441932,4.092592592592593,66.14567775653263,665.0,-18.0,683.0,-1.1546319456101628e-13,9.488386203795299,93.93580308995398,688.7205529095237,1.0
0.034851668792967076,30.302336442760687,322.9302138414302,17.970259147865125,-717.370968243178,188875.77045925264,0.026925078743171398,3.055017996802107e-05,0.005527221722350304,-0.19668071272762153,-1.1190666971569472,-0.0002788133503437365,0.002448617511873429,0.0014182763113698325,-0.02627420361095425,0.02769247992232408,-4.683753385137379e-17,-9.928235209331916,103.50537320745967,0.027553277036913168,0.3598427299264111,30.459702643222908,326.0825241190165,18.05775523477424,-47.07799140526219,190105.15504151545,0.3619312431406333,0.0002731411279971271,0.016526981817534835,0.9305876436950308,1.1093253993098522,-0.0028787418394112885,0.032275963435622786,0.01244681997931892,-0.3615506365559072,0.3739974565352261,-7.45931094670027e-17,-11.110278671517017,123.95183292347197,0.36228872641093046,,,,,,,,,,,,inf,,inf,0.0,inf,-inf,,,inf,,,,,,,,,,,,inf,,inf,0.0,inf,-inf,,,inf,,,,,,,,,,,,inf,,inf,0.0,inf,-inf,,,inf,,,,,,,,,,,,inf,,inf,-41.5,inf,-inf,,,inf,,,,,,,,,,,,-0.3239378384005804,2.779089084231313,5.880597014925373,-30.0,35.88059701492537,-1.9206858326015208e-14,-9.933700494476751,107.27746346867727,31.03026649793196,321.0,30.381920267322155,308.3741426611545,17.560584917967695,-144.28998658917345,174222.38896364503,553.6575542063902,73151.49008955306,270.4653214176506,0.057717855066160305,-1.0427655354858023,2.568,54.89267142342414,405.0,-332.0,737.0,7.629452625224076e-13,2.3753760144969083,36.86152676433741,614.389941323912,442.0,30.563582697199287,317.0466986973428,17.80580519654595,-1.2062978861882763,180341.5374421152,832.3449524719723,59130.396223462325,243.1674242645637,-0.09972284723239065,-0.6430638665820442,3.536,77.24833139945466,788.0,-240.0,1028.0,1.0880185641326534e-12,8.413891455660448,86.99719712978583,864.5669436197524,1.0
2.2214501673950348e-05,26.747142297214538,163.2569934984163,12.777206012991115,-941.2287436286402,24593.87919413309,8.859690501213783e-05,3.5830608520335823e-09,5.9858673991607786e-05,1.1562013848823018,0.7822600035877432,2.2667858850969758e-07,1.0800790946374304e-05,6.280586508892174e-05,-5.3159510785834667e-05,0.00011596537587475641,-3.901645513290121e-20,0.9675916739873297,17.83808340964259,0.00010694592039193214,0.014885440928748269,23.724395225640833,208.7103135098973,14.446809803894329,-18.990656140317352,76040.36878737102,0.005482872292849676,6.389524267187346e-06,0.0025277508317054008,0.1690319805424118,-1.114729512174601,0.00015189225437498238,0.00060279428122764,0.004009215350248921,-0.0024102078008279397,0.006419423151076861,-2.168404344971009e-19,3.0708582724963724,23.403398801217325,0.00615388948853865,,,,,,,,,,,,0.0013847721034615848,0.00464567530717828,0.04248434006218674,0.0,0.04248434006218674,-5.334274688628682e-17,7.409345466214222,64.27019133041861,0.047497260052261306,,,,,,,,,,,,0.02208259877906128,0.06373751963885264,0.5522964208084276,0.0,0.5522964208084276,6.453171330633722e-16,6.27903117605913,49.78577639383007,0.6609166419003324,,,,,,,,,,,,0.3952682717556124,0.9622230181829856,7.179853470509559,0.0,7.179853470509559,2.842170943040401e-14,4.323236018790299,25.63208022308662,10.192280106250664,,,,,,,,,,,,-0.05955541223541868,0.733149524014297,5.076923076923077,-1.25,6.326923076923077,3.4833247397614286e-15,3.932323786789675,25.778682276515298,7.20703037888259,,,,,,,,,,,,-0.16540032679738562,0.6742007951161794,4.333333333333333,-3.3333333333333335,7.666666666666666,-3.497202527569243e-15,1.728866109284055,24.468474037015714,6.801674948351861,321.0,24.33657898275308,196.58915575772562,14.021025488805218,-14.596881526195617,70189.3518063793,431.7379552502285,6084.848200433336,78.00543699277209,-0.3451404539545003,-0.09446999699742376,3.2755102040816326,44.01525260037002,420.0,-20.0,440.0,1.8030021919912542e-13,8.844091866647084,83.3332110956678,436.93363340443364,442.0,24.088415456442988,199.47055607991982,14.123404549892346,-2.7931652219848297,71389.76515393787,800.3603782196792,3122.9384454394403,55.88325729088669,-0.7942528017918599,1.6493287005467407,4.510204081632653,80.57779165577563,793.0,-70.0,863.0,2.007283228522283e-13,9.699129656709557,95.43012095268492,798.9280318026149,1.0
0.0006879184142214693,25.922153561883704,238.83825964458273,15.45439289149149,156.6680559241872,99703.70699509452,0.0006276046533954421,2.7864626365474855e-09,5.2786955174053044e-05,-0.6397847017952175,-0.1317128103785683,-6.311178112123572e-06,6.0048516470800614e-05,2.5662166009082717e-05,-0.0006258320114492361,0.0006514941774583188,9.147955830346444e-20,-10.213057779968164,105.78921959657636,0.0006303780037773049,0.02271041985348333,25.32417363086186,248.91431234319796,15.777018487128611,234.4827198131534,111211.88105942587,0.008847674714474731,1.1117572048158209e-05,0.0033343023330463313,-0.32322357558944087,-0.3297046188870239,0.00020835247572003056,0.0009014704924989045,0.008008165988484101,-0.00015692575283306773,0.008165091741317168,9.75781955236954e-19,6.976860852613638,54.600511974066556,0.009659736980133157,,,,,,,,,,,,0.001136262325312011,0.0022034502041101602,0.01066964964753364,0.0,0.01066964964753364,-9.6710833785707e-17,1.9223687433004706,3.202546471730074,0.025764292468123187,,,,,,,,,,,,0.02003267587033513,0.03799316161295994,0.1920536936556055,0.0,0.1920536936556055,2.213507155346406e-15,1.9104687501706044,3.4407068343057206,0.44635988915048835,,,,,,,,,,,,0.42540990693766134,1.1236131743888833,10.069882112801194,0.0,10.069882112801194,-5.395683899678261e-14,6.211461870287706,50.235698905392,12.485826231961768,,,,,,,,,,,,-0.14061587750047067,0.8378348597935406,7.120481927710843,-2.4444444444444446,9.564926372155288,1.7541523789077473e-14,5.750567423067512,52.451419684715766,8.828812397337046,,,,,,,,,,,,-0.100824931898983,0.9928353533185321,9.397590361445783,-1.25,10.647590361445783,1.0436096431476471e-14,8.099712889834887,78.31545081114388,10.37091472410653,321.0,26.53997407931418,241.5840702140376,15.542974947352826,-44.98405374694626,104782.74173799204,601.4546277846986,5872.664049703069,76.63330900922307,0.16373362307082526,-0.6122036267961547,2.944954128440367,57.80762701057908,591.0,-44.0,635.0,-1.4566126083082054e-13,9.803785366748523,99.8508872494257,604.312005507089,442.0,26.538748131116282,240.35384432246633,15.503349454955414,24.3919534024944,104103.36784895754,785.0681334974439,1324.266507580284,36.39047275840593,-3.5721734368153415,19.842795206861883,4.055045871559633,74.93052866432565,780.0,-20.0,800.0,4.618527782440651e-13,10.326891627079192,107.42262285232898,783.4424037540986,1.0
7.375065337981612e-05,28.141360735637356,221.94091327545215,14.897681473150516,-1253.8655962008138,67367.98451529632,0.00013675518519003615,3.4429505140923234e-09,5.867666072717775e-05,0.3341450468742606,-0.1905385760822413,7.375065337981612e-07,1.4817746861145458e-05,9.153845157438207e-05,-6.661592786707767e-05,0.00015815437944145973,8.830318475126081e-20,1.4200843442322495,18.141584207600054,0.00014836089037491656,0.020521782280314475,23.72603496793325,226.45159963033996,15.048308862803818,-3.331527915491762,88323.83694461333,0.0052976930291109454,5.53640486922246e-06,0.002352956622894366,-0.02113679109041198,-0.38389740995711974,0.0002052178228031448,0.0005788203302554201,0.004009215350248921,0.0,0.004009215350248921,-1.734723475976807e-18,4.506203157936249,23.467122865123024,0.006141232201383176,,,,,,,,,,,,0.0012567953138302365,0.002591559137307853,0.018023659420321646,0.0,0.018023659420321646,6.635317295611287e-17,3.3038230338888974,16.605770354157382,0.028657906571833095,,,,,,,,,,,,0.020579710858474556,0.038853343131184,0.2343075724641814,0.0,0.2343075724641814,-1.2490009027033011e-15,2.3990410909507265,8.115399769873122,0.43746722206047134,,,,,,,,,,,,0.38631695962822715,0.7120746771593133,4.074852637346206,0.0,4.074852637346206,-2.3203661214665772e-14,2.3667191433121015,7.4787650797750995,8.060572112179482,,,,,,,,,,,,-0.14650652097062866,0.5537882346954032,2.8813559322033897,-1.1764705882352942,4.057826520438684,1.3988810110276972e-14,1.8370905785895617,10.66898395681379,5.699685200765285,,,,,,,,,,,,-0.16177830899083806,0.6164720324362324,4.429378531073446,-1.2666666666666666,5.696045197740113,7.993605777301127e-15,3.8022398765826395,30.40171528879129,6.34151313296468,321.0,24.611986878393928,207.008619186526,14.387794104258164,-25.51873000138636,76772.6980385612,520.250044178725,5501.691532034644,74.17338830089027,0.07696753975998821,-0.7959306552100007,3.21,52.30206401280934,510.0,-20.0,530.0,2.291500322826323e-13,9.260916032233911,89.67711893499506,524.0047709706467,442.0,24.6198261234658,206.91894875089338,14.384677568541235,-10.391374589522243,77061.94354555481,789.1928317540828,1266.5943079718766,35.58924427368298,-2.838281712058471,13.969653143661269,4.42,78.62724464204497,784.0,-19.0,803.0,5.613287612504791e-13,9.89199948569617,98.55836021521255,787.5138094027304,1.0
71.40699260201144,61.753775262859776,1323.272314381718,36.376810118284396,1283.6660225089602,3153499.1049770326,70.85010158338393,3.579342408898296,1.8919150110135223,0.020521625581911222,-0.7809032048551927,0.2833610817540135,4.455966288556445,70.83034440648636,-1.6895455587591253,72.51988996524548,-2.55351295663786e-15,15.841496130313796,251.29580371641998,70.8791515537952,0.51784771955277,63.4907441750926,1315.8972395258359,36.27529792470126,-977.5493593192547,3119868.112675822,0.5568228719508239,0.0018641506698810096,0.04317581116645071,-0.47542911224322465,0.9057078468089849,-0.002054951268066549,0.03509058676982132,0.03920484162201319,-0.5546992912170535,0.5939041328390667,-7.632783294297951e-17,-15.584875819790456,246.016333751068,0.5580001526435732,,,,,,,,,,,,0.0035175326378585974,0.03913483388416378,0.6187184335382291,0.0,0.6187184335382291,2.4208066107256343e-15,15.635290210548403,246.1941935071956,0.6212705246105557,,,,,,,,,,,,0.024665710391752173,0.16101341009854123,2.4748737341529163,0.0,2.4748737341529163,-1.1872447469585268e-14,14.280993067579914,216.02688290261992,2.575544384236592,,,,,,,,,,,,0.2687424280854442,0.8812547335778294,9.899494936611665,0.0,9.899494936611665,-1.8529622280993863e-13,7.409522205804675,67.0613483354964,14.567364192833526,,,,,,,,,,,,0.10986186057548046,0.642142173232837,7.0,-2.0,9.0,3.2834845953289005e-14,6.575986166955432,63.02279926856335,10.300682004766685,,,,,,,,,,,,-0.04954517094487189,0.6376623746504629,2.0588235294117645,-5.5,7.5588235294117645,8.34193825127727e-14,-5.921350228431183,46.989517185602814,10.112715115250047,375.0,31.185258496172647,905.1881549127836,30.086344990922104,34911.74043144726,3229076.7289990974,80.39403956290819,8234.655545614696,90.74500286855853,1.93255856444091,3.123037969946327,1.4880952380952381,7.636837489960937,60.0,-34.0,94.0,-3.1086244689504383e-13,3.6153470453058136,31.13148724671357,123.51113310143342,208.0,35.92399524194899,1168.7080770271873,34.18637268016581,43002.561243941556,4131869.324735881,113.85562998186356,11517.562188099653,107.3199058334457,1.624923374376495,1.8808498193815806,-0.8253968253968254,9.854963591115514,35.0,-82.0,117.0,1.6979750938617144e-12,-5.363303375550304,40.870786327901506,156.99044556914922,0.0
4.574236516238898,116.45514325051637,4893.669560737978,69.95476796286282,-13827.700123625398,40952503.89074806,4.1403985461971,1.1575936736721424,1.0759152725341072,0.16175813215190654,-0.21293302152973365,-0.009943992426606285,0.19894892965486993,0.5649175177016174,-4.016553080331389,4.581470598033006,1.4498818812214154e-14,-18.0059713849945,359.6578444243409,4.272305866186486,0.2959547314100121,110.68385716773017,5326.820261363777,72.98506875631328,23188.69451491352,44139961.4559873,0.2153384584340607,0.008735789812886408,0.09346544716036193,0.13183063448487467,-0.25473722177197394,-0.0006433798508913302,0.010919955368451048,0.04806738397033119,-0.18809052368141313,0.23615790765174433,-3.655929725621121e-16,-11.483477505794017,194.39005052421388,0.23461310049843395,,,,,,,,,,,,inf,,inf,0.0,inf,-inf,,,inf,,,,,,,,,,,,inf,,inf,0.0,inf,-inf,,,inf,,,,,,,,,,,,inf,,inf,0.0,inf,-inf,,,inf,,,,,,,,,,,,inf,,inf,-0.5454545454545454,inf,-inf,,,inf,,,,,,,,,,,,0.10801601211487237,2.573483135987201,54.6,-2.0,56.6,-2.7536306568265445e-13,21.022512279824696,445.67917568098375,54.82171794342046,541.0,114.74871575887225,4380.068967519134,66.18208947683001,1585.5098767178451,34535604.88909667,333.3187532272888,830.2348339622082,28.813795896448774,-1.9765389477959943,11.974638074302058,1.1760869565217391,15.580139040271066,332.0,-7.0,339.0,1.830979812211808e-12,20.881042067563776,443.74480264747234,335.1074454559313,718.0,114.17426249184892,4430.076451411466,66.558819486312,953.1329369751918,35220246.706951044,821.3926067882038,3376.8202962879636,58.11041469726372,0.7404478507217115,11.411553681342625,1.5608695652173914,38.35031023207003,819.0,-35.0,854.0,-7.123190925995004e-12,21.115178112352286,450.63473288289026,823.2034985348398,0.0
0.2985991117960504,66.07294410403155,1374.8012126043452,37.07831188989522,-7338.663915302918,3698684.0690131783,0.22385516458542892,0.008235871348035311,0.09075170162611448,-0.15967594135312316,-0.7590259415003682,0.0011618642482336594,0.015038210075885608,0.19612935152973626,-0.03077487350397414,0.2269042250337104,-1.4181364416110398e-16,10.269030707630233,120.55919308228755,0.24179931046256528,0.22412049772778161,48.21371914258251,1506.3410497409648,38.81160972880363,27087.745049937348,4225747.224896069,0.04565160409734576,0.0011529326288948754,0.03395486163857652,2.683079136356845,9.620912116326954,0.0008720641934933138,0.0035420795891321554,0.02523186360900283,-0.006718094750649869,0.0319499583596527,1.5634195327240974e-16,4.177119127316021,23.88933642605757,0.05847951530017321,,,,,,,,,,,,0.0007819576210149969,0.0034079976537290187,0.05237828008789241,0.0,0.05237828008789241,-1.3660947373317356e-17,13.846018736410576,208.84629773781842,0.05561613209679489,,,,,,,,,,,,0.00970634805465054,0.018436591999579855,0.15713484026367722,0.0,0.15713484026367722,-5.793976409762536e-16,3.5488198281889907,18.622293285691384,0.33141008227058855,,,,,,,,,,,,0.1603205817882199,0.3282350214877818,3.306471145830053,0.0,3.306471145830053,-2.8199664825478976e-14,4.7223165346402505,34.884015127049075,5.810383147764637,,,,,,,,,,,,0.05711198121566693,0.2519100647842797,2.3380281690140845,-1.0,3.3380281690140845,1.0255685189974884e-14,2.305911474740839,29.687076605098916,4.108561325076413,,,,,,,,,,,,-0.0014313406622399503,0.3845405705288035,5.605633802816901,-0.8823529411764706,6.487986743993371,-2.740429411174361e-15,12.16867732090695,179.61993999800387,6.11653458071097,529.0,63.22608741101585,1378.0699684475571,37.12236480139105,-225.52481338987866,3426655.5068047317,333.455723948573,1501.905165933069,38.7544212436861,0.26667293298414696,13.394155536101561,2.0583657587548636,20.89962341306314,332.0,-17.0,349.0,9.094947017729282e-13,15.390125565292978,243.43549699674324,336.6674917481639,691.0,63.60828061548645,1357.450518216249,36.843595348666085,428.72519547286004,3307111.664090341,796.9001893967013,678.8381395017054,26.054522438565353,-2.1346756759789804,8.964239353415175,2.688715953307393,49.63897275187039,796.0,-15.0,811.0,3.4701130857683893e-12,15.97528110564828,255.80753539220586,796.9397718773985,0.0
0.9504898515644321,19.46938575629019,119.37803851821232,10.926025742154021,-280.5008917585936,26033.671112369386,0.7167048693617435,0.1235895346163354,0.3515530324379743,-0.3419019191572873,-1.0908737232503307,0.012185767327749134,0.09038750092639657,0.6078584759446756,-0.07237834444672642,0.680236820391402,-1.5265566588595902e-16,5.971912143253003,35.85210245613855,0.805502745761093,0.2755154750971854,17.26897895341309,140.596072536967,11.857321473965653,189.29827462198665,32999.745853227694,0.13413865107318707,0.0024367225312894713,0.04936316978567595,1.1019152409759054,1.767195948310034,-0.003532249680733146,0.01611760586248431,0.009250400913284239,-0.13043638226171178,0.13968678317499603,-6.938893903907228e-18,-6.564484690984254,49.93493255907896,0.14572512655868028,0.12681226843929538,15.56663570519774,135.27061011274964,11.630589413815176,615.2138620185052,33512.04596782443,0.01993943131523211,0.000152456107817036,0.012347311764794635,1.5635368006497574,2.4818358784228773,0.0016257983133242994,0.0026458556703394384,0.016092553053858615,0.0,0.016092553053858615,4.90059381963448e-17,2.9913325535151967,11.572603354344,0.02742652449622972,2.1033109789949487,14.975050467125778,134.57988504130594,11.600857082186037,778.5122906028511,35234.16958056824,0.29290999856080724,0.03722459494540601,0.19293676411043595,1.3683271815009757,2.4839586656897485,0.026965525371730106,0.039493051979875266,0.209203189700162,0.0,0.209203189700162,1.0061396160665481e-15,2.2041544113162685,5.665202372189603,0.42234295973079367,37.074346352223024,16.333325374532052,134.40229557315863,11.593200402527277,562.7917282712104,33591.610716576695,5.78714450378548,7.571251077746636,2.7515906450172847,1.1548303865573781,3.3145576320209305,0.475312132720808,0.7189270594346829,4.242640687119285,0.0,4.242640687119285,-3.6637359812630166e-15,2.698986043912489,9.634423499672163,7.611613741075032,13.972874654892113,15.082083536714372,140.73868267877467,11.863333539894032,693.8501951555851,36942.945009737065,4.40164618669988,7.25943371729568,2.6943336314004767,1.7752488427443187,3.4731669518877437,0.17913941865246297,0.5824928659085526,3.0,-1.2941176470588236,4.294117647058823,-3.3306690738754696e-15,1.7550342369173701,7.479640427092465,5.382223692086861,12.40800533974002,16.07792271278627,132.6062080990058,11.515476894119749,478.59209445637396,32016.22805598548,8.901316299939719,18.47445425764245,4.298191975429023,1.0232740320172213,1.9267085051199426,0.1590769915351284,1.118836963215731,4.0,-6.742857142857143,10.742857142857144,1.5543122344752192e-15,-1.8944337743530506,20.438740681394627,9.980677726512662,310.0,17.492980682651066,138.29210556674556,11.759766390823653,245.3444908148633,34033.228754360774,119.90508218605395,1398.7712659556614,37.40015061407723,1.7464335408345626,3.9183934016934328,3.9743589743589745,14.126692645552485,105.0,-22.0,127.0,-1.4210854715202004e-13,4.759688330909128,33.24633392100312,129.60709857102736,21.0,18.055930369631554,135.09395211912343,11.622992390908781,168.20548603951414,33152.66366258231,264.0844289200968,8311.388760920734,91.16681831083464,0.8966127641606396,1.542510206327044,0.2692307692307692,31.482055563212622,68.0,-236.0,304.0,-2.772226892489016e-13,-5.4416154083865145,41.443034364720305,278.0521533813396,1.0
0.19961113583372897,71.58611451828207,2241.8465547542205,47.34814204120602,119.41552289228505,8103053.382278964,0.07390370525352342,0.0009974954427595748,0.03158315124808756,0.8872142401532553,0.933319543872543,0.0006609640259395001,0.004622623677172506,0.05774171839992338,-0.010368878468026468,0.06811059686794985,2.1120258320017626e-16,8.131391399594923,85.38920869722386,0.08114966406283698,0.04275298599879315,56.56554328439657,1973.4976498264953,44.42406611090992,37155.25224570655,7419941.985041618,0.04574699993282267,0.0010833885530393136,0.032914868267081274,2.512705562703562,7.817433304314029,0.00014156617880395087,0.003242299252169771,0.01115038844677843,-0.02599670115394229,0.03714708960072072,-7.323785675139582e-17,-2.9625113543796227,19.236626970490697,0.05639883613983307,0.30804026330103534,59.55461032715211,2315.51810546517,48.11983068824297,38325.27201222608,8762211.99988079,0.03089552880601101,0.0006145566258277387,0.024790252637432696,2.28329804540617,5.747194831865036,0.0010200008718577332,0.002279355674690975,0.024738429662503118,0.0,0.024738429662503118,-1.5265566588595902e-16,5.474556856124687,43.319108637602966,0.04339620892706661,4.6759760320218176,47.391891117323226,2130.861689805784,46.16125745477244,79664.4219893029,9822211.8071735,0.34485871970786514,0.1535145953555659,0.3918093865077328,2.6257652544076726,7.049338932180559,0.015483364344443107,0.03003511181697366,0.2043980539367364,0.0,0.2043980539367364,8.569533971325427e-16,3.6571924748052593,15.77796583605512,0.5872277573572517,77.88214710791536,47.881260563152644,2036.302485736031,45.12540842735976,77194.95717699906,9815627.48226858,6.401885746055639,43.31666641424603,6.581539820911671,2.586892941814151,7.146170693299451,0.2578879043308459,0.5282139605605157,4.315789664483411,0.0,4.315789664483411,-8.626432901337466e-14,4.189154907000114,21.64624990672831,10.214983118831713,42.44498854502968,60.4931654384101,2112.7561462811564,45.96472719685342,33284.86647707542,7829362.660833398,5.620027124944802,14.657876960534539,3.828560690459868,2.9465572585014335,10.57437853012769,0.1405463196855287,0.3911582949247581,2.3125,-3.0517241379310347,5.364224137931035,3.4361402612148595e-14,0.7182132387877652,23.772557597604973,7.223083833032012,25.92058308987558,41.924299065082444,1494.0532227657573,38.65298465533751,59377.18199923469,6790832.173959072,5.823092269503916,34.11454460549061,5.84076575506077,1.9889319593609138,4.03578034266603,-0.08582974533071386,0.47459414653766374,0.7586206896551724,-4.705882352941177,5.464503042596349,-1.141309269314661e-13,-6.072885019737048,47.70710699531323,8.381355345743787,391.0,75.96361415374882,1850.8178384493765,43.02113246358557,-1390.6603124880908,6221698.409559352,366.643396678337,2490.692519853771,49.906838407714936,-0.9316972652544935,3.993764751784135,1.294701986754967,21.26004020879074,38.0,-354.0,392.0,-1.4299672557172016e-12,-15.448382694087352,259.6989670978208,370.1445663521214,355.0,60.573667212182684,2086.641426313844,45.67977042755189,35133.44358441448,7899101.198090148,141.08163994114517,6221.301997344888,78.8752305692027,1.8784840836041852,3.9636616739122896,-1.1754966887417218,9.297457224747834,88.0,-80.0,168.0,-1.5081269566508126e-12,-0.6857827240792639,50.81583110712689,162.85883457767957,0.0
0.6698092998934917,57.75591299883396,1372.5581360543017,37.04805171738862,5446.688013593851,3419204.8323005396,0.33253195753998027,0.0239844529376807,0.15486914779154917,-0.08854271077809477,-0.9466106392097055,0.002586136293025064,0.022749467429165476,0.2771140340321811,-0.016503832307542456,0.29361786633972353,-1.0842021724855044e-16,10.5027767245336,115.21032345974696,0.36847609099142514,0.03452756420403298,63.43986125592164,1396.1356854468158,37.36489910928191,-4824.734241111574,3417491.723739252,0.03947772414906322,0.000317080195717217,0.017806745792457897,0.2521035007077032,-0.40688653875388897,0.00013331105870283003,0.0026858195568530818,0.028825940890488923,-0.006063974526088016,0.03488991541657694,-2.4069288229178198e-17,7.006015332610946,69.21740406620732,0.04327738692850877,,,,,,,,,,,,0.0004320688463802921,0.000998824239538049,0.008246143220834373,0.0,0.008246143220834373,-1.6089560239684886e-16,4.087818037653603,21.643916138690674,0.017480217509267437,,,,,,,,,,,,0.006771439835785686,0.01418491766206198,0.09297597814909622,0.0,0.09297597814909622,4.978656376053436e-16,3.1366624442427833,11.91229117713445,0.25247294097490774,,,,,,,,,,,,0.1229354953773242,0.3654612826953423,4.8013423413901375,0.0,4.8013423413901375,-1.7735812818386876e-14,8.872682158743867,105.35305385637608,6.193397450077964,,,,,,,,,,,,0.0770926677833372,0.26152296870551384,3.3950617283950617,-0.13333333333333333,3.528395061728395,1.2434497875801753e-14,8.654238782552753,101.62672774632635,4.3793933355336,,,,,,,,,,,,-0.008929173430797988,0.802595557917451,11.876543209876543,-2.176470588235294,14.053013798111836,-4.381911500317415e-15,12.35114968306558,187.75746769964513,12.892391353413041,546.0,64.22188621376152,1377.7199013995335,37.117649459516336,-40.32289699044497,3424920.0059304135,275.2477253139892,1102.4338955212706,33.20291998486384,-0.6742063728012345,6.406932442014416,2.108108108108108,17.193759864381846,275.0,-2.0,277.0,4.156675004196586e-13,15.534617130201822,246.77635039501556,278.77948274577165,726.0,63.77340882766626,1393.3273058734212,37.3272997399145,251.96653191812987,3481553.6628111466,964.9380931531119,2879.553901416314,53.66147502087801,0.77017312003165,8.031100928658363,2.8030888030888033,59.934937617520525,962.0,-37.0,999.0,-3.33422178755427e-12,15.914046596812032,255.21187464796373,965.6158656525896,0.0
1.3345383961402906,62.94407459098208,1319.8533523648584,36.32978602145708,-654.3808552504642,3135107.009950067,1.0791595574316626,0.022046317161705336,0.14848002276974953,-0.17310432511358043,0.14863025648389613,0.0052957872862709945,0.06848962475289867,1.069237376487598,-0.035079858277544125,1.1043172347651422,-8.344019919448442e-16,15.018171002686678,232.80801441431112,1.0904844169299799,0.117288346211954,61.35608009788002,1312.966996744468,36.234886459660224,1631.0186551418574,3078002.4432345876,0.11825387518393192,0.003121551182008718,0.05587084375601212,0.07984893863670274,-0.6788286408124459,0.0004654299452855317,0.00823256149294046,0.07688489554333305,-0.07579147477022696,0.15267637031356002,-1.3888629829539312e-16,1.4393714156669564,66.83172026221507,0.13089655010653117,,,,,,,,,,,,0.002024833598337635,0.012288416928269041,0.18731731754691427,0.0,0.18731731754691427,2.498001805406602e-16,14.068670998110623,210.77494849734074,0.19573188294416932,,,,,,,,,,,,0.026757297517727815,0.15747291166036448,2.4351251281098856,0.0,2.4351251281098856,1.1733669591507123e-14,14.599990647881043,223.04533548730248,2.510353900684031,,,,,,,,,,,,0.4041304084784058,2.093715075411872,31.65662666542851,0.0,31.65662666542851,-2.9831692671677956e-13,13.678239203335044,202.39100570866984,33.512686529190425,,,,,,,,,,,,0.2419700608756243,1.4882649601706726,22.384615384615383,-4.3979591836734695,26.78257456828885,3.957945082788683e-14,13.339979920947759,199.87844104348733,23.697047900569608,,,,,,,,,,,,0.19010404865096156,3.674899752969596,57.61538461538461,-2.4705882352941178,60.08597285067873,1.6153745008296028e-14,15.538270088743467,243.3228645975403,57.832809482950644,536.0,63.197287823127084,1302.110593664545,36.084769552604115,-623.6321065946283,3110946.700858308,494.5069164409186,38064.86197304681,195.10218341435038,-0.31761079631276584,-1.2675754044696432,2.126984126984127,33.35391843594252,291.0,-431.0,722.0,1.092459456231154e-13,-6.124200458933193,134.879192222461,530.552542167126,712.0,62.5381595931235,1308.3966655330792,36.17176613787443,496.2405083035672,3086016.3385069757,759.8574804285349,17166.657055846394,131.0215900370866,-0.04219085557324595,-1.3552898742156843,2.8253968253968256,48.5187051746713,749.0,-42.0,791.0,-1.4734879982825078e-12,14.669682798330753,223.96796157566837,771.515391939785,0.0
0.024102856267060185,34.37962822901188,458.0627259077104,21.40240000345079,1143.9017875414024,388256.8772659288,0.013500967062749378,3.988706347161149e-05,0.006315620592753454,-0.08481306127318534,-1.0123385543426073,0.00015450548889141142,0.001193272653265997,0.01139949966489613,-0.0013173112816374556,0.012716810946533586,-2.656295322589486e-18,6.701080500104307,54.71797770759976,0.015028385312344314,0.05996855123702703,34.01284135915191,549.036081255805,23.431518970305895,3802.9390285387817,527181.438125964,0.034074461644432695,0.00018980969501737233,0.013777143935423349,1.3586727560352676,1.2882351574738142,0.00038441378998094265,0.002934158009528323,0.01522858401706159,-0.021747027855673378,0.036975611872734966,2.5478751053409354e-17,-2.0247621023567106,26.586800708053634,0.03696080249591239,,,,,,,,,,,,0.0011917879197038733,0.0029883604424310603,0.016119674230183862,0.0,0.016119674230183862,-1.7780915628762273e-17,3.1105293803862217,9.454653053468343,0.04005436018479158,,,,,,,,,,,,0.019179471961311242,0.048639107247457375,0.27403446191312564,0.0,0.27403446191312564,1.3183898417423734e-15,3.2505867292235697,10.652610651924643,0.6509303413379793,,,,,,,,,,,,0.3215871354629962,0.8177623968999282,4.658585852523136,0.0,4.658585852523136,2.042810365310288e-14,3.2948186651295925,11.014309411994171,10.940009672720377,,,,,,,,,,,,0.15543452162928983,0.6015953135000965,3.2941176470588234,-1.0,4.294117647058823,1.3877787807814457e-14,3.0676916486128447,10.656358703939075,7.735755025827,,,,,,,,,,,,0.0015648386916571587,0.4250226292559153,4.987654320987654,-1.1176470588235294,6.105301379811184,-3.0661237437890065e-16,10.325821529618052,123.59352560639576,5.291524925336736,529.0,33.832054616452545,603.912930063041,24.5746399782996,2877.4762557768026,625827.1699029368,168.404673218403,7573.789115125985,87.02751929778296,2.4952489837196405,6.726344699175181,3.391025641025641,15.126633718908149,144.0,-17.0,161.0,4.858335955759685e-13,6.060276550543193,49.01734696354569,193.62076334938874,730.0,38.52758151295226,503.1879990522427,22.431852332169154,64.84996621516922,454569.78687548044,808.6625485275383,365.26722433115265,19.11196547535477,-0.8891120761394375,2.4139571475522863,4.67948717948718,64.56560837127162,808.0,-19.0,827.0,-4.2810199829546036e-13,12.465474335528562,155.59308558802965,808.5394238996637,0.0
0.01951155098449356,47.113397723967566,589.5431317081865,24.28050929672165,-3358.3972072636016,662598.44039851,0.02982939382454863,3.85549089900954e-05,0.006209259939002022,0.27007216605467,-0.9303363333965846,0.00011343924990984629,0.0023102148857217664,0.029056079160924286,-0.00782868857175284,0.036884767732677126,2.0003530082357557e-17,11.280084823104739,145.28663965864772,0.03033468873155704,5.3536857360346425e-05,32.89766830155014,711.7434951088145,26.678521231672764,9187.963773286016,956620.0746086058,0.009249645737146768,4.011157529899212e-05,0.00633336997963897,2.0531521768968926,5.017391977850452,3.112607986066911e-07,0.000854168157724453,0.0024850878886588787,-0.007129498159223908,0.009614586047882786,7.230749693795538e-17,-2.6988517925375874,28.751195129782136,0.011202311111160553,0.0726173240291115,26.260709257870477,683.4854339385641,26.14355434784192,14093.931082767107,990104.6982997927,0.009912898657961697,0.00012566939042005584,0.011210235966296866,2.5064989558639668,5.4861664551977745,0.0004221937443552995,0.001141027963424847,0.006905339660024878,0.0,0.006905339660024878,-9.226560487851643e-17,3.440289599465513,12.79005438319312,0.01595597342149688,1.1572251015670727,22.493786341343547,646.7526477841826,25.43133200963297,19516.369547356964,1218172.0033494867,0.1379204551908967,0.0348272558531243,0.1866206201177252,2.334732456896288,4.740140886432347,0.006728052916087629,0.01769392647065542,0.11048543456039805,0.0,0.11048543456039805,1.0148132334464322e-15,3.4139632460727207,13.045810690876857,0.248263524421912,21.15878261531703,33.326874070446564,716.7156147971882,26.771544871321645,8105.320152247609,919726.8226908231,3.809267461568835,6.660011787937289,2.5806998639782366,2.6227550980901686,7.401282038251182,0.12301617799602928,0.3505683502380784,2.7590178701511916,0.0,2.7590178701511916,-1.5126788710517758e-14,4.310440448829762,23.09034407406094,4.872510389607453,14.961518668942704,33.326874070446564,716.7156147971882,26.771544871321645,8105.320152247612,919726.4964756912,2.693558853428589,3.330005893968643,1.8248303740262115,2.62275509809017,7.401282038251189,0.08698557365664361,0.24788925772272588,1.950920245398773,0.0,1.950920245398773,1.887379141862766e-14,4.310440448829762,23.09034407406094,3.4453851378933362,1.8073524124137625,40.47614809426787,652.4351921526455,25.54281096811088,1444.27900552332,731115.890349783,5.161613945445425,1.264933827937731,1.124692770465664,2.1631013617361416,4.93181297085653,0.010507862862870716,0.4016263735075829,4.711656441717792,-1.0,5.711656441717792,2.296079992802902e-14,9.101721916231549,110.0459164961848,5.269082971595091,532.0,42.4491414054231,619.1644049804684,24.88301438693609,-34.65946495224431,690702.8802427034,318.3965841477469,863.3593890932502,29.38297787994352,-0.07539084881528255,8.163447260515248,3.0930232558139537,24.31222675794406,318.0,0.0,318.0,1.3500311979441904e-13,12.749776230659993,165.45355325332162,321.4218411993808,723.0,42.54791780825366,612.551304006791,24.749773817285504,107.78899651761233,673296.7523778387,768.7753144776937,790.3995706534332,28.114045789488095,-1.9673321099586083,8.553670701136754,4.203488372093023,58.48443829528514,768.0,-17.0,785.0,-1.1901590823981678e-12,13.063181453291177,171.09863061302482,768.9947984219399,0.0
0.12403262026329752,47.90429666601341,896.0155460433724,29.933518771493812,-5618.877802462835,1169744.0210815864,0.09351946168131386,0.0020339438325627603,0.04509926643042834,0.08503475900443919,-1.0527383227923983,0.0006968124733893122,0.007718372615705887,0.08030661764884613,-0.013504346814158127,0.09381096446300426,-3.651592916931179e-16,9.078214148131712,86.25947907244897,0.10339473185571402,0.12386616584059434,39.0796383986256,983.1811147766126,31.355719012272907,5636.187225915845,1341624.4672006953,0.023394582942858407,0.00029057234721677227,0.0170461827755299,2.190698840464402,8.33661342945052,0.0006958773361831144,0.0021613645579927074,0.0198334731879277,-0.0006976145000027164,0.020531087687930414,-1.8865117801247777e-17,6.672299642846659,52.78492710636006,0.030293928095935934,0.10965117134715906,31.854052316742138,800.652515099477,28.29580384261025,11241.404926266438,1148527.933955929,0.011366383264162377,0.0001464515729603145,0.012101717768991082,3.9687372662500007,20.689275920065665,0.0006160178165570734,0.0012444162754853035,0.005819808898654712,0.0,0.005819808898654712,1.8648277366750676e-17,2.2310727381324766,4.347418456868878,0.018525465376813214,1.7794350042119988,27.972382916264436,748.5333220374107,27.359337017504842,16205.121005398361,1271327.1358318857,0.1616554730200127,0.04087578077699623,0.20217759711945393,4.060461156252537,20.656453535420845,0.009996825866359544,0.019394081642326616,0.07733980419227864,0.0,0.07733980419227864,1.061650767297806e-15,1.9505242707091572,2.6772578140125227,0.29110120846017623,34.33366896882087,41.134528691200444,744.5189368005613,27.285874308890328,1082.6966179557817,957728.6280575002,7.107101615146095,9.84811992498748,3.13817143014646,4.6249730410902234,28.101344067386787,0.19288578072371265,0.5808532549991974,6.7680220484998115,0.0,6.7680220484998115,2.120525977034049e-14,8.45884881481505,92.23605544069116,8.165658958604856,9.47065580618212,40.61087590419842,707.7088551174503,26.60279788137801,2248.9446901500482,880316.4780077592,5.490048272172171,2.8983900594067977,1.7024658761357885,1.806974514997888,5.871914689977144,0.05320593149540517,0.429496033716246,4.785714285714286,-0.8823529411764706,5.668067226890756,-2.914335439641036e-14,7.553841459765804,82.89001580429994,5.773992822486176,6.560052354275044,43.89481431461775,660.5473849378891,25.70111641423168,126.36815680349817,781429.9821403964,7.320401008386954,0.5703398479726881,0.7552084798071907,1.3314282378667301,7.347551171370584,0.03685422670941036,0.5501688590653955,7.295918367346939,-0.4117647058823529,7.707683073229292,7.258083023486961e-15,13.009352580062794,172.09697735994743,7.356618335694525,550.0,44.046673782629824,651.639859832366,25.52723760676752,187.2872810760465,766166.8918516696,470.80656389483664,742.9322025258664,27.256782688458784,-0.8518776516811595,4.045232767694571,3.0898876404494384,35.24365922712509,469.0,-15.0,484.0,4.3520742565306136e-13,13.08654855648109,173.44827043665987,472.01271169323394,704.0,43.99518141800087,659.7957483354216,25.68648960709543,14.597134999407483,782948.7321657288,715.0916666619141,159.57119203405034,12.632149145495802,1.0743858379667832,6.625403913434531,3.955056179775281,53.458144944918324,715.0,-7.0,722.0,-4.32542890393961e-13,13.332019008582645,177.82757150950084,715.1699098815609,0.0
0.02601167958188737,95.61307297046883,3142.5525536725518,56.0584744144233,991.984770383017,17645860.192507826,0.025373739170020178,4.4372455105350707e-07,0.0006661265278109761,0.27738528009865787,0.1537710853069568,-6.738777093753204e-05,0.0012901949297455877,0.0005361455182971715,-0.02536539271864583,0.025901538236943,-2.1109416298292771e-16,-19.60610457337564,384.92881389374793,0.025382860563921406,0.07204655303827033,89.46841222912694,3337.567350403856,57.771682945919586,25163.153962833294,19324073.40884197,0.05022543471973247,7.450271840142195e-05,0.00863149572214584,2.1191344233760585,4.118574244586611,0.00018664910113541536,0.00259125894804987,0.04967337325243282,-0.000930315052673071,0.050603688305105886,-3.5496779127175415e-16,18.213658057693813,346.34703093249215,0.05104205988792015,,,,,,,,,,,,0.00015100952430235933,0.0006503350036021428,0.006560072677023634,0.0,0.006560072677023634,1.1497964039208775e-16,5.713130231781767,38.71284450094649,0.013099988738009903,,,,,,,,,,,,0.0026839771700201192,0.011515222526046386,0.10496116283237815,0.0,0.10496116283237815,1.861358289723114e-15,5.49245714477769,34.11372031988324,0.23200123288534216,,,,,,,,,,,,0.05795885416711902,0.37504698961894706,6.54309474857952,0.0,6.54309474857952,8.826273045769994e-15,14.030500024843866,234.01894075377734,7.4463076206573735,,,,,,,,,,,,0.04035284671053172,0.26529490074566775,4.626666666666667,-0.0625,4.689166666666667,3.11001224773122e-14,14.02203331341181,233.80831365709787,5.265334613367894,,,,,,,,,,,,0.013826059456040481,0.5740273760198622,10.84,-1.4705882352941178,12.310588235294118,1.2486539580081057e-14,17.343120549422355,330.26356074147805,11.26649708254648,530.0,95.8084874915916,3114.823765890604,55.8106062132513,74.96400578843995,17471608.99307411,347.7437796583882,789.5486829916815,28.09890892884778,0.25822001485954593,7.614261427617467,1.3730569948186528,17.736286375263266,347.0,-1.0,348.0,5.946354519892338e-13,19.252483514570166,375.4540254546485,349.50536476569283,723.0,96.06488913502419,3087.567053003777,55.56588029540949,2116.110869556748,17065259.198776197,814.0878283278263,1263.064763302127,35.53962244174981,-1.1611852942606073,6.9120956804032305,1.8730569948186528,41.42033929405997,813.0,-25.0,838.0,4.910294393312142e-12,19.528828067661955,382.9492088911276,814.6121776649303,0.0
0.005048213755735228,50.04676995293907,670.7729325195253,25.899284401688114,-3225.1700950032505,858966.6628747524,0.00704503874096769,7.324721954771731e-06,0.002706422353360933,0.0006607073550670056,-0.5921633435359832,-2.6995795485215122e-05,0.000550414080211329,0.00174318139705767,-0.005582363458248651,0.00732554485530632,3.5914196963582334e-18,-6.643275248229096,62.731917594559526,0.007535846927124953,0.0678517016724966,24.39494458112066,688.8328340486408,26.245625045874615,20058.12661351495,1392155.1296417282,0.009708430953931079,0.00018931571656296138,0.013759204793990145,3.3230902667643814,11.53416253433238,0.00036284332445185325,0.0012281304746213973,0.006586468995129491,-0.0016190225818682265,0.008205491576997717,9.302454639925628e-17,2.224462542227694,5.621435398343062,0.017512066455113197,,,,,,,,,,,,0.0007915596843979806,0.0025532966214775,0.014846480269053488,0.0,0.014846480269053488,1.1340754724198376e-16,3.9353201271991187,15.612776648322086,0.03645731214784702,,,,,,,,,,,,0.012001798474219314,0.037391717003528016,0.2375436843048558,0.0,0.2375436843048558,-2.0296264668928643e-15,3.8605751198373928,15.599788710957913,0.5355802106858615,,,,,,,,,,,,0.2079902054032234,0.6551528663269053,3.8519739571819662,0.0,3.8519739571819662,-1.9040324872321435e-14,3.915315551995864,15.79173210074956,9.374553211049943,,,,,,,,,,,,0.03199779518049179,0.48499354944535705,2.723756906077348,-1.875,4.598756906077348,-1.1381173781188636e-13,2.4196650728882387,16.70158429354832,6.628810146127537,,,,,,,,,,,,0.028720074635529575,0.30349107545981696,3.834254143646409,-0.625,4.459254143646409,-3.406996906818449e-15,10.689946840300342,133.84965714377677,4.1575583767607895,540.0,45.8049950191319,713.8676198089097,26.718301214877222,684.49492699766,910728.4304967201,498.40726708019,4330.3896700433015,65.80569633430909,-0.6916019778573194,6.846325799430055,2.8877005347593583,36.66502812252887,493.0,-30.0,523.0,6.048495038157853e-13,12.88361692762939,172.37426477201643,502.939360161839,719.0,45.985924238387625,720.7508337469208,26.84680304518437,-44.85898887142046,936587.1624833564,694.0830376089157,395.56486056976536,19.88881244744807,-0.7710173817337189,7.40534066209594,3.8449197860962565,50.64126230114565,694.0,-10.0,704.0,-2.9976021664879227e-12,13.644847565855352,186.45069984693407,694.5019798387907,0.0
25.35041371224127,69.20228614870005,1733.3029629553955,41.632955251283754,4336.403947966601,5400333.618147422,22.876046726103727,1.6915057445250403,1.300579003569195,0.3799370865973935,-0.7172474185387809,0.08771769450602507,1.345488930047144,22.84953923297656,-0.022635125888637288,22.8721743588652,3.552713678800501e-15,16.8461950309666,285.3475701977953,22.92186888191625,0.7842929821172554,72.91950627002757,1791.471691903242,42.32578046419513,-2770.283270458339,5647469.4999824185,0.7486032277691835,0.0026524515064104345,0.051501956335759075,0.5727544204046473,-0.23822933926985998,-0.002713816547118531,0.04406314053499099,0.05659571267657519,-0.7453720058602826,0.8019677185368578,1.2576745200831851e-15,-16.64522403184589,281.10174597000207,0.7504927511460031,5.163996707638489,71.48227458621128,1728.9098118895274,41.58016127782007,-91.8036721393284,5380969.786308014,4.966077066542192,0.0004785348615037474,0.021875439687095374,2.182202959333333,10.615302107298746,0.01786850071847229,0.29161916995001425,4.9667180310543095,0.0,4.9667180310543095,-5.828670879282072e-16,16.999047674387064,288.9783113956869,4.966823514126072,28.124843131063617,71.44289481662514,1731.7550565313322,41.61436118134378,-276.24555121099945,5400057.25324886,24.824512613090874,0.1270124420876035,0.3563880498664391,2.1299731017109225,10.784864912749386,0.09731779630125827,1.4578870621530617,24.833590155271548,0.0,24.833590155271548,-9.159339953157541e-15,16.989889091890173,288.76912681056,24.839236542351447,184.77604924942526,71.30283815615773,1742.9169030296237,41.74825628729449,-787.3085522035772,5471201.705985862,124.20234744900972,61.08671559347277,7.815799101401773,0.8095835943266338,2.4313574799095097,0.6393634922125443,7.307795647943298,124.16795077635774,0.0,124.16795077635774,-1.0813572259849025e-13,16.803624451347925,284.42673163193433,124.70709514779814,51.88173047700912,71.61411777716255,1715.2833132452206,41.41597896036288,933.7880849024036,5285207.655151198,88.10088206464421,31.81789672990576,5.640735477746298,-0.10277152226024766,1.740567692451527,-0.17952155874397605,5.184023867960364,5.541176470588235,-87.8,93.34117647058824,-1.759703494030873e-14,-16.78814869207774,284.3169005824512,88.18123264108407,42.3590574541813,71.13144971358575,1718.0362436582286,41.4492007601863,2936.525054323596,5271609.344274435,31.372422836122603,31.41995460679299,5.605350533801877,-0.9382153477887027,2.9400428884471617,0.14657113305945077,1.87141538618092,30.6,-2.75,33.35,5.162537064506978e-14,15.074461671634845,244.1595021488508,31.911488970475943,540.0,71.3437504581964,1720.6712008631862,41.480973962326225,1541.6003520904135,5287618.855864271,588.1609069425857,79000.10865558601,281.06957974065074,-0.3866764499006611,-1.094152031688078,1.8685121107266436,38.27884413310821,471.0,-439.0,910.0,-5.289102489314246e-13,1.1031481988628222,138.36598677495783,651.5151571529245,733.0,70.66081732144491,1763.3252238974706,41.99196618280062,282.14813370112967,5617835.4830404725,489.70131822833054,17482.764758768768,132.22240641725125,-0.21514404165250978,-0.5832807790204428,2.536332179930796,29.7858486006108,470.0,-44.0,514.0,-2.4309443347192428e-12,13.897764216844822,212.92302768085474,508.1918928908646,0.0
0.002136022207120968,64.60550772808237,833.3512608596633,28.867823971675858,-13616.609727952879,1548684.2654736273,0.004523074967333359,5.1777848083098054e-06,0.002275474633633565,0.41181949073969576,-0.6388702825182004,-1.0123327995833968e-05,0.0003477380828937155,0.0014419440491588175,-0.004202354362820449,0.0056442984119792665,-2.358139725155972e-18,-7.604249842874797,103.06521484406174,0.005053327421567803,0.0604599267598901,32.33357110114359,1018.8034096194525,31.918699998894887,28245.456606194042,2426945.026373689,0.006759568261147232,5.79098844002327e-05,0.007609854427006649,2.542079952383665,6.445837222663356,0.000286539937250664,0.0006990536745141917,0.0033463337008074736,-0.0009050175930597059,0.004251351293867179,-5.865533753146579e-17,1.7938079553258124,2.9202155197132416,0.010974280296615692,,,,,,,,,,,,0.0028602854255101225,0.024089267635221068,0.3031836995346963,0.0,0.3031836995346963,6.028164079019405e-16,11.09756703713719,128.03265625118996,0.3515388315143946,,,,,,,,,,,,0.03159213890119898,0.27547133409201036,3.941388093951052,0.0,3.941388093951052,7.271960811294775e-15,13.783174181021858,195.05165251362428,4.018125062865114,,,,,,,,,,,,0.41485090053695667,3.537485700107372,51.23804522136368,0.0,51.23804522136368,-2.1649348980190553e-14,14.225282550386174,204.75796042772748,51.614342319838926,,,,,,,,,,,,0.1902772138381383,2.5113239050278326,36.23076923076923,-1.6470588235294117,37.87782805429865,7.716050021144838e-15,14.173415693357594,203.84503095280374,36.4968514608419,,,,,,,,,,,,0.25942129415868914,3.433146145969646,49.84615384615385,-0.35294117647058826,50.199095022624434,-1.2090328738167955e-13,14.451314882578352,209.2167255959667,49.892848106359885,516.0,51.694686436048634,930.9117585195444,30.510846571662746,-176.07664470884197,1559472.2256511094,473.73928963413766,1755.171171228287,41.894763052537805,0.4024081276003938,5.112445368664519,2.4454976303317535,32.663161215377656,471.0,-28.0,499.0,-4.769518113789672e-13,14.082712857311572,202.49183893813455,475.78776781249854,724.0,51.86911927725085,924.2225156900045,30.40102820119748,-238.32878882444217,1539646.9715810048,648.1252580752297,589.0307972977166,24.26995668100206,2.505314041058544,9.609973999963099,3.4312796208530805,44.54412336996415,648.0,-6.0,654.0,2.9753977059954195e-13,14.462712724362133,209.76009576140135,648.9576257353018,0.0
270.1085403675461,39.618104997150574,533.2134044711709,23.091414085568058,-81.25561562769991,511693.2904509753,271.7458203079118,2.0080667930992973,1.4170627343555744,-0.01600020920066152,-1.421040269607536,1.6776927973139502,21.350246473439213,271.7319497311736,-1.9801506330211989,273.7121003641948,6.896705428971472e-13,12.68752036784091,160.98208929888946,271.73935322915787,0.9516518701026264,39.50501740867839,531.9741294075482,23.06456436630764,31.50930230372963,509561.11645702756,0.8944330376300524,0.0006203867400027333,0.02490756391144532,-0.4028613938712561,0.11963554224602335,0.005910881180761654,0.07029918243207128,0.8944265424082566,-0.0048960324555670336,0.8993225748638236,-9.488937413593135e-16,12.658547663442025,160.47938922442572,0.8951441695498371,,,,,,,,,,,,0.026994996825753383,0.33432637623289607,4.242640687119285,0.0,4.242640687119285,-1.7694179454963432e-15,12.648659994858857,159.99234117097822,4.2426945343475655,,,,,,,,,,,,0.034463815088754395,0.33478629323345577,4.242640687119285,0.0,4.242640687119285,-1.9012569296705806e-15,12.531168739146507,157.9531798148389,4.257127983746212,,,,,,,,,,,,0.17726709046346065,0.615604555315425,4.242640687119285,0.0,4.242640687119285,5.495603971894525e-15,5.190394570166448,28.968947662244837,8.103259491207043,,,,,,,,,,,,0.08784676174792216,0.44438636499519607,2.8823529411764706,-3.0,5.882352941176471,-1.687538997430238e-14,1.231912748147935,31.294936923765384,5.729869735946753,,,,,,,,,,,,0.058394351710194484,0.6280151994403645,6.889908256880734,-1.5714285714285714,8.461336828309305,-2.9559688030644793e-15,8.66275835174796,90.76557966590087,7.978099934593709,535.0,39.21181807318362,543.3734389712588,23.310371918338387,-20.341270076091714,529967.243753727,297.2889165757999,2009.937581187091,44.83232741211514,0.15539838762146152,0.47906031167076685,3.3229813664596275,23.62086731002724,295.0,-3.0,298.0,4.4586556668946287e-13,11.857579957431533,146.03887455917865,302.6664831130134,748.0,39.56577660713936,528.095653271419,22.980331879052986,119.84988605939311,502719.4560794766,751.6841306079984,876.730292097458,29.609631745387478,-0.5166876289287359,2.226763765163641,4.645962732919255,59.102543790079324,751.0,-22.0,773.0,1.4210854715202004e-12,12.624492846988202,159.91419212927286,752.2406529828071,0.0
0.06414527153163925,85.42149963581548,1560.7163743216781,39.505903031340495,-21241.332291016606,5199723.578149182,0.10471948296075684,0.0018770351710838738,0.04332476394723777,-0.015515737924467468,-0.6905877480752246,0.0002181811956858477,0.006571466810655127,0.07965157424041802,-0.06299409802026043,0.14264567226067845,8.630249292984615e-17,2.819857471617738,102.9485747144926,0.11273927021602355,0.06920925221357431,57.84557590320812,1773.9881357027912,42.11873853408707,40363.712016124526,6768883.269541815,0.042204302595079464,0.0004042635832963908,0.020106307052673567,0.5588867509283556,0.08178880843195899,0.00023540561977406242,0.0027227820949498947,0.039039912924877324,-0.006733542210815469,0.045773455135692795,1.6837659738699884e-16,10.771090282340555,145.69997716125897,0.046860150382450394,,,,,,,,,,,,0.0006383864872401348,0.0019252595571167806,0.015937793715699793,0.0,0.015937793715699793,-7.48099499014998e-17,5.206731289267367,32.49213357134132,0.03471958192609135,,,,,,,,,,,,0.00948227535079122,0.02496234060705896,0.17531573087269772,0.0,0.17531573087269772,2.393918396847994e-16,3.8960508199193056,17.233220009784077,0.45707589562613904,,,,,,,,,,,,0.1591905417406981,0.4291537437164167,4.251211678406395,0.0,4.251211678406395,2.3869795029440866e-15,4.784738360051687,32.310396602579004,7.835034610477188,,,,,,,,,,,,0.017580093573544314,0.3231845022161523,3.006060606060606,-1.4666666666666666,4.472727272727273,2.989275493803234e-14,3.384478840594124,29.929269694845537,5.54020610389972,,,,,,,,,,,,-0.0405691039224769,0.634536681635899,6.527272727272727,-5.8,12.327272727272728,-4.28129753871076e-14,0.6512208386941988,63.67234101559698,10.883695015601468,542.0,72.91783956303992,1800.2239622202928,42.42904620917483,803.9685555297066,5796321.196526297,498.94221714894763,2322.282994111514,48.190071530466874,0.5478974733951542,2.563659229970007,1.8435374149659864,29.180344861947958,496.0,-22.0,518.0,5.684341886080802e-14,16.604216683437944,281.52759717143834,501.3362145307279,798.0,73.08391540418165,1793.8916342951957,42.35435791385812,824.5120924978673,5763273.424552765,1082.6002279529791,8250.868885137244,90.83429355225506,-0.268286390888105,1.9199969867828373,2.7142857142857144,63.23528034469411,1077.0,-87.0,1164.0,4.4790837705477315e-12,16.74952059367702,285.1953220087522,1085.2575731134061,0.0
0.10835786546373363,64.26951540777965,1575.068972371388,39.68713862665572,4342.8418821585265,4227034.377283657,0.08098615552655969,0.0004723514526744608,0.02173364793757506,0.26661077643868686,-1.2047091465036939,0.0004167610210143601,0.005182034514837247,0.0722627654162787,-0.016973792307640713,0.08923655772391942,2.6508743117270583e-16,10.8027819945478,145.0772185537699,0.08382758841823132,0.14642648882991424,50.109533449695995,1162.0264046830684,34.088508396277305,6271.820520232986,2592003.5759255076,0.033492271775431535,0.00044707181530677674,0.021144072817382575,0.996142284634729,1.2181433767434866,0.0005631788031919778,0.0024563897858992873,0.023141826749840614,-0.005274492304276981,0.028416319054117595,-4.163336342344337e-17,6.309296157297616,50.26497540505157,0.0406357662362251,,,,,,,,,,,,0.002160170384943196,0.026102579417355855,0.41902624070313926,0.0,0.41902624070313926,-9.076940588048643e-16,15.942671205133887,255.07508766410024,0.4198866799520539,,,,,,,,,,,,0.013185407754421207,0.08097234478698608,1.2570787221094177,0.0,1.2570787221094177,8.621575675604731e-16,14.271695131866084,218.08563622864372,1.315183078006212,,,,,,,,,,,,0.16701437179974346,0.5822817531054649,6.937651438056693,0.0,6.937651438056693,3.36952687973735e-14,7.728326533381051,77.31507853182364,9.71108031989851,,,,,,,,,,,,0.030850108410764722,0.4272249887409002,4.90566037735849,-1.5833333333333333,6.488993710691823,-1.8832158055204218e-14,6.804589447431107,72.45097329905035,6.866770746847464,,,,,,,,,,,,-0.016011773494704097,0.7728052971834618,9.943396226415095,-3.5,13.443396226415095,4.608813330975181e-14,7.698215847785263,111.40736907254787,12.391670262359124,532.0,64.40459491955784,1409.9745632390825,37.54962800400401,455.5620327830287,3563038.6435626536,521.9797164602759,1813.3756040498893,42.583748121201,0.12649062022011984,2.079216721147659,2.046153846153846,32.4143514128355,520.0,-19.0,539.0,-1.1759482276829658e-12,15.782751625700874,252.60856739998658,523.7060244068231,794.0,64.7112576069298,1396.3951586086876,37.368371099215544,1067.8938960903856,3497385.7948890203,1057.9338891557002,4774.132329740922,69.09509627854152,-1.3476947420948042,4.749343641871077,3.0538461538461537,65.59588537030888,1054.0,-56.0,1110.0,-2.0552448631860898e-12,15.90323652868606,255.33203969875126,1058.8474866570727,0.0
0.06194019038870696,62.0142604198096,1188.5700684238102,34.475644568648896,-3530.8217373839816,2572932.8912557364,0.052613320247232566,9.64970664491119e-05,0.009823292037250644,0.14742498684522404,-0.7590930413501285,0.0002580841266196124,0.0034410150354083654,0.05165065713688235,-0.005105480596201397,0.056756137733083745,2.1797884677821067e-16,14.112541525418603,209.21459097432017,0.05345770340817743,0.09662541325675938,56.7146873596053,1340.9668163838303,36.61921375977139,1845.8453573459274,3104669.940315663,0.02009320146350661,8.992531265944985e-05,0.009482895795032751,1.63302992475908,7.930524958820736,0.0004026058885698308,0.0014298361423111354,0.015306003866449348,-0.006051683856098385,0.021357687722547734,1.732555071631836e-16,6.146405569763303,60.44285557994928,0.023012290083537328,,,,,,,,,,,,0.0007470724711329978,0.0021216865107044802,0.018005033780213016,0.0,0.018005033780213016,1.109138822452671e-16,5.141179748656739,32.37987037791644,0.03477443531550727,,,,,,,,,,,,0.012563249320592296,0.03915230694463569,0.417193000900063,0.0,0.417193000900063,2.9819896552041314e-15,6.435192845354183,53.779926503066896,0.6356779617433824,,,,,,,,,,,,0.23992826736607464,1.1523275263879034,16.68772003600252,0.0,16.68772003600252,-1.8596235662471372e-14,12.438827225429295,174.7221078972556,18.196604300557343,,,,,,,,,,,,0.0832182840146737,0.828122495758894,11.8,-1.588235294117647,13.388235294117647,1.3822276656583199e-14,12.058904453194343,168.69491876968868,12.866942295492391,,,,,,,,,,,,0.040577351397491974,1.614232117360654,24.6,-2.0714285714285716,26.671428571428574,5.782874179516284e-14,14.79967297058954,225.94220789124466,24.963306114965132,595.0,59.31834480910706,1199.6612579467453,34.63612648589252,380.0998345656472,2577410.648050047,475.2630638051767,2722.9201825165874,52.18160770344842,-0.15035897421535271,1.6966913829451906,2.4791666666666665,30.81016443706359,472.0,-27.0,499.0,-1.4521717162097048e-13,14.84341171749676,226.44455265421448,478.85175158915314,744.0,59.48239667695939,1198.4349786016787,34.618419643329744,201.68668262498042,2576297.854601336,986.2011317588344,2084.6777175941047,45.658271075393394,0.10925277869645912,2.6273148670043893,3.1,63.59355313237336,984.0,-30.0,1014.0,-3.708144902248023e-12,15.384251851902434,237.80109757955296,986.3569333664158,0.0
5.900738490137878,44.96878751540861,757.457387757477,27.52194374962417,2384.454105907359,1055328.598341411,5.149191410109837,0.2340534724060366,0.48379073203817846,-0.20106211474021998,-1.3897377374921458,0.030733012969468117,0.3725162187311791,5.133411441727617,-0.059627377266492046,5.193038818994109,-4.073130721593543e-15,13.518084789071315,185.22813286312012,5.179272868884179,0.19290092729291786,51.68106867975021,717.3470515679132,26.783335333149104,-3252.040213357359,997294.4837671665,0.19177478981243354,0.0013988221170896074,0.037400830433154925,-0.3964512685301778,-0.633990001038318,0.0010046923296506138,0.014033344884368354,0.1880917654765109,-0.038543566067860024,0.22663533154437093,6.331740687315346e-17,12.317823776866723,166.20569402416737,0.19494943360166558,,,,,,,,,,,,0.059795233409350064,0.5936725431791727,7.0710678118654755,0.0,7.0710678118654755,2.341182803178299e-14,10.53732411974589,114.76726284557994,8.246229966869167,,,,,,,,,,,,0.06761599369486432,0.593102643742761,7.0710678118654755,0.0,7.0710678118654755,4.274358644806853e-15,10.528061039638894,114.65401785780091,8.249936345574866,,,,,,,,,,,,0.19398355692604058,0.6324935658213738,7.0710678118654755,0.0,7.0710678118654755,-4.468647674116255e-14,8.27852573182989,81.28313204959916,9.143109244242634,,,,,,,,,,,,0.09156812515670967,0.4587528136555056,5.0,-0.9411764705882353,5.9411764705882355,1.3128387266192476e-14,7.701263779913432,76.4977359638229,6.465154547733376,,,,,,,,,,,,0.127226260221693,0.4212428915176756,3.0,-0.375,3.375,-2.958744360626042e-14,4.413803831761897,24.131111562350863,6.081425008526899,185.0,35.26745832907228,835.4718547613326,28.90453000415908,13758.44665839711,1382376.017746074,40.79729852013958,934.4554334586169,30.56886379076947,2.312468538163864,8.098975218708999,0.9635416666666666,3.6790119765045493,22.0,-16.0,38.0,1.9606538614880265e-13,0.5908994960899816,10.535244322776459,52.69724850502159,464.0,45.928677384971564,812.3637476703036,28.501995503302986,490.47996122986507,1173116.4354987065,178.62298566141723,2866.5789934011373,53.540442596238755,2.2288164476786227,10.732100298083756,2.4166666666666665,13.42779041970636,176.0,-6.0,182.0,-5.977440764581843e-13,11.462558487207696,146.49684349074315,189.05025786811294,0.0
3.258120790101663,65.88497182478318,1680.1994363361134,40.9902358658268,10744.526013998078,5176523.942801788,3.2241053862522793,1.9874161992372472,1.4097574966061528,-0.05902336568911517,-0.602525887973966,0.011392030734621196,0.20797843186160678,2.7173131902522605,-1.6117688828183359,4.329082073070596,-6.630113125183357e-15,7.15617957986769,118.73532454746855,3.522506870736717,0.27546015642666966,60.237899918768726,1523.06415081693,39.026454499697124,18579.458748186644,4723910.786710076,0.1605717045154958,0.007052800729132071,0.08398095456192477,0.3848919616924147,-0.6631123721385267,-0.0009631474000932505,0.010707162905030747,0.018073772369106518,-0.10399619329905337,0.12206996566815989,-3.15936513062276e-16,-7.282809451938732,57.94637301333645,0.18180567441997894,,,,,,,,,,,,0.014722039223029086,0.17355548145045685,2.8284271247461903,0.0,2.8284271247461903,-1.0932227345605838e-14,15.476167097173125,248.74882668565192,2.914568270345986,,,,,,,,,,,,0.03973631672737549,0.2197586869553421,2.8284271247461903,0.0,2.8284271247461903,3.066991105526995e-15,10.108656164059466,112.68429025253867,3.7368970417487284,,,,,,,,,,,,0.36462377051264194,1.2009371648751128,12.423322217154421,0.0,12.423322217154421,-1.113553693699032e-13,6.317560741337511,48.73835338486905,21.00133707744144,,,,,,,,,,,,0.055391511800832016,0.8857381466443567,8.784615384615385,-5.875,14.659615384615385,2.6395552410463097e-14,1.8954387062935716,47.25138928633209,14.850187861443313,,,,,,,,,,,,0.011603046153751947,1.2150099380994843,15.953846153846154,-9.055555555555555,25.009401709401708,-3.344546861683284e-15,6.256606288347086,117.62050194076707,20.331931991351766,545.0,69.98679990413606,1723.0298734521864,41.5093950022424,2736.2368136599885,5207623.955006464,585.8737457148897,13964.212823263622,118.1702704713145,1.061744075229536,3.7087267491735547,1.9055944055944056,35.29082227059604,571.0,-96.0,667.0,8.619771563189715e-13,14.57489747777879,238.04447921888908,597.6913919406904,779.0,70.49535835152048,1705.4120567385892,41.29663493238389,1238.8345872848274,5163749.10625495,1047.6634782918798,22853.50898063343,151.17377080907067,0.2905288971318945,1.295571331963006,2.7237762237762237,62.510507601245095,1037.0,-163.0,1200.0,2.6494362259654736e-12,15.841621914004264,263.84055763594813,1058.151690448964,0.0
0.42604677272719216,52.41572666374799,1552.352169598845,39.399900629301655,6464.574177982944,3411413.8015721403,0.14775998751541183,0.008338416769304406,0.09131493179816982,0.8561187371644131,0.24032637481076732,0.0017532789001119022,0.01111986107576843,0.11446904195044524,-0.005169463714651588,0.11963850566509683,4.3194614551822497e-16,7.740478627529351,64.34248674597237,0.17548289726001823,0.06527288239089606,65.50014925802081,784.5058065132855,28.009030802819392,-10285.175104735636,1793352.857848875,0.03792864066849188,0.0006729785712720703,0.025941830530478573,0.8308212638515488,-0.3319403945471639,0.0002686126847361978,0.0029417323676423283,0.022785067155408584,-0.023611976663543692,0.04639704381895228,7.773729576721067e-17,0.1668491810141884,37.00220501873931,0.046047843919431085,,,,,,,,,,,,0.0005385815712686415,0.0018978269002072456,0.02209708691207961,0.0,0.02209708691207961,1.5178830414797062e-16,8.059654938253182,79.37442498008052,0.030498266761284077,,,,,,,,,,,,0.006237649613810519,0.014322181572594614,0.12221598687174895,0.0,0.12221598687174895,1.0755285551056204e-15,4.137381594422983,23.394161461832724,0.24150346724431587,,,,,,,,,,,,0.08586760361544701,0.16976369792141324,1.0999438818457405,0.0,1.0999438818457405,1.4377388168895777e-14,2.759644431198481,9.163871505377823,2.9411081376488624,,,,,,,,,,,,0.05582466728287413,0.12239316060982568,0.7777777777777778,-0.25,1.0277777777777777,3.469446951953614e-15,2.5899597095076907,8.89381005127781,2.0796775083344485,,,,,,,,,,,,0.04943640696202325,0.18576675215628297,1.2941176470588236,-0.5,1.7941176470588236,4.163336342344337e-16,3.3564141449908877,16.586442702995626,2.971838731334883,201.0,53.60553731458897,1612.7369913930659,40.15889679003976,4975.380743526746,3893146.264140435,21.26001750352284,346.03644913833324,18.60205497084484,3.731946878462096,21.16627242133739,0.8271604938271605,1.8084628908937186,10.0,-4.0,14.0,1.6719958750854857e-13,2.343467028807853,6.793164927363036,31.0,182.0,42.31795378426617,1548.2208297472696,39.347437397463,37664.91348979436,4490468.716268648,33.399332597042864,1105.311028353103,33.24621825641381,2.3457088958487486,5.342262264292667,0.7489711934156379,3.0168847494995172,22.0,-8.0,30.0,-3.2662761384472105e-13,3.6446840312854083,19.361895383425882,48.45616575834287,0.0
0.025187394602138563,49.324898464756764,789.9866594636202,28.106701326616403,-6151.820909453056,1049532.7561079455,0.17124054710110612,0.00613530537273955,0.07832819015360658,0.06405129237957016,-0.8419782122303882,-0.0001399299700118811,0.013927413179013004,0.09961734321111211,-0.11532284444350499,0.2149401876546171,-5.117434254131581e-17,-2.217314175769992,49.26867707077811,0.18686528646589634,0.2074685743116223,41.381139042599926,690.5744526631491,26.278783317786026,2699.417967768686,873608.6664816389,0.05300033994410894,0.000634186172850031,0.02518305328688384,0.9236774031077535,2.3153681459649897,-0.001152603190620124,0.00436893308766538,0.013989616975775145,-0.03741815679376995,0.05140777376954509,4.119968255444917e-17,-4.5173086485717215,35.22372735740918,0.06062089309070352,0.2250377253027046,28.46504465314666,516.5018027369416,22.726676016015663,9782.273718549914,749795.6234360253,0.018234546891859715,0.00021651048099034177,0.014714295123801947,1.6110427595837855,2.776190845463709,0.001250209585015027,0.001745943682124791,0.0120897556726379,0.0,0.0120897556726379,-2.40692882291782e-16,3.0810511230261657,14.286029886516491,0.028810446066846723,3.8243429210318833,28.05075373473181,502.5580296981426,22.41780608574672,9591.924191247845,726545.7266575085,0.2998790938958623,0.06100795366093045,0.2469978818956358,1.5631047960288906,2.552427097204601,0.02124634956128824,0.028947396894001096,0.20552584643484428,0.0,0.20552584643484428,1.457167719820518e-16,3.028628230843689,14.001848091117342,0.48175164575896373,67.06885878231353,31.204643062554364,583.0132028605856,24.14566633705903,9532.93531187042,826374.0408114801,5.4261357442984055,16.007211555795717,4.000901342922082,1.5353449192020083,2.394266478993412,0.3726047710128532,0.5021137341828901,3.4939393893923527,0.0,3.4939393893923527,-3.3861802251067274e-14,2.8513094064029763,11.997646038225529,8.388769465099914,1.9612139423662631,28.042495949312556,622.0197834288324,24.94032444513969,12714.70704159416,972584.7830073778,4.430884168302388,15.532964506162307,3.9411882099390163,1.7676507955058964,2.6260276283177673,0.01089563301314592,0.4419926966586164,2.4705882352941178,-1.0588235294117647,3.5294117647058822,7.275430258246729e-15,1.508577389366986,8.197718910095304,5.931755774582797,1.5425940695804399,21.41280497451989,515.0751373229298,22.695266848462694,15286.04928784808,989191.3692435179,7.830325057384428,123.2525326433218,11.101915719519843,3.6183705159199824,16.24787097928006,-0.008569967053224645,1.0125830681778802,4.466666666666667,-2.6875,7.154166666666667,-1.95815585968262e-14,0.901130117834995,4.6897821226997936,13.585713988349973,16.0,43.46861164247284,657.1455305150312,25.63484992183553,689.6520509336342,778756.284473989,186.61797448490714,7744.109376928368,88.0006214576259,0.2583613535466649,-0.034358385733062914,0.08888888888888889,15.329089589871964,123.0,-132.0,255.0,-5.90361093344427e-14,-0.5321190339776986,52.6516174568922,205.6647757881743,209.0,33.755509518405674,776.7014864052179,27.869364657365583,10505.905049477118,1111877.217900779,226.16306554618504,35171.04556052988,187.53945067779708,3.9231599290983987,18.445851663996663,-1.1611111111111112,21.884840996271798,69.0,-180.0,249.0,-5.404565683875262e-13,-2.5456782140821574,25.277040336640226,294.02891014320346,1.0
1.2166985650730466,14.063836641539956,69.12686841700986,8.314256937153786,-7.701417518480401,8593.191061994634,0.8982072540042364,0.05127707710548349,0.2264444238780975,-0.3928796063622862,-1.2220858158400656,-0.020622009577509266,0.11956914680283455,0.07353521597683327,-0.8359000077318703,0.9094352237087036,-2.498001805406602e-16,-6.053134355374264,38.64424079015281,0.9319875753593431,0.0027901731903405592,15.402552844689414,69.3792831686113,8.329422739218565,-102.47130803070503,8825.55853988267,0.0931920660994921,0.0024866190255727104,0.04986601072446753,0.6183252680593073,-0.6219590635313769,4.729107102272124e-05,0.013643173485260356,0.05046500731201575,-0.07462117740099941,0.12508618471301516,3.876022766635678e-18,-2.020974615120473,18.449621558505985,0.10479583356443263,0.11139328536519312,13.916785493999518,76.14281715876182,8.725985168378514,-7.590178713248281,9782.315388378622,0.04152967273207207,0.00014425189244595275,0.012010490932761773,0.03742962454785652,-0.1632139106921826,0.0018880217858507301,0.005580365437374616,0.04073866229058299,0.0,0.04073866229058299,4.0332320816460765e-17,5.995676614462592,40.48873506058794,0.04525042735744093,2.084174526890709,13.936650673742792,74.64546244008655,8.639760554557432,-4.555596505434393,9575.440963718285,0.7480170429369392,0.056117411777315745,0.23689113908569004,0.3449489886633422,-0.266351987628118,0.03532499198119845,0.10128096638328518,0.7332959212304938,0.0,0.7332959212304938,5.689893001203927e-16,5.875596264399791,38.923590793694395,0.8239148398895538,51.96187336401522,14.081139086959292,70.40388209263077,8.390702121552806,6.925046842680246,8635.518858593003,16.243968994314162,50.23144450417373,7.087414514770089,0.7014238902621431,-0.37801879747391015,0.8807097180341563,2.2876761902379843,13.199326582148888,0.0,13.199326582148888,8.881784197001252e-16,4.39119415270342,20.368683487328134,18.82916900902622,4.007226200368681,13.496896343987716,74.15734416708536,8.611465854724464,18.851530834890102,9612.8621421656,12.231844897470642,30.43027217160155,5.516364035449578,-0.6702699361087399,-0.8558889038411573,0.06791908814184207,1.7320343463328822,7.978260869565218,-9.333333333333334,17.31159420289855,-2.1788126858268697e-15,-0.996827703628614,21.118435706724068,13.314233090390028,6.55334575411749,13.603215688470078,73.30937890608824,8.562089634317562,15.216724866244089,9566.311441075064,6.590446557106996,1.6338068410781932,1.2782045380447502,-0.6050711656018761,0.46385787116133015,0.111073656849449,0.8665529976903892,6.369565217391305,-0.7803030303030303,7.149868247694335,3.913536161803677e-15,6.49857042504728,47.19044824356444,6.710576416975991,694.0,13.893823795026648,59.733473862454936,7.728743355970292,-19.388453633846943,6961.435117900615,679.7700814610951,75439.94669520395,274.66333336505613,-0.1906736208831992,-0.6487295227666574,11.76271186440678,94.63728060749307,367.0,-335.0,702.0,8.704148513061227e-14,1.4402268112584369,9.360409205703508,732.5162114247029,188.0,13.831789050212961,69.64197123399244,8.345176525034832,23.51468198855391,8899.03505021702,328.73793830319744,18656.195506370073,136.58768431439955,0.12381445067121472,-0.7554397401952776,3.1864406779661016,45.95077490586932,293.0,-131.0,424.0,4.4853010194856324e-14,3.8930954316167066,28.360339009254695,353.8022046285184,0.0
0.01867475397953116,47.705835389695004,574.8214613398927,23.975434539125516,-4327.853049705298,659607.3005615978,0.011162929403020605,3.115705087642241e-05,0.0055818501302366055,0.5354956288289623,-0.1301547211042138,0.0001073261722961561,0.0009459342424476474,0.007156840920094268,-0.003938661246924288,0.011095502167018555,-3.686287386450715e-18,4.508829620359586,32.66151404729074,0.012557787492360487,0.017152861379865002,39.61653695598278,723.5773063047161,26.899392303632364,2812.5872994795304,886604.2120968103,0.007300124160776673,1.5494372532522528e-05,0.003936289183040612,0.6897847612295496,0.2945098761165721,9.857966310267241e-05,0.0006246566427882468,0.0026123313039943846,-0.0027467686013771483,0.005359099905371533,-1.3769367590565906e-17,1.0058705430831218,5.6609900504456405,0.008341763219853702,,,,,,,,,,,,0.0006293836191576138,0.002008833066252089,0.01634202338742243,0.0,0.01634202338742243,-6.228741480929223e-17,5.0005373251110665,29.365969511352127,0.027688542519728,,,,,,,,,,,,0.00981385659678725,0.03068110213612116,0.2451303508113365,0.0,0.2451303508113365,8.413408858487514e-16,5.007574714437866,29.256529147696583,0.4236886038813965,,,,,,,,,,,,0.1652655821366198,0.4976665295682046,3.6769552621700474,0.0,3.6769552621700474,6.00908212078366e-15,4.630072183689116,24.3291044944474,6.897271264885488,,,,,,,,,,,,0.11161419587786607,0.35360234010007036,2.6,-0.08,2.68,-1.6653345369377348e-15,4.60312635143273,24.08698135222835,4.877107283083644,,,,,,,,,,,,0.09964754519489541,0.3607289541678717,2.8666666666666667,-0.7692307692307693,3.635897435897436,3.7969627442180354e-14,5.223013093569273,34.71595383867103,4.922348729361405,526.0,42.62653977931235,646.438607877936,25.425156988265304,-38.058074249145825,758240.1775703818,242.22283709667184,2287.5454647012716,47.8282914675119,-0.29986101961999123,1.8256516070462818,3.0229885057471266,18.66737088870359,238.0,-2.0,240.0,-1.9806378759312793e-13,11.661084431639727,145.639357636097,249.44738924270183,717.0,42.99039373960877,640.6875641800328,25.311806813817793,-218.06737128293017,744925.0021659783,476.9528458471669,1930.592033691068,43.938502861284064,0.6031353679093311,4.75342820425569,4.120689655172414,36.18427180366032,476.0,-10.0,486.0,-2.5863755581667647e-12,12.864384014409247,168.05789238808447,480.38838453901025,0.0
1.0296767413465207,32.858665397515374,454.32142599990823,21.314817052930767,2873.150094659566,408237.1818570471,0.599419925080853,0.04161021635823235,0.20398582391487982,0.2839712974895487,-0.8237206964589224,0.006643075750622715,0.0506937622949081,0.5669334726477372,-0.006452997642548331,0.5733864702902856,-1.6028844918025698e-15,9.527821067586729,99.24682061015248,0.6365281915291575,0.009992540915547994,42.064069508676425,451.2910337644206,21.24361159888828,-1773.1872049962633,390928.5086836326,0.15961126177897741,0.004548692429065224,0.06744399475909789,0.12579339084284955,-1.0450631907594778,6.446800590676108e-05,0.013872865416513518,0.08536595419530542,-0.14316753248886296,0.2285334866841684,1.7854099275405044e-16,-5.598267640200415,82.34773813173669,0.17271764647312324,,,,,,,,,,,,0.0023989890303004855,0.012406795950660916,0.14086892906450751,0.0,0.14086892906450751,1.0018028073766061e-16,9.681724376602286,103.56802141301186,0.1563061461418336,,,,,,,,,,,,0.02809558615702241,0.10394168606555017,1.1269514325160601,0.0,1.1269514325160601,-1.5092094240998222e-15,8.347132692028563,83.1757662011368,1.3318277357599122,,,,,,,,,,,,0.4315614746387841,1.3087567515417506,11.449318018664373,0.0,11.449318018664373,4.2243986086987206e-14,6.070006350142404,44.10975230240304,17.04584112879363,,,,,,,,,,,,-0.01503398605074511,0.9743298978337289,8.095890410958905,-6.375,14.470890410958905,-2.2001497845813844e-14,1.7823577235306756,42.66741457460567,12.05322985319853,,,,,,,,,,,,-0.005521025505304457,1.5732140083795771,15.875,-3.65,19.525,-7.070732888081466e-15,8.178875327408061,76.6876713581006,19.459702414895965,532.0,38.33059429445996,489.13681277131576,22.11643761484466,98.9349957174446,429750.5665689763,599.9767232367939,6413.7497558579535,80.08588986742892,-0.37397186504419816,0.3819350927937202,3.432258064516129,48.4616269020956,591.0,-51.0,642.0,-2.957634137601417e-13,11.607395052499228,140.99366069088546,604.8537013195836,442.0,38.113007446172595,488.2949318855466,22.097396495640535,-81.25080944770468,427736.8404988483,712.8452711930603,15052.69725977034,122.68943418147441,0.03778120238984531,-0.7398681686926026,2.8516129032258064,57.91125508172365,701.0,-73.0,774.0,-7.531752999057062e-13,11.465626679836976,137.8801495192726,721.8628678634191,1.0
0.02720197662392209,47.360665094703386,856.2171437246491,29.26118835120421,-6872.21375275929,1144938.6218469576,0.01546227928718718,0.00010400053219347808,0.010198065120084206,1.4204327813684894,1.1869557306954384,0.00016001162719954168,0.00139594766945244,0.010442738768973355,-0.002064337658464621,0.012507076427437976,-1.1655173354219173e-17,6.455920714416034,44.16162934989039,0.018320112304161373,0.005836083382650397,34.19096607980905,656.1148218383602,25.61473837146029,6374.958285354457,751943.402820137,0.058386309216862074,0.0010384568021392386,0.032225095843755665,1.6064399593733079,1.935271947614354,3.432990225088469e-05,0.00511416901607205,0.023132540925921496,-0.031127350217370658,0.054259891143292154,-5.136407792150077e-18,-2.635722532764137,21.026099714880708,0.06668210821062724,,,,,,,,,,,,0.0026383589720767983,0.010744665182677854,0.12822202965516064,0.0,0.12822202965516064,5.767955557622884e-16,10.06856554539841,113.01164989298044,0.1438300447894058,,,,,,,,,,,,0.0422961623449911,0.16216044870344257,1.9233304448274093,0.0,1.9233304448274093,1.7208456881689926e-15,9.88963790580032,109.85894737729178,2.1786144734454154,,,,,,,,,,,,0.7674451855324068,2.933384996424147,28.84995667241114,0.0,28.84995667241114,-1.0769163338864018e-13,8.446155112341406,74.79665333551439,39.41749130598357,,,,,,,,,,,,0.13983162257833226,2.1394641717842986,20.4,-2.7196261682242993,23.119626168224297,1.021405182655144e-14,8.174725866960399,71.86829735829785,27.872375399822758,,,,,,,,,,,,-0.07511865351337156,2.102268386542733,24.46875,-2.5714285714285716,27.040178571428573,-2.550737399076297e-14,10.09198824341777,113.1971083407765,27.346930460592652,532.0,42.403823386076695,601.6616514834521,24.528792295656388,36.65501480151338,652569.2765552443,662.0901081088823,82678.2181561333,287.5382029507267,0.06600756040941164,-0.8057663701086316,3.1294117647058823,54.948593780710404,557.0,-291.0,848.0,3.4727776210274897e-13,6.182855066769675,70.09907003112,717.6029542860035,442.0,41.911324212227356,597.8519704713141,24.451011645151087,77.6306859419971,645165.4193451549,867.8438676213182,108668.66849089554,329.64931137634056,-0.2077506390215121,-0.8292023306700871,2.6,71.09218539002316,783.0,-160.0,943.0,-1.0187406473960436e-12,9.15042590657627,93.41306620542407,927.5483814874565,1.0
1.2319231008427889,39.9218260408195,474.34920391130925,21.77955931398313,-1615.8648155279884,416101.01567072887,1.3757038082183533,0.02524714348332239,0.15889349729715935,-0.1551480568058714,-1.5330471883222379,0.008051784972828687,0.11159196851564325,1.3652397439763502,-0.2220400827066969,1.587279826683047,-1.3114509478384662e-15,11.81648951260119,144.84786713868945,1.3839048369747433,0.3624750099954299,34.90314822405161,510.7628394920384,22.600062820533008,546.508222652454,435708.39945428417,0.2711778667140168,0.003891075458051749,0.06237848553829877,0.5844379375392229,-0.4391161613315933,-0.0023691177123884312,0.022422333951622606,0.018567213476764457,-0.26559467918821633,0.28416189266498076,-1.9949319973733282e-17,-10.82020785227261,125.57050996077488,0.2788927896552823,,,,,,,,,,,,0.0027462733977348533,0.011553465407547826,0.11639617797309426,0.0,0.11639617797309426,1.240327285323417e-16,8.015085457954417,70.84732206658924,0.14544307159427203,,,,,,,,,,,,0.03353617827003628,0.10277861116729042,1.0475656017578483,0.0,1.0475656017578483,-1.97758476261356e-15,7.2630676351544015,65.30848068233699,1.32409128271638,,,,,,,,,,,,0.5080596240709965,1.2050088005283341,9.428090415820634,0.0,9.428090415820634,-4.884981308350689e-15,4.66293246998993,28.025007083161473,16.01641716003567,,,,,,,,,,,,-0.02215005129747179,0.9244429515705502,5.4363636363636365,-6.666666666666667,12.103030303030303,-2.5018181970537512e-14,-1.3660498908611804,25.86771180380685,11.325317184173807,,,,,,,,,,,,0.11208082327971802,3.414019023849527,37.22222222222222,-5.828571428571428,43.05079365079365,-8.448797217397441e-14,9.275517647305376,96.25820289871577,41.835549487523544,532.0,37.882452601350266,476.4955729662857,21.82877854957271,24.183058361362928,407850.91535737325,608.4360572285843,9169.235316766402,95.75612417368616,-0.029301903145679497,-0.30843007420198804,3.477124183006536,49.631595061321356,598.0,-60.0,658.0,-2.4868995751603507e-14,11.333678015107445,136.0594101760057,615.413682005852,442.0,37.67196750453864,475.73130028216326,21.81126544431027,-280.5522967883111,404202.3830878338,804.0435258580246,93588.20589421716,305.92189508797367,-0.0419598525816439,-0.4246526617656182,2.888888888888889,69.32150686801114,732.0,-204.0,936.0,-1.2567724638756772e-12,8.347551384611435,84.03516175405872,858.2039384668425,1.0
7.779641227105818,70.33726584652172,1727.5584971799892,41.56390858882246,3049.6352265417,5399509.494915387,4.427755518448527,1.609079902311796,1.2684951329476184,-0.1004886495034094,-0.4390162502852503,0.02691917379621389,0.27046476497062727,4.249757664631764,-0.09235523677582787,4.342112901407591,4.288236432614667e-15,13.85544744888088,209.01154506657502,4.6206184825684185,0.2572558233795199,62.810095752369016,1628.347257050821,40.3527849974549,14854.950100809781,5035552.858208933,0.399527053474889,0.02497073204451541,0.1580213025022747,0.15730471864599682,-0.7875576939367834,0.0008901585584066431,0.025229319859686107,0.3582664702228072,-0.14715828331769829,0.5054247535405055,2.5652223401007035e-16,9.589197068806596,145.33608900996788,0.4291653157714178,0.42733924588927896,40.963996186537784,1518.0612991066025,38.962306131780785,68441.56589992237,7387311.0500429245,0.029027796976608383,0.0011132224297610972,0.033364988082735726,2.050305795298902,4.1496294905537,0.0014786825117276078,0.0025969557840080314,0.015543971579105868,0.0,0.015543971579105868,5.854691731421724e-17,2.6912496576357166,8.489410377549511,0.050803217416952574,7.405966015424008,41.49925250016763,1513.6760546102132,38.90598995797708,66475.92855501686,7235149.678658556,0.5098644414756783,0.32226836415507587,0.5676868539565416,1.9725608626600522,3.7112199400210133,0.0256261799841661,0.04480698613070021,0.26424751684479975,0.0,0.26424751684479975,3.0531133177191805e-15,2.678165725698447,8.273247818663272,0.8774976318119707,135.18535972782468,50.343993295429236,1775.5338783174639,42.13708435947442,52804.55795458898,6912082.518775438,10.878990461234832,82.94125070371767,9.107208721870697,1.7987605244822014,3.0503421511404025,0.46776941082292284,0.833131347144892,5.580410273147889,0.0,5.580410273147889,5.4067861299245124e-14,2.8599961367602154,9.94949735215945,16.242928993653145,23.23443446441876,47.55078752766355,1830.5517290100615,42.78494745830666,61814.89338994068,7616781.2245577425,8.483435298008946,58.531298865456364,7.650575067630953,2.0155655169593114,4.154110830570756,0.08039596700490921,0.6708163087894403,3.176470588235294,-3.945945945945946,7.12241653418124,1.6681100944992977e-14,0.5854234323360186,9.389910829574797,11.485485237743722,7.2068282266165475,41.231347808404365,1539.1384839694138,39.23185547446633,64437.74105505139,7224682.03815603,11.521825782079857,165.22456247380055,12.853970689005035,2.3263016556022214,5.746458560307285,0.024937121891406705,1.0136541342681027,4.294117647058823,-4.4324324324324325,8.726550079491256,5.0806581164408726e-14,0.15155514640957268,6.347088150818168,17.237334103232886,17.0,64.28046402923948,1928.4411616298473,43.91402010326369,18399.261025432388,6375300.232107905,300.9415840436588,28514.204659960134,168.86149549248975,0.7766216899669324,0.1581455815027169,0.058823529411764705,20.26366000886853,78.0,-154.0,232.0,-6.758760218161797e-13,-3.8373337541438426,28.49444337762207,344.48367160142726,70.0,58.9365494952074,1984.1219746806162,44.543484087805886,29655.079702407194,6769281.053365573,317.5117944827396,46988.732586572754,216.768845977859,1.961069317809278,5.099295217662686,-0.2422145328719723,22.575597336412685,104.0,-164.0,268.0,-6.43540776223972e-13,-1.403645303673504,14.437184677938761,383.80724328756486,1.0
102.23040849805496,71.91827234646853,1909.3993316684,43.696674148822815,-3497.456839016362,6486935.037225675,55.49781168047678,567.1630154628672,23.81518455655692,-0.31064947548250094,-0.9261979584279019,0.3396359086314119,3.4751386944012266,48.44181036132086,-0.49405099981368295,48.93586136113454,-7.682743330406083e-14,12.178281856687274,153.9435694742422,60.578662829602976,0.376182174328378,60.92947192969008,2037.597625594989,45.13975659654125,40768.63621432722,7874703.483557604,0.6579103075704837,0.14833267213623233,0.38513980855818103,0.6445734673481994,-0.4190038307873611,-0.0012497746655427842,0.043868113230545056,0.35354891920217496,-0.4714011974278185,0.8249501166299935,2.1640675362810669e-16,-3.260237193335543,66.34752820243514,0.7613921209415616,,,,,,,,,,,,0.08236757654148465,0.99661159008783,14.142135623730951,0.0,14.142135623730951,4.7351012000262926e-14,12.692835717785323,164.2792081946324,17.26284117955348,,,,,,,,,,,,0.10640610160906389,0.9962097137426806,14.142135623730951,0.0,14.142135623730951,-8.842926391139372e-14,12.635892055950439,163.3117808524182,17.295065873249612,,,,,,,,,,,,0.511335774288111,1.3590863606231767,14.142135623730951,0.0,14.142135623730951,-1.787459069646502e-13,5.900291284969083,44.96382884815213,25.06704695192939,,,,,,,,,,,,0.2403007134204733,0.9982712917734288,10.0,-4.558139534883721,14.558139534883722,1.5265566588595902e-14,4.877746647024568,41.55800229816343,17.72507888403085,,,,,,,,,,,,2.4305263123497394,41.19502543832485,712.0,-7.25,719.25,1.9202417433916708e-12,17.235307640587067,297.36833574266973,712.3730753950065,520.0,72.87146743508075,1912.4184596117752,43.731206930655084,3856.8498515126307,6504121.544000583,521.3109256193085,44577.55216327318,211.13396733655432,0.22527100762901953,-0.7456089690325383,1.7275747508305648,32.36480498565316,155.0,-392.0,547.0,-3.823608096809039e-13,-8.376243603093561,101.4522343994767,562.3077449226536,408.0,72.4022684118122,1939.2819124619223,44.037278667759686,4552.662117202966,6692790.531791634,1324.8377509547424,499773.4869785136,706.9465941487473,0.7191984558629649,0.6637422579497241,1.3554817275747508,86.41007392235186,712.0,-717.0,1429.0,9.769962616701378e-15,-1.4473352792403158,47.131652572328136,1499.343189533337,1.0
0.4960710320321756,36.73281848287752,520.8189072724515,22.8214571680349,1814.4034885167823,501399.45611699554,0.4286914835528378,0.0026898388610612015,0.05186365645672508,-0.1769692341086116,-1.4317828211683437,0.003081186534361339,0.03392612101337092,0.4261653625892648,-0.0034344828866267815,0.4295998454758916,-2.8449465006019636e-16,12.211854664504154,152.0505178550892,0.4322459242066034,0.011699335753121492,43.17839161968956,481.33226809542225,21.93928595226887,-1034.0091082559359,422650.90636131226,0.1178934264931593,0.0006899469461170212,0.02626684119031105,-1.67081664179736,2.877825674773915,-7.266668169640669e-05,0.009489514726419174,0.024873166245108096,-0.11317829998672828,0.13805146623183637,-1.9027748127120603e-17,-10.400789070236472,126.76837878133722,0.12041197365926028,,,,,,,,,,,,0.004561905056613422,0.030454305230132966,0.35355339059327373,0.0,0.35355339059327373,4.909267437014364e-16,10.261994946589018,112.03539908073262,0.38951779107931067,,,,,,,,,,,,0.04392375899800914,0.20447075428963438,2.1213203435596424,0.0,2.1213203435596424,1.9012569296705806e-15,8.494574692691076,78.11324502373607,2.6453759192761153,,,,,,,,,,,,0.5690725077668712,1.9560086566559935,15.663082285151072,0.0,15.663082285151072,-1.6653345369377348e-14,6.0126779475629295,38.99880072140736,25.767618078539588,,,,,,,,,,,,-0.01394586129408693,1.440386130507158,11.075471698113208,-9.0,20.07547169811321,-1.7203252711261996e-14,0.05131465026200351,39.23226169444052,18.22045747836042,,,,,,,,,,,,0.42755120702104393,5.124749523633457,57.833333333333336,-2.392523364485981,60.22585669781932,-3.980149543281186e-14,9.758073335901182,102.97110899255347,65.04872969041774,532.0,39.76696157561501,524.131498785008,22.893918379888753,61.72212091903426,496005.93470923265,597.8787682712185,9757.915950490558,98.78216413143902,-0.3602522536497036,-0.31945883477976444,3.3043478260869565,47.60970247666187,587.0,-80.0,667.0,-4.04121180963557e-13,11.518320087906094,141.8210228803652,605.5526401560809,442.0,39.27828477633331,515.7619792898748,22.710393640134793,-20.89910189078449,478210.68502613803,709.1538836315434,105790.00683029932,325.253757595972,0.1604938112737651,-0.7193622957068486,2.7453416149068324,61.29597065608903,580.0,-256.0,836.0,1.368682944757893e-12,6.215033874014288,57.270774843063066,778.538374134506,1.0
9.923234314221782,38.008710129392625,639.8730428212715,25.295711945333174,5724.176835770259,842473.1463475063,6.971251390107641,3.989022860602573,1.9972538297879348,-0.1710148794353273,-1.4530264369147132,0.053930621272944464,0.5341102418275033,6.741767720969436,-0.05429892801746536,6.796066648986902,2.9004576518332215e-15,11.44599454192659,137.7693886878357,7.281863516285444,0.9007458740208348,38.19141861910269,607.2013312151362,24.641455541731624,4832.549588605223,742731.1770946267,0.7524243289249134,0.048811429485921605,0.22093308825506786,-0.44596294140240716,-0.8200650489102215,-0.004895358010982798,0.057791093704203884,0.09396774825070914,-0.7092434422466201,0.8032111904973291,-9.35015953551499e-16,-10.718924296105872,124.76744267934582,0.7867239717025356,,,,,,,,,,,,0.006647227155205117,0.03322712109183388,0.3380918720542093,0.0,0.3380918720542093,5.273559366969494e-16,7.6798218334693,65.22236381711605,0.4571404065411206,,,,,,,,,,,,0.06937329777704669,0.27493337833875403,2.3666431043794653,0.0,2.3666431043794653,5.6343818499726694e-15,6.3389532060891005,42.956576435104566,3.825308495846925,,,,,,,,,,,,0.8775792216176777,2.777826178200432,20.547691170950262,0.0,20.547691170950262,1.1901590823981678e-13,5.323471355442389,29.566093078846592,39.30058993329416,,,,,,,,,,,,0.08714257672622697,2.05806655737293,14.529411764705882,-12.0,26.529411764705884,-5.551115123125783e-15,0.9866968511896924,30.04007862057327,27.78971364646407,,,,,,,,,,,,0.21438139303650908,6.536749945699594,64.5,-40.888888888888886,105.38888888888889,7.049916206369744e-15,5.115937216004725,65.7307129042129,88.23299145240216,532.0,44.710361975990125,681.2664116367114,26.10108066032346,1134.096066637493,824752.2170605434,509.80998845699855,68655.36262599679,262.02168350347796,0.6194033851094083,-0.03338083670588415,2.891304347826087,42.25696662958033,330.0,-288.0,618.0,-2.0872192862952943e-13,2.169728715422346,38.3674675591889,574.5415563734272,442.0,45.392227357039914,654.2163366337727,25.577653071260716,171.2773762100482,794490.7189585178,1118.7798020537564,322911.7545165576,568.2532485754548,0.07658685231780624,-0.7555909899232632,2.402173913043478,92.45487263273354,785.0,-405.0,1190.0,-1.2105871860512707e-12,3.7907590303462007,35.910216899475955,1254.5421475582236,1.0
0.06612960062733632,40.11229631506295,582.7029113848308,24.139240074717158,-2168.9413569572557,578156.3821570617,0.03966079835688545,0.00021890325262093519,0.014795379434841648,0.015448203346950882,-0.8443564592151299,0.00039837108811648396,0.003283557899370675,0.036284517414235634,-0.005436467847159715,0.04172098526139535,-4.0657581468206416e-17,8.750120631616644,89.87314941530738,0.04261590116837688,0.17313076420032117,30.692371100759306,549.5038814619755,23.44149913000394,6832.829081385529,605751.8708170528,0.05128208373919736,0.0007273992742197886,0.026970340639669136,1.117918079182221,0.4917418062345329,0.0010429564108453083,0.0044971512298155976,0.051112580731870035,-0.0056439280976034855,0.05675650882947352,3.903127820947816e-18,8.769104273174406,93.85812847062293,0.0594795185333016,,,,,,,,,,,,0.002159038614960938,0.0071589702199468235,0.07919595949289332,0.0,0.07919595949289332,2.5760643618255585e-16,8.211218113403731,82.56248806574794,0.09604962200816484,,,,,,,,,,,,0.028907545376712918,0.06307379704791659,0.3959797974644666,0.0,0.3959797974644666,4.85722573273506e-16,3.4633262790939483,13.359031163411636,0.891236084810587,,,,,,,,,,,,0.44995005258007115,0.9328797556923746,5.568465901844061,0.0,5.568465901844061,-1.687538997430238e-14,3.3420272201169743,12.50325371710971,13.304087664533125,,,,,,,,,,,,0.19554954727673352,0.7057763234613372,3.9375,-1.4210526315789473,5.358552631578947,-2.3592239273284576e-14,2.869353705670646,11.254610594392743,9.40741060509167,,,,,,,,,,,,-0.05678776277828627,0.3458142793320112,0.75,-1.8888888888888888,2.638888888888889,5.177802631095574e-14,-3.160984536216259,12.741138852121491,4.501559769186827,527.0,20.521096224992856,495.52309172951914,22.260347969641426,15089.79639326954,934932.8461829543,93.11689931658053,14673.423784557359,121.13390848378235,2.152716779770916,4.205371812117544,3.174698795180723,11.856555742115914,68.0,-27.0,95.0,-7.549516567451064e-14,2.9513008982529185,12.096654292703688,158.14234094637652,166.0,18.76789705513274,381.99002394480067,19.544565074332063,12433.657876628915,755755.0338841721,48.164049639324226,3334.1761295696256,57.74232528717237,1.5374235867964152,1.5638137842544424,-1.0,5.835082927524196,10.0,-34.0,44.0,0.0,-3.312921299835233,13.321749240224566,76.27581530209953,1.0
0.21929406293578607,40.1464631547015,554.9016365468617,23.556350238244924,-744.1952607588667,543322.707127355,0.1990395867468815,0.00016146895830860004,0.012707043649433177,-0.21845694611772154,-1.1955783313942585,0.001362074925066994,0.015669560697258375,0.197032933780359,-0.02306451593974757,0.22009744972010656,-3.0097452308197603e-16,12.191327327119145,152.81030020026625,0.19957417485234913,0.06388474751842381,38.0687812668534,530.2393159922294,23.026925891056962,-1308.7798858047067,486300.82940671284,0.0685420422886047,0.00040217910439180034,0.02005440361595927,0.04433825482323413,-0.869076122374224,-0.000396799674027477,0.005610832724920612,0.01744945496877525,-0.056549656440242305,0.07399911140901755,-1.0375814790686277e-16,-6.678525947330873,64.81472788532852,0.07137129611814616,,,,,,,,,,,,0.009000978967872563,0.056891678997550196,0.5359993093542343,0.0,0.5359993093542343,8.118505867571457e-16,7.659245891510682,60.58503802280373,0.7240121271935837,,,,,,,,,,,,0.0649105283853975,0.3557085411818887,3.7519951654796406,0.0,3.7519951654796406,1.0269562977782698e-15,8.633049420598109,80.70330597383959,4.545022220899798,,,,,,,,,,,,0.6221117367889034,2.402129608525893,26.263966158357483,0.0,26.263966158357483,-1.3100631690576847e-14,8.669028837213904,86.15661032472487,31.190470463504578,,,,,,,,,,,,-0.13623431689792123,1.7493041603743498,3.75,-18.571428571428573,22.321428571428573,-5.2735593669694936e-15,-8.169051319785035,82.14366811268967,22.054993173142805,,,,,,,,,,,,0.023589693814727978,2.8511983350683323,31.666666666666668,-11.666666666666666,43.333333333333336,2.4417967647849537e-14,8.461328225637702,98.39532332046072,35.840233959741525,532.0,39.93196667853459,526.1008061232051,22.936887454997137,27.57925611819034,497518.74916072737,598.1010785533206,19997.287333354652,141.41176518718183,0.0006933634978499136,-0.4017913351153391,3.3043478260869565,48.28590364084697,577.0,-130.0,707.0,-2.6201263381153694e-13,10.455489279944672,125.24645899464767,614.1123675680209,442.0,39.828255312544165,526.7482862547762,22.950997500212843,-289.98755792166236,497902.34158612136,829.8548471567731,47511.9826504087,217.97243552891888,-0.33329208239964025,-0.26361089720754993,2.7453416149068324,67.40986892592191,794.0,-140.0,934.0,1.510791491909913e-12,10.231744437272352,119.2462503190725,856.0443913723167,1.0
0.0023445978900560956,37.340822182745946,461.74588498353285,21.488273196874914,185.51312809965873,377707.6744628212,0.00210724742152543,2.7049997812126486e-07,0.000520096123924477,-0.18107559107634774,-1.0240753845345751,1.552713834474235e-05,0.0001760454684887986,0.0016398647994502731,-0.000746646706695137,0.0023865115061454103,1.6059744679941534e-18,5.889169636442217,54.77516918396437,0.0021716809040679182,0.027672822763861717,29.380745658015098,460.68052506200445,21.46346954856098,4515.921309944854,419670.0344666869,0.01810508448108219,8.825127696430936e-05,0.00939421507973441,0.7716841014937594,0.047462084498412424,0.00018326372691299152,0.0016543942965155727,0.01225259720008458,-0.005869304598274799,0.018121901798359378,2.6020852139652106e-17,3.2821369063380175,23.257689151504515,0.020453887610274522,,,,,,,,,,,,0.003445173783593389,0.026505268771159465,0.32081696553834094,0.0,0.32081696553834094,1.682681771697503e-16,11.680837877097007,139.72544830822008,0.3262596753501021,,,,,,,,,,,,0.03235648848332198,0.1630276636077651,1.9249017932300456,0.0,1.9249017932300456,1.3739009929736312e-15,10.707073835209018,123.24988741520875,2.028822135084376,,,,,,,,,,,,0.45190291580528524,1.4890138221272315,12.643491400917672,0.0,12.643491400917672,6.228351168147128e-14,6.619254626531478,49.720213252518036,18.994351338281877,,,,,,,,,,,,-0.019244440684193204,1.1001449247269148,8.940298507462687,-8.166666666666666,17.106965174129353,4.601874437071274e-14,0.9268804829516951,48.67387380744406,13.43103463553889,,,,,,,,,,,,0.373711189565867,4.818840314345458,54.333333333333336,-4.526315789473684,58.85964912280702,-1.3988810110276972e-14,9.864805895209274,107.17088853316916,58.9980628684265,532.0,37.23201746459897,459.0916080915018,21.42642312873294,68.66331132991121,380392.44866747287,606.7232013500031,8357.810276936962,91.42106035775872,-0.12030190940139027,-0.4087785035285672,3.5231788079470197,49.766186349794445,599.0,-49.0,648.0,-1.0098588631990424e-12,11.454004702261923,137.32917346269642,613.0676960988892,442.0,36.288497482130715,453.9511420847595,21.306129214025702,286.4484236155372,366075.06499034655,767.6724375201197,153403.93533858453,391.6681444010791,0.33118083318747293,-0.09458852361535032,2.9271523178807946,69.9008853024257,461.0,-344.0,805.0,1.311839525897085e-12,3.2502415524956074,28.604224419794022,859.709253178073,1.0
0.06147434163792728,39.243683846089695,549.3877049455447,23.43902098948556,-1322.8558470359744,525823.9950887884,0.03837130134546429,0.00030645193270059786,0.017505768554982037,-0.4380535180992715,-1.053318032709158,0.0003771432002326826,0.003293324501939646,0.031073902328620024,-0.004058198004788692,0.03513210033340872,7.405100838075995e-17,8.28398240857595,71.6756649878764,0.04232115774379187,0.018340750065363804,33.66998811635901,617.0319939876398,24.840128703121483,5755.905379263679,687009.314772445,0.07994669176691775,0.0017995202823284065,0.04242075296748522,0.8608601417562437,0.580633025206566,0.00011251993905131147,0.0070670506126888025,0.03555238806113037,-0.05207927137105083,0.08763165943218121,-7.478284484718767e-17,-1.8351368493313098,25.608552148252773,0.09023749781069515,,,,,,,,,,,,0.002018716141219833,0.008016681920685855,0.09758159935772018,0.0,0.09758159935772018,1.734723475976807e-18,10.764367737014474,127.35668051963285,0.10456952051245004,,,,,,,,,,,,0.03534065224968126,0.1389669732972936,1.658887189081243,0.0,1.658887189081243,3.566591466608315e-15,10.304257085361058,117.94893040065166,1.8137599121755252,,,,,,,,,,,,0.6566630443485442,2.4975085341449503,28.20108221438113,0.0,28.20108221438113,1.1357581541915351e-13,9.207695632162798,95.88192244065752,32.66497875570094,,,,,,,,,,,,-0.10202000707935208,1.8231756728646649,4.135802469135802,-19.941176470588236,24.076978939724036,2.5174307083375425e-14,-8.73758127150071,91.1209758401673,23.09762798547065,,,,,,,,,,,,-0.2328761260217247,0.6467453782693926,3.6,-4.0588235294117645,7.658823529411764,3.9968028886505635e-14,0.46090769637318174,17.397454130793946,8.694926100973646,27.0,39.9710549543836,553.6046245337646,23.528804145849925,110.56514189440495,551384.4897925387,491.1419491106575,56381.89446575957,237.44871965491743,0.13370500291236165,-0.8556946096267125,0.1656441717791411,42.59788637915666,335.0,-339.0,674.0,-5.516698209362403e-13,-0.9635527573170511,51.36047953139784,543.8575181056156,264.0,39.9138489516693,550.7547560888632,23.468164736273334,48.28836927588904,543800.9296526182,445.57703879435735,9133.583980733265,95.56978591967895,-0.1578049083537951,0.40140364070961077,-1.6196319018404908,35.5843780070232,425.0,-69.0,494.0,-5.706546346573305e-13,10.695329858925136,128.06776496717188,454.78126610492654,1.0
0.8245616074163524,36.45827216453198,455.7014232452723,21.347164290492362,25.273089083541826,371869.0994823107,0.9466224939513505,0.0030383306216685245,0.055121054250336365,-0.004293872222620652,-1.0543166458285804,-0.005533970519572835,0.07742058197653204,0.07422418307040994,-0.9441490750773556,1.0183732581477656,-6.800116025829084e-16,-12.073087586737627,146.92192056842703,0.9474498034994606,0.6180097644923083,36.40526644852117,457.65660275112816,21.392910104778363,-24.154320174767907,374606.4178846282,0.6907264531167023,0.002185637268545786,0.046750799656752245,-0.034168554561337855,-0.2645980393227704,0.004147716540216834,0.0565253383711791,0.6885953084604989,-0.04864160637731024,0.7372369148378091,-5.447031714567174e-16,12.028320794313354,146.18481320988766,0.6918347325341987,,,,,,,,,,,,0.006950360923921696,0.05601340568914046,0.6720606724980014,0.0,0.6720606724980014,-5.178149575790769e-16,11.680679960220086,138.9008311558057,0.6796633905184295,,,,,,,,,,,,0.06306453597997916,0.3960060292361057,4.70442470748601,0.0,4.70442470748601,6.38378239159465e-16,11.261613460882337,131.74446152724428,4.8286330445591945,,,,,,,,,,,,0.7201441214304951,2.9206195602624536,32.930972952402065,0.0,32.930972952402065,3.6637359812630166e-14,9.545409524433333,103.02198577470622,36.222241714941994,,,,,,,,,,,,-0.1857498164377766,2.118917197863706,5.372727272727273,-23.285714285714285,28.65844155844156,-4.718447854656915e-15,-8.9990105963598,98.43251604421877,25.612992746413724,,,,,,,,,,,,0.45115426805463327,4.7953927010341735,35.42857142857143,-7.947368421052632,43.37593984962406,3.7192471324942744e-15,6.358923803371735,41.736948943424856,57.999164157372,532.0,36.700581905275605,451.35593121313025,21.245139001972433,195.37262105856095,368118.3925781419,622.0974451321421,30827.52551681833,175.57769082892716,-0.09006153069358921,-0.3964220167890445,3.5704697986577183,52.77713749400538,591.0,-163.0,754.0,3.8458125573015423e-13,9.275287100411981,104.59646206859247,645.6996205667152,442.0,36.8419762716264,448.9446749871757,21.188314585808275,635.273022271322,359337.4989675077,816.3192551800131,159963.616865592,399.954518496281,0.4731931726821383,-0.430630845224834,2.966442953020134,74.22055071940906,626.0,-302.0,928.0,2.851052727237402e-13,4.463307731487571,39.51876758799798,906.7006121096423,1.0
0.03907220606502321,38.179349381997355,613.2446374577172,24.763776720397825,1405.7841687971943,660831.4197526386,0.020591993200303065,5.2405922821350745e-05,0.007239193520092604,-0.3101010650672932,0.49375785945755823,0.00023970678567498906,0.0017044027899656717,0.012133361100528092,-0.002999858437829247,0.015133219538357338,-3.7513395167998453e-17,5.856050287328586,36.562770110293435,0.021974509296165148,0.014800033308810466,36.126746797082376,588.7395499782946,24.26395577761991,4238.2914961556235,609229.3401729431,0.045802241765890504,0.0005083627360583378,0.022546900808278238,0.3582531851914278,-0.2441288337550257,9.079775036080041e-05,0.003986341004264485,0.022435676224139313,-0.02582061471047702,0.048256290934616336,1.4934884925987824e-17,-0.12214867555017928,20.8527480336844,0.0509073952378375,,,,,,,,,,,,0.008724538741090106,0.05087223101108899,0.49780317395532947,0.0,0.49780317395532947,3.642919299551295e-16,8.096322078534481,69.45526914997112,0.6549200987530855,,,,,,,,,,,,0.06795289049996785,0.28619504430455656,2.4890158697766473,0.0,2.4890158697766473,5.967448757360216e-16,6.1129834216786145,40.74952563041292,3.7323661386040077,,,,,,,,,,,,0.7768163593310176,3.234004285581382,34.76608340833859,0.0,34.76608340833859,-1.3322676295501878e-14,8.188712831526276,78.63230931844807,42.20211614860773,,,,,,,,,,,,0.04849523540277953,2.351331941641759,24.583333333333332,-10.272727272727273,34.85606060606061,-7.632783294297951e-15,6.337478609730359,77.00538488878752,29.841402509102828,,,,,,,,,,,,0.3643128495321621,6.114517677077391,60.0,-29.625,89.625,1.404432126150823e-14,5.916300160108088,61.90779211260379,77.72212101053218,532.0,40.35988622416705,537.6005253477903,23.186214122788357,-136.07350222810763,517574.44556573586,606.6086576194283,15892.603167821871,126.06586836976086,-0.08998821513106674,-0.2781738929686771,3.263803680981595,48.379358299365634,590.0,-113.0,703.0,-1.0480505352461478e-13,10.997545996722987,134.14523603022553,619.0702706478481,442.0,41.32954735478747,545.5127364988969,23.35621408745212,-517.9583765739478,543909.1752193802,751.160873262098,124568.62643073968,352.94280900839965,0.10434311572248721,-0.5633635098158798,2.7116564417177913,64.80671819358747,619.0,-237.0,856.0,1.6511236822225328e-12,5.7954971936094895,55.191031287792875,828.1207641401102,1.0
0.07249259668292878,40.557010031222696,620.6284694912135,24.91241597058008,-2388.930689145338,621217.7552831424,0.04189775710175079,0.00028388221180146623,0.01684880446208176,-0.21384221748052865,-0.40889077848540856,0.00045881390305651143,0.003584812019836937,0.03647170650812925,-0.006387178056807883,0.04285888456493713,1.1167282376600696e-17,7.679837867979759,69.02869645715298,0.045427956278072286,0.05151043883732095,35.340950976704015,489.26257501592994,22.11928061705285,1011.3733509877255,399458.0694062282,0.05585178785017934,0.000745125095452636,0.0272969796031106,0.44278214190851656,-0.21120934452812623,0.0003260154356792464,0.004937805604601548,0.03445642270824706,-0.02186848889743799,0.05632491160568505,1.9949319973733282e-17,2.056817037338009,21.357185753441954,0.06220238918237313,,,,,,,,,,,,0.004695317929090126,0.0427487671892312,0.5368773709008972,0.0,0.5368773709008972,5.707240235963695e-16,12.408509671913384,154.9131566278287,0.5388617519779338,,,,,,,,,,,,0.04033169678284269,0.25828521145827316,3.221264225405383,0.0,3.221264225405383,3.5388358909926865e-15,12.020017363618699,148.25422527095324,3.275522814311978,,,,,,,,,,,,0.49057723775706163,1.770441477302186,19.327585352432298,0.0,19.327585352432298,-4.3076653355456074e-14,8.492460339146303,84.67464120763749,23.01945396765298,,,,,,,,,,,,-0.05879470106725028,1.2977317552194887,6.290322580645161,-13.666666666666666,19.956989247311828,1.0241807402167069e-14,-6.686466076195807,80.42188747723613,16.277211999739,,,,,,,,,,,,-0.024427725497958405,1.6961382465332326,12.666666666666666,-5.444444444444445,18.11111111111111,4.5449755070592346e-15,5.569662471161634,40.01220171284758,21.254755266169386,532.0,39.32061162040061,513.5271289065197,22.661136972943783,48.65134683795787,476786.66977962625,596.7703661869211,8584.497129735728,92.65256137709162,0.002976672441803306,-0.8143012237608395,3.367088607594937,47.83110507862839,585.0,-82.0,667.0,-1.1368683772161603e-12,11.460188841835695,139.9016031718074,602.7155216186156,442.0,38.97372669527304,511.0299581226022,22.605971735862234,-127.12782137097172,466061.81135198585,807.234225595979,30770.70249481422,175.41579887460028,-0.05205995160775245,-0.7851549678691443,2.7974683544303796,65.65770072487193,787.0,-98.0,885.0,-1.6502355038028327e-12,10.941471803246106,130.20881882712305,826.0532670475918,1.0
11.37516654278227,42.82199349071795,630.9315860937203,25.118351579944896,130.43450532103583,716119.1646457509,11.188389834998478,0.008560388855203807,0.09252236948545907,0.04569114608536876,-1.060336079169908,0.06537452036081766,0.8458468359803665,11.190018430599611,-0.006728222207278432,11.19674665280689,-1.3683498778505054e-14,13.188278913718118,173.9532682265022,11.19076143191203,0.731866489405593,42.481029320932656,622.9322968870217,24.95861167787627,201.8602358443917,704504.0287724686,0.7105617036369916,0.0020372559670088887,0.04513597198475833,-0.08337875055241982,-1.0946122071881523,-0.00420612924945743,0.053847358024716435,0.03127206267745596,-0.7071574555040274,0.7384295181814834,-8.27463098040937e-16,-12.902970064531955,168.77052859221672,0.7124590733325624,,,,,,,,,,,,0.009188900957406642,0.07580537093369481,0.9428090415820632,0.0,0.9428090415820632,-1.384309333829492e-15,11.370346590445902,135.97781797459209,1.004362483485728,,,,,,,,,,,,0.06022460999225362,0.29089319688719073,2.82842712474619,0.0,2.82842712474619,1.1032841307212493e-14,8.231083570891782,70.43292301144972,3.907241101647896,,,,,,,,,,,,0.7072282155095322,2.191823712993834,20.663231494673553,0.0,20.663231494673553,1.9251267247000214e-13,6.964925323856171,55.34701703445807,30.292531888475263,,,,,,,,,,,,0.08961809610985344,1.6260688994249552,14.61111111111111,-11.714285714285714,26.325396825396822,1.8096635301390052e-14,2.1353087960572013,52.75618044775039,21.420054717650594,,,,,,,,,,,,0.09049208975257156,4.19582289274605,53.0,-4.0,57.0,-7.049916206369744e-14,11.797156866972392,147.72176459874714,55.20026731682324,532.0,43.589999102732904,622.4253798395928,24.948454457933718,79.15711560508687,696409.7975047376,508.69889014562085,56544.03686576303,237.78990068075439,0.026407632259009047,-0.702267631249242,3.057471264367816,42.2542540392099,396.0,-249.0,645.0,-1.7763568394002505e-13,4.747739100011401,57.28598013051317,558.8291330988391,442.0,43.05613134310488,621.0918964749695,24.92171535980157,75.35094862481876,691472.122731707,967.1854914611798,184864.47798055952,429.95869334223204,0.07320385608637547,-0.43964948399017695,2.5402298850574714,79.9671347143934,791.0,-383.0,1174.0,-4.556355293061642e-13,6.393433836768097,63.82710478250754,1055.3710248059683,1.0
0.023605848015452378,42.5970860044172,682.2562841196135,26.12003606658332,-3879.1397633423308,745991.1258636097,0.015337855958398343,5.2472196914220296e-05,0.007243769523819784,0.7640699913896191,-0.1186947336695124,0.00014940410136362266,0.0013325823756327666,0.014008296931145435,-0.003586202317916235,0.01759449924906167,-1.5449880957918438e-17,8.132145391890328,78.86004691724521,0.016855247995491207,0.06384918500404668,32.7938710154408,579.837667544679,24.07981867757062,7109.639316207063,612829.3845367165,0.04328059531016527,0.0005041652604287407,0.022453624661259945,0.35743026311095605,-0.6671570245770849,0.0004041087658483967,0.0038694849790000376,0.03291711180244729,-0.019430932896535805,0.05234804469898309,-7.914675859144182e-18,2.645858111913154,39.026058327696305,0.048903194453737836,,,,,,,,,,,,0.0018344773890197014,0.004630255848145469,0.041064571588907646,0.0,0.041064571588907646,-1.1275702593849246e-16,5.3759230713872554,37.58403462337966,0.06240447509664061,,,,,,,,,,,,0.0278711607702591,0.06365357905620452,0.6159685738336147,0.0,0.6159685738336147,1.3461454173580023e-15,5.608866926050003,46.38058065507139,0.8706819267145356,,,,,,,,,,,,0.47736259111728085,1.0056883366482303,9.239528607504221,0.0,9.239528607504221,5.551115123125783e-14,4.938073969516976,37.307166048721356,13.948749033420638,,,,,,,,,,,,0.03051758745928939,0.7865816637768172,6.533333333333333,-1.7,8.233333333333333,-3.762268274698499e-14,4.016063958249273,30.634919667700927,9.863255030601032,,,,,,,,,,,,0.05141751878128646,2.687911212151726,30.4,-2.981132075471698,33.3811320754717,-2.3037127760972e-15,9.663929940851382,105.25040598839,33.6855924686925,532.0,39.18440994324389,512.4096316178474,22.636466853682077,153.75635927098205,473474.4193796375,605.9026387288288,14671.182254859987,121.1246558503263,-0.12075665302393741,-0.6612051340175983,3.367088607594937,49.0098613727581,591.0,-80.0,671.0,-1.0800249583553523e-12,11.030640338004494,132.1529071491896,617.4965586948643,442.0,38.92354591958143,517.0357521414965,22.738420176905354,-124.82491922105487,475243.03912421805,839.4701144260509,158010.2307829813,397.5050072426526,0.2636030221999025,-0.7514416347444633,2.7974683544303796,73.8552089721839,655.0,-316.0,971.0,-1.6502355038028327e-12,5.578606145447347,48.62237635933489,929.0113024070267,1.0
0.006569753287102865,43.42775982577961,508.9986254767909,22.56099788300134,-2906.5094139429016,483774.1202378276,0.009696600290567375,4.217557095528846e-06,0.0020536691786967164,0.28018569159118717,-1.1594589362081116,4.1319203063540025e-05,0.0007835724611693233,0.009171736253826605,-0.0032410639022330393,0.012412800156059644,-6.044427111606687e-18,9.602551755112056,118.66838368767161,0.009894200294754312,0.024361279344475618,32.527813827465124,558.2536684082402,23.627392331957417,4717.324474307225,567016.4949812483,0.030356647454415703,0.0002539395234657124,0.015935480019933897,0.5041586020186536,-0.41675173416538,0.00015321559336148197,0.0027104186394007837,0.022437215805303414,-0.01457379643174466,0.03701101223704807,-3.5453411040275995e-17,2.585858984855521,35.18893887244941,0.03423164078449632,,,,,,,,,,,,0.005063490945862898,0.03336391670326052,0.33145630368119416,0.0,0.33145630368119416,5.377642775528102e-16,8.817115223646505,78.79235089362953,0.42148691678531014,,,,,,,,,,,,0.043112428734092836,0.2137600445931869,2.304644323867266,0.0,2.304644323867266,-1.942890293094024e-16,9.071472488158557,88.48614681524147,2.7236222123176326,,,,,,,,,,,,0.5344643101400084,1.8525174277152792,20.741798914805393,0.0,20.741798914805393,8.43769498715119e-15,8.734138620097053,91.60211808834084,24.08164810251062,,,,,,,,,,,,-0.0725392150978311,1.3614237112942216,4.398496240601504,-14.666666666666666,19.06516290726817,3.835820550079916e-14,-7.61440022035594,85.67901654192946,17.028296675433413,,,,,,,,,,,,0.3134967486143637,4.005442156699558,35.44444444444444,-4.75,40.19444444444444,4.218847493575595e-15,7.308596693524213,57.386052511214366,50.18095400449273,532.0,39.40241258116991,507.0835766342722,22.518516306237235,-85.41103668676199,464100.7885599639,606.1212955856823,21605.418075508638,146.98781607843773,-0.1681281731012617,-0.49938829495168546,3.3459119496855347,49.30599966317198,585.0,-132.0,717.0,-8.881784197001252e-15,10.357184638762815,123.23171120724727,623.1548764151654,442.0,39.301582822373746,525.4765013372569,22.92327422811272,618.486299614438,484438.7812894267,829.7902178568108,172847.0930833247,415.74883413345214,0.43398284965420597,-0.2427203093686094,2.779874213836478,73.37254364536145,529.0,-335.0,864.0,-1.1102230246251565e-13,3.207090717393758,28.050040484039194,925.8563603497034,1.0
78.26562099979867,60.08828382358785,1240.5009659095779,35.22074624294008,303.1618918853448,2768913.3282967475,91.76421777296923,51.657087964603186,7.187286550889924,-0.04533999427392827,-1.0815769583948585,-0.3207607418024534,5.884362176163076,9.387365050662977,-91.49037189685806,100.87773694752104,2.227107387398064e-13,-15.3173683623007,238.06974734262064,92.05313565757844,0.8645714531879921,60.08694706610311,1257.592171994157,35.46254604500581,-1495.0815052635223,2908086.3880714267,0.5266224302708704,0.02742578669420022,0.1656073268131583,-0.03628179751376275,-0.7484473655454833,-0.003543325627819639,0.03515893470408079,0.031473158582243366,-0.49690273011324637,0.5283758886954897,2.739995730305367e-15,-11.916334835067898,161.13964671496157,0.5519820888683428,,,,,,,,,,,,0.0004657627849045387,0.0009825233649714837,0.005819808898654712,0.0,0.005819808898654712,-1.3921155894713877e-16,2.878604284327034,8.837925466438229,0.016949801582543996,,,,,,,,,,,,0.007513935009792505,0.014968008137614208,0.07215375318230077,0.0,0.07215375318230077,-1.1275702593849246e-16,2.469404616919888,5.675466362012371,0.2610778012895658,,,,,,,,,,,,0.13797609226242333,0.36196406542360937,4.380872087952746,0.0,4.380872087952746,-5.2458037913538647e-14,7.302109533951404,77.74270825841799,6.03849807209052,,,,,,,,,,,,0.03921292509931769,0.271090464332762,3.0977443609022557,-0.7647058823529411,3.862450243255197,1.9984014443252818e-15,5.801591847916982,67.31576887813141,4.269862934957101,,,,,,,,,,,,0.02502409823101259,0.3678864943933041,5.62406015037594,-0.23529411764705882,5.859354268022999,-2.0643209364124004e-14,14.606727626209548,222.39009197914743,5.748034691490018,519.0,61.13762294950823,1229.4528912709623,35.06355502898932,-404.4114624517976,2716574.7688184236,413.0786007078273,1113.5286536568035,33.36957676772067,-1.3560139405118778,6.1666271617319435,2.127049180327869,26.4746291693258,412.0,-13.0,425.0,-1.3322676295501878e-14,15.29884161583564,237.30581104397157,414.87950057817994,757.0,60.48048450050575,1241.495166025384,35.23485725847891,-104.4944084328028,2776973.224784313,748.0773936947512,217.5736986059712,14.75037960887689,1.2080397719530651,10.70330076647977,3.1024590163934427,47.80212109141669,748.0,-4.0,752.0,-2.41229258790554e-12,15.603820431848327,243.65040313151505,748.2639908481498,0.0
0.23267847019584934,29.048678488240757,374.7816834459565,19.359279001191045,2854.402162000363,305587.2467991708,0.1634836727473952,0.003775912224209445,0.06144845176413678,-0.4731942184215731,-1.1821804310098936,0.0015511898013056621,0.01425607102151338,0.14621546203557076,-0.007857304860539854,0.1540727668961106,-3.5735303605122226e-16,9.042148247060245,83.78773683415649,0.17563104115023673,0.04048051453029846,41.111821270594426,420.6183507229206,20.5089821961725,-1948.583347907809,332632.11122251087,0.09425281587601067,0.0015776649584764639,0.03971983079617112,-0.14742622276557538,-0.8125046008344522,-0.00026987009686865656,0.008344546754118264,0.05148253059561441,-0.06974151319274431,0.12122404378835872,6.602791230436722e-17,-3.2741975692195218,46.11643845461258,0.10225284133033867,,,,,,,,,,,,0.012262083748300925,0.08944345405392426,1.0475656017578483,0.0,1.0475656017578483,-9.020562075079397e-16,10.795130069284262,123.58001870123861,1.0945876187538304,,,,,,,,,,,,0.0685542091938754,0.3204594577660458,3.1426968052735447,0.0,3.1426968052735447,3.3029134982598407e-15,7.5880853637401495,64.13358694680392,3.9732744329427,,,,,,,,,,,,0.6353152311753142,2.0219915985517454,19.927554742529978,0.0,19.927554742529978,6.439293542825908e-15,6.892017901649859,58.84977306692256,25.69698608268773,,,,,,,,,,,,-0.10003811836956308,1.4953361189584353,6.666666666666667,-14.090909090909092,20.757575757575758,-4.624078897563777e-14,-5.1633690429231205,55.176832566084705,18.17051311512483,,,,,,,,,,,,0.5124512475704822,5.474076309710873,53.166666666666664,-5.0,58.166666666666664,2.7755575615628914e-14,7.736216718942551,65.63653033741694,66.65983277562383,532.0,37.42221590154052,458.06588329186746,21.40247376570913,12.65788349719293,379054.8875262084,615.3866661890578,29194.13107671706,170.8629014055335,-0.1507848019288245,-0.7702248586495323,3.546666666666667,51.97532576991578,591.0,-155.0,746.0,-1.0231815394945443e-12,9.642074331316456,110.35234380018561,638.0454529263569,442.0,37.16668512513217,444.2969929858496,21.078353659283962,314.8660801796019,348751.5993218412,826.6094966192478,143943.27343220724,379.39856804185126,0.16147034462273033,-0.5966287373258448,2.9466666666666668,74.23716828890741,562.0,-333.0,895.0,6.084022174945858e-13,3.4595779173498813,30.451379466741777,909.9318655811544,1.0
0.13991300340107007,39.4948868329204,533.3914001478115,23.095267916779218,-2.081958027457829,511951.5111217216,0.14376790196608252,1.0374496169932698e-05,0.003220946471137435,-0.02524890483021287,-1.201115047437056,-0.0008690248658451562,0.011298089628535473,0.004336451525521859,-0.14370774828529204,0.1480441998108139,8.738669510233166e-17,-12.668806100449745,160.66963631983467,0.143780135585457,0.1189335728038837,38.370525513441535,532.5749263217865,23.0775849326091,926.9717068805396,513608.32208733534,0.09582235853840246,0.00021771051684566178,0.014755016667075025,0.4440005280996976,-0.5315521591429748,0.0007387178435023832,0.007617099139380384,0.0949274651595203,-0.004153316860460727,0.09908078201998102,-1.0061396160665481e-16,11.883143231137444,146.82645307987346,0.09710360672799319,,,,,,,,,,,,0.002421955650301482,0.01677287797514317,0.20951312035156963,0.0,0.20951312035156963,-1.973247953923618e-16,12.039927964711387,148.80261901569202,0.2130184455606817,,,,,,,,,,,,0.026106211855471288,0.10781607224567943,1.2570787221094177,0.0,1.2570787221094177,-1.294103713078698e-15,9.733693054113864,108.5443326012508,1.3943897151243911,,,,,,,,,,,,0.3975318624273268,1.053121317337792,7.542472332656507,0.0,7.542472332656507,-1.1540768340978502e-13,4.232931255859962,21.435803370461727,14.149246705278841,,,,,,,,,,,,-0.06172746022144516,0.7935601842284694,4.442748091603053,-5.333333333333333,9.776081424936386,-6.116634976294222e-14,-1.2338531079254782,21.273151757008716,10.005028293984084,,,,,,,,,,,,0.3364424688291561,5.158653333590132,59.5,-9.18421052631579,68.6842105263158,4.324318680914985e-14,9.91757107608443,111.26433375197732,64.98102680519,532.0,40.74632339739253,511.20067885547616,22.60974743015667,-1033.323097096798,489577.3072216019,594.1152782091442,14777.286198471294,121.56186161157328,-0.29100090368224335,-0.1639237273857374,3.3043478260869565,47.64426193553742,582.0,-53.0,635.0,-2.3359092438113294e-13,11.287245322715433,136.60892803707205,605.9900989290171,442.0,39.31164194176394,526.5887346875412,22.947521319034465,-1300.5129198714578,488426.69318553666,1004.8469742239007,255888.0208930714,505.8537544518884,0.42588097959495935,-0.5094264607188908,2.7453416149068324,88.38596045894235,724.0,-372.0,1096.0,1.539213201340317e-12,3.6285260189898603,35.59133787762278,1122.0329763424959,1.0
0.4242753053401552,26.938257303494968,335.5993770206813,18.3193716328012,2935.9247746955402,261343.1696541687,0.20172638491421016,0.011227651189053202,0.10596061149810906,-0.10704409423215668,-1.0488215900783466,0.0027912849035536523,0.018480614590752082,0.16617844162236264,-0.0033346985452741306,0.16951314016763677,2.8275992658421956e-16,7.985645163980321,65.45206234472488,0.2304285286891323,0.0026366941150619966,43.45700633294738,432.696563556408,20.801359656436116,-2520.9601191781776,374830.44618223305,0.09924274539240496,0.0022369782836174305,0.04729670478603589,0.30995119610821265,-0.9835884440247392,-1.734667180961847e-05,0.008823785407839926,0.07020385484619515,-0.04995069036547419,0.12015454521166935,-1.6218986874025343e-16,1.1581040441016646,38.28753116475908,0.108787142872014,,,,,,,,,,,,0.004736135574612345,0.024270676865557034,0.23089201018336247,0.0,0.23089201018336247,5.0133508455729725e-16,7.591981009126811,60.99755057947073,0.3028605460505036,,,,,,,,,,,,0.04730716941163144,0.17400084113555944,1.6162440712835373,0.0,1.6162440712835373,1.429412144204889e-15,7.058820401607999,55.47753624015468,2.2084245853194657,,,,,,,,,,,,0.6511725239721514,1.9194808133667849,16.7685322395667,0.0,16.7685322395667,2.19824158875781e-14,5.920339166045188,41.131564302212325,24.824682018686985,,,,,,,,,,,,0.05175318313950829,1.432319005132819,11.857142857142858,-8.0,19.857142857142858,-5.578870698741412e-15,2.0784773986954805,39.47615369819978,17.55370099621332,,,,,,,,,,,,0.15554721626129125,3.1977279173059703,29.75,-4.904761904761905,34.654761904761905,-5.88418203051333e-15,7.307942473435761,58.73171983493928,39.21031516630147,532.0,37.64186180432842,468.16082350843277,21.63702436816192,32.70436389615452,391393.6920905017,512.7951452144591,14837.8758865871,121.81082007189305,0.025723015801249197,-0.6800775785414238,3.5,42.71308809647041,498.0,-71.0,569.0,0.0,10.303117549545503,119.35257065256162,528.3672964898566,442.0,37.96171962919022,487.345974440208,22.075913898187952,-14.886882534035342,431484.80926415627,819.0405108693781,66630.50997588088,258.1288631204982,0.05094515889096543,-0.358462650095622,2.9078947368421053,68.9590224682627,783.0,-123.0,906.0,1.0036416142611415e-12,9.850345623503719,109.39668525375066,850.9394808092994,1.0
0.06239989892112263,41.81371995377926,513.3358641413613,22.656916474696228,-1840.2188232144138,484996.4614843846,0.0754272003814281,8.76846152353567e-05,0.009364006366687109,0.035156799641720075,-1.4567699211717813,0.00039245219447246927,0.00600870132764492,0.07475126547388311,-0.012925081841397925,0.08767634731528104,-6.342582709040201e-17,11.963816802589909,149.35105616170043,0.07592827634548462,0.1537197966573148,35.65685495605277,468.2007671809054,21.637947388347754,2358.815302307282,423148.8284029508,0.14021941498963864,0.0008557327409031253,0.02925290995615864,0.14698225400950118,-0.91892308615379,0.0009667911739453763,0.011323759731827653,0.13116876684195078,-0.026979578467621796,0.15814834530957259,-8.174884380540703e-17,9.75705234937027,111.58953009098255,0.1433066394919321,,,,,,,,,,,,0.08569839268091739,0.9107953292701676,11.313708498984761,0.0,11.313708498984761,-2.270406085358445e-14,12.09295802279827,148.93059062457377,11.462639241185508,,,,,,,,,,,,0.244168616778235,2.002896386425882,22.627416997969522,0.0,22.627416997969522,-3.391731340229853e-14,9.978690475958881,105.00602621619082,25.282015801035918,,,,,,,,,,,,1.2063358843639105,6.873811387486801,65.99663291074442,0.0,65.99663291074442,1.1501910535116622e-13,7.79426597433836,63.49932903801406,87.4449031864844,,,,,,,,,,,,0.30339731521277197,4.925465937091156,46.666666666666664,-24.285714285714285,70.95238095238095,-2.2426505097428162e-14,6.275721883800461,63.940945912938524,61.83288402336426,,,,,,,,,,,,0.1606689972371685,6.041710176875946,71.83333333333333,-22.214285714285715,94.04761904761904,7.405187574249794e-14,10.406472861301248,128.44580230695834,75.72917530861002,532.0,39.53133042676664,506.33697339260544,22.5019326590541,44.695724033648546,461638.21681397903,598.0873161976856,78505.01789965219,280.18746920526655,0.5773918937973345,-0.19306119549689818,3.3459119496855347,52.21327663413549,341.0,-340.0,681.0,3.126388037344441e-13,2.1929436803405418,33.52134576632666,659.7347952018296,442.0,38.81294273317866,514.9477653329769,22.692460539416544,420.30755816053914,471680.7942660535,927.4109580032579,156693.0795324418,395.8447669635684,0.11184425513451696,-0.799434435019837,2.779874213836478,79.71605646195637,792.0,-311.0,1103.0,-1.1191048088221578e-13,6.604095208964771,66.9786929664967,1005.7922250644017,1.0
,,,,,,,,,,,,,inf,-inf,inf,0.0,,,inf,inf,,,,,,inf,,,,,inf,,inf,-0.05890301459106718,inf,-inf,,,inf,,,,,,,,,,,,inf,,inf,0.0,inf,-inf,,,inf,,,,,,,,,,,,inf,,inf,-0.0010247393961608268,inf,-inf,,,inf,,,,,,,,,,,,inf,,inf,0.0,inf,-inf,,,inf,,,,,,,,,,,,,,inf,-inf,inf,0.0,,,inf,,,,,,,,,,,,0.08915254379518871,0.911927655974443,12.362068965517242,-2.9411764705882355,15.303245436105477,1.970645868709653e-15,8.87430260824682,117.58874429966296,15.386876995496092,321.0,94.73491669036657,2041.0134524883358,45.177576877122746,-27434.53879346148,8633109.857887894,427.82653073455685,52868.85959963331,229.93229351187995,0.708618650778585,0.4060439452054182,0.9697885196374623,26.656123803153648,183.0,-184.0,367.0,2.3359092438113294e-13,0.14608012024377437,33.72157975333854,485.2865133094057,714.0,81.84212691865355,2256.5523881088557,47.503182926082495,2024.4843531702688,9152563.201260578,737.5787284322327,28491.098152169692,168.79306310441106,-0.15244543352437728,-0.6913720623935364,2.1570996978851964,41.52616584268615,717.0,-152.0,869.0,-1.1404210908949608e-12,15.251700231647511,267.18097164482833,756.5209845073698,0.0
1.2918631610401845,38.844527627538156,491.6565349842005,22.173329361739984,-921.9526599557865,430245.16527291335,1.3434296649291386,0.008630787030761438,0.09290202920690935,0.6092569677276194,-1.224991174942914,0.008443550072158072,0.1085128690750919,1.3399760885043834,-0.11538094317823924,1.4553570316826228,9.298117831235686e-16,12.186245076521926,150.0910561015763,1.34628728464156,0.2483657203856674,35.60768668106672,426.55898750876344,20.653304517891645,599.8615903532857,356315.19184340094,0.23036570210828203,0.001394879176691303,0.03734808129865982,-0.6647569680180041,-0.6506104609299189,0.001623305361997826,0.018805378701881943,0.22681259954027785,-0.04038046851504419,0.26719306805532206,-6.071532165918825e-17,11.290765687684274,136.05044917191285,0.2334747104681386,,,,,,,,,,,,0.002252069993204916,0.012588904589768078,0.1513150313650225,0.0,0.1513150313650225,1.7433970933566911e-16,11.23649974379914,132.58243074241068,0.15662966099588727,,,,,,,,,,,,0.030828388142921204,0.12287843048302675,1.3618352822852025,0.0,1.3618352822852025,-1.366962099069724e-15,9.018795208899421,93.43147890524456,1.5515878089941935,,,,,,,,,,,,0.5214817679253198,1.9808195988882382,20.102035636588994,0.0,20.102035636588994,4.1522341120980855e-14,7.96990571584477,71.40606050578867,25.086618497572385,,,,,,,,,,,,0.0028261668303685076,1.4483738369599855,14.214285714285714,-8.666666666666666,22.88095238095238,8.230395531771961e-15,4.831113772526093,69.92250845216728,17.738918056673313,,,,,,,,,,,,0.339729222458214,3.8928217107118344,32.0,-3.5647058823529414,35.56470588235294,1.7319479184152442e-14,7.09046025977804,52.98802408059819,47.85834851305694,532.0,37.866474494897,474.86700026217176,21.791443280842408,-140.56241426815956,403876.0228882987,606.0909830920766,9825.062319743121,99.12145236901607,-0.10609144696682399,-0.9219920372562719,3.477124183006536,49.487977673505036,597.0,-78.0,675.0,-3.019806626980426e-14,11.359826985498973,136.76456253343153,613.6415892033394,442.0,37.070307094418794,480.99507954833354,21.93160002253218,680.6826012717934,424519.4104229849,750.361785550052,126589.70394403262,355.79446868105276,0.36505353189030504,-0.6354756971727873,2.888888888888889,66.91742600165529,551.0,-303.0,854.0,-1.1182166304024577e-12,4.8111044087712695,40.892796563164346,828.4938140988139,1.0
0.2760938802744202,34.33379051710777,592.0820708566201,24.332736608458575,4986.057313709197,669154.008958835,0.15414889142403992,0.0026977833618619675,0.05194019023705985,0.9348540451975125,-0.08523798648589492,0.0016145840951720485,0.012402822073558575,0.1499958160458867,-0.005543035278896365,0.15553885132478304,-7.155734338404329e-17,10.654592202898323,122.7282439985923,0.16355643062647723,0.10686047735811172,45.82943770908787,755.378487915228,27.484149757910068,-3541.1874243737484,908615.8483351344,0.09741075156417338,0.001928156046830527,0.04391077369883759,0.4932834211095143,-0.5110635900073505,-0.0006249150722696591,0.008147128229186533,0.02620225428787173,-0.08317804696560219,0.10938030125347392,-2.7538735181131813e-17,-6.1676675016892375,63.094497716506794,0.1068504709694404,,,,,,,,,,,,0.023116308517085384,0.25107151408880785,3.2605479354713025,0.0,3.2605479354713025,-7.195632978351796e-15,12.877241962195285,166.5024865240828,3.268022823705346,,,,,,,,,,,,0.1593564669288624,1.5100882814965382,19.563287612827814,0.0,19.563287612827814,-5.329070518200751e-15,12.747947020806155,164.15634713637448,19.681663167683602,,,,,,,,,,,,1.2639848977722612,9.137389541660069,117.37972567696688,0.0,117.37972567696688,-3.481659405224491e-13,12.35573215049334,156.93758439539792,119.56188203987233,,,,,,,,,,,,0.4662195121607417,6.505952051421692,83.0,-10.8,93.8,9.203748874142548e-14,12.23065166780136,155.86668358475913,84.54301756181982,,,,,,,,,,,,0.9677161071755594,10.854132667643533,131.66666666666666,-5.833333333333333,137.5,-1.3700152123874432e-13,10.821402786068276,126.9348987477404,141.24367820327402,532.0,42.437248648389556,590.4388697008203,24.298947913455436,120.86079138273224,630058.7132920875,525.8100289653636,20046.754615914106,141.58656227168632,0.3102655678096551,0.07990538528867756,3.111111111111111,41.52001482332554,498.0,-108.0,606.0,3.8191672047105385e-14,9.936476060201148,119.19684251679057,544.4667115627915,442.0,42.29639443820849,585.1737327378506,24.190364460624618,-304.9407990294196,619614.0851016515,904.0553796152165,147555.9176476109,384.1300790716745,0.027798351451404746,-0.23314858419959641,2.584795321637427,74.89679138294952,790.0,-249.0,1039.0,-5.764277943853813e-13,7.305336898288679,75.02929986106666,979.9857141815895,1.0
0.564733062469752,38.415453108080136,520.9679111570845,22.824721491336636,333.3454255681875,496108.65394421824,0.4775265859957469,0.005121513461489715,0.0715647501322384,-0.21676671910397297,-1.0271200485816088,0.0035076587731040516,0.037936281783074476,0.42061311641311216,-0.13263686689229798,0.5532499833054101,-1.0581813203458523e-16,8.671222273327835,94.30473390308713,0.4834106830020726,0.42978921513587653,29.392193591649942,544.193718407185,23.32796001383715,8043.820781723479,636217.4951021129,0.2243740456004976,0.01485443804623359,0.12187878423348991,0.70019746576551,-0.9551815208747826,0.0026694982306576186,0.02006096189391365,0.20203017354243355,-0.07328538212951362,0.27531555567194715,-5.004677228193088e-16,7.021933739071703,66.75698507880328,0.2567888519366037,,,,,,,,,,,,0.002917553090115783,0.012651365240689234,0.14990663761154807,0.0,0.14990663761154807,4.336808689942018e-19,10.380280144538537,117.77739621015523,0.16268176874638843,,,,,,,,,,,,0.04268960306174926,0.13882899755591585,1.4990663761154808,0.0,1.4990663761154808,6.224187831804784e-15,8.461694479844303,82.16383095864204,1.819905262698081,,,,,,,,,,,,0.7182248280691619,1.8491862625454167,14.990663761154808,0.0,14.990663761154808,1.247890679678676e-13,5.731638756828263,38.00685159169373,24.85654577263185,,,,,,,,,,,,-0.013835664412795644,1.4026677949575546,9.470588235294118,-10.6,20.070588235294117,-7.61717078301416e-15,-0.1520422470617053,35.54670190491565,17.576232072701792,,,,,,,,,,,,0.26098656338363957,4.39462871676655,40.6,-3.9626168224299065,44.56261682242991,1.4654943925052066e-14,8.275875880533642,70.40111732903445,55.161557814168695,532.0,39.882409356797574,522.9272262813965,22.867602110439925,-103.98607741409174,493149.80531587347,636.54198688613,38910.7489310579,197.2580769729288,-0.028764402893408165,-0.021972714788731994,3.3043478260869565,52.35676034445979,598.0,-150.0,748.0,-3.2596148002994596e-13,9.180392282981174,104.81211277916394,665.6545650711035,442.0,42.26502840281015,519.9806280062666,22.803083738965363,-1599.1952890705563,495654.6439953254,1010.9426538568878,103357.33811279277,321.49236089336983,-0.41561753219545405,-0.7474140752937449,2.7453416149068324,83.34514628924971,755.0,-424.0,1179.0,1.453948073049105e-12,5.280071520617465,51.587455581886694,1058.1049097324897,1.0
1.5950403791121008,38.63022179820823,498.5220236816386,22.32760676117435,-414.5026248448925,444732.97711113514,1.633947350743378,0.002542385754690284,0.05042207606485759,0.6672919490458786,-1.1616480321810032,0.01029058309104581,0.13088003656929353,1.6327164959605929,-0.06999344659740232,1.7027099425579952,8.014422459012849e-16,12.408197972255154,154.3198069121048,1.6344722118389425,0.250565908601876,36.98054700906771,463.9596303855591,21.539722152004632,297.87661689769527,403681.1592563283,0.2814327707348316,0.0007304271994151277,0.02702641669580205,-0.7778995659143229,0.20796841915903705,0.001616554249044361,0.02263584412039749,0.2795264132428066,-0.033092712173506476,0.31261912541631304,1.0842021724855044e-17,12.031092362775603,148.40749509756262,0.2825317264235486,,,,,,,,,,,,0.013844679011755987,0.09192124269535418,0.7856742013183862,0.0,0.7856742013183862,-2.761679773755077e-15,7.795497416400201,61.58583423979033,1.1535784582428275,,,,,,,,,,,,0.08537182896788605,0.4694749643847345,4.596194077712559,0.0,4.596194077712559,-3.6914915568786455e-15,7.833849131748047,65.37203021143013,5.921574458728599,,,,,,,,,,,,0.7718580028237606,3.144598939616526,27.577164466275352,0.0,27.577164466275352,5.928590951498336e-14,6.863891036937102,50.428384181115646,40.1818013434479,,,,,,,,,,,,0.03183559925347548,2.2893492805599567,19.5,-15.875,35.375,-2.0566881531181025e-14,2.4044377155379353,50.874450427643986,28.41282421024274,,,,,,,,,,,,-0.03534914654567063,7.500290912513057,44.77777777777778,-61.333333333333336,106.11111111111111,-8.112954752448331e-14,-1.0341117598562535,44.237271159102384,93.07719620568234,532.0,38.37004454013603,483.89055574561354,21.997512489952438,-120.17175310129909,422543.3927546422,610.0282506492687,19886.741202000976,141.02035740275576,0.023183682394844123,-0.8087810453032651,3.432258064516129,50.12835387924759,593.0,-127.0,720.0,-2.744471316873387e-13,10.555798237400193,124.94703124876196,625.5541543303825,442.0,38.530048601928584,436.8683044802172,20.90139479748223,432.812559152765,370725.9575939325,934.8434060507333,232862.00096865845,482.55776956615097,0.5546072028111557,-0.32189451598677954,2.8516129032258064,84.22908803728127,503.0,-416.0,919.0,-5.258016244624741e-13,2.033451704897452,22.041478169535377,1049.2444900975177,1.0
0.2966648240129941,36.204334045843765,515.5098751550129,22.704842548562475,1360.4549745928457,484908.4801160994,0.18575187604341525,0.0014184127449107442,0.03766182078591985,0.7549402249858544,-0.28886928277108326,0.001901697589826885,0.01514244141215336,0.18257131897466927,-0.0024804911366929695,0.18505181011136224,-2.3678975447083417e-16,11.127022350398587,131.38850961347066,0.19061468401046494,0.057803610408261305,35.822773969149104,444.5580861838194,21.084546146024092,847.1554750961415,372074.75334813225,0.10003166133234202,0.001656043008865547,0.040694508337926226,0.16251389872022834,-0.27505556643030704,0.0003705359641555211,0.008645641119727616,0.0866342340126906,-0.045597666913996845,0.13223190092668746,-1.233822072288504e-16,5.340263325984771,68.92982552483383,0.1080831510199894,,,,,,,,,,,,0.004467077443760283,0.025729909905281786,0.26965114563766834,0.0,0.26965114563766834,-2.402592014227878e-16,8.71282219954246,81.93875629955467,0.3230222992724155,,,,,,,,,,,,0.04348215761353512,0.21417948565752964,2.426860310739015,0.0,2.426860310739015,-1.3183898417423734e-15,9.52485497037689,101.8680835634843,2.7032985714511013,,,,,,,,,,,,0.5383959664180783,1.9782294716457987,21.841742796651136,0.0,21.841742796651136,9.43689570931383e-15,8.598077549835383,88.67187984168562,25.359398554558076,,,,,,,,,,,,-0.13605160325603752,1.4433021134963786,3.729559748427673,-15.444444444444445,19.17400419287212,-1.529332216421153e-14,-7.929683888826977,83.6217591297777,17.931802684740347,,,,,,,,,,,,-0.007268635135584647,1.5002185765187745,13.1,-4.7368421052631575,17.83684210526316,2.64475941147424e-14,5.442173547395298,43.56392682338822,18.5568967607593,532.0,38.7863723909478,500.5990404903152,22.3740707179162,92.04946568488742,453332.61420730996,619.4947855629097,23739.364506518577,154.0758401129735,-0.2500977076557378,-0.7483769273689242,3.41025641025641,50.886106082524755,593.0,-139.0,732.0,2.0339285811132868e-13,10.015852714956464,116.91269320115418,636.9929355966202,442.0,38.56129441386127,496.95257948205034,22.29243323376904,-78.13616016846963,441822.06955422804,754.8986231239608,30625.76111324033,175.00217459574702,-0.3656117315132354,-0.5795306462645474,2.8333333333333335,61.98519605449767,735.0,-98.0,833.0,7.549516567451064e-14,10.687705795655496,126.06544683404715,775.0032257997382,1.0
0.18661372377561714,30.416312620743582,401.07023075538916,20.026737896007656,2041.0542193245262,318588.98071293917,0.12110023720243317,0.0015504574953845386,0.039375849138584156,-0.5400611700920782,-0.48642001088128456,0.001235852475335213,0.010328490795474963,0.11345239762107528,-0.004616354724855574,0.11806875234593085,1.4224732503009818e-16,9.586025855802095,97.68569449607719,0.12782395343363245,0.07824480372125497,42.62663848784989,443.60161636927427,21.061852159040388,-4916.818083433566,404155.16868864855,0.07274347552392646,0.0010954936965079016,0.0330982431030395,0.364327945265355,-1.0392759207547686,0.0005181775080877814,0.006482175359675776,0.05520306228457107,-0.04426591148444846,0.09946897376901953,-6.418476861114186e-17,2.5414192069600827,50.681534570454794,0.0799084032117078,,,,,,,,,,,,0.007398035112613724,0.06462655414396082,0.7856742013183862,0.0,0.7856742013183862,-2.489328188026718e-16,11.860977340859117,142.98015791657093,0.7940195471041086,,,,,,,,,,,,0.04604291657031685,0.21563602602612977,2.3570226039551585,0.0,2.3570226039551585,2.0816681711721685e-16,9.036271985207232,91.41642535602361,2.691506648163778,,,,,,,,,,,,0.5550075128442364,1.7556640188634745,15.17065457818411,0.0,15.17065457818411,6.661338147750939e-16,5.768524937943212,39.00879688522307,22.475943439160954,,,,,,,,,,,,0.036413609670773985,1.3014871464034674,10.727272727272727,-7.1,17.827272727272728,9.679756995950584e-15,3.0569193499383207,38.1158122573725,15.892892019396003,,,,,,,,,,,,0.22649397812142114,3.121499705323148,26.692307692307693,-3.6666666666666665,30.35897435897436,-2.786659791809143e-14,6.99300915141897,52.43405465861298,38.20293090766995,532.0,37.15131388732032,465.2176391734827,21.568904450005864,112.04546517966126,389463.6330794847,600.117188001336,8659.413998702452,93.05597239673793,-0.004511758305354894,0.06946908787747176,3.5231788079470197,49.256570400744785,590.0,-71.0,661.0,-9.530154443382344e-13,11.266352457265588,134.61895302138484,606.8212257329171,442.0,36.7274572587484,458.5247250916192,21.413190446349166,-36.685942525658184,375497.4271055729,718.0750052898115,106985.78011137056,327.0868082197302,0.32721582516430003,-0.3401693849602107,2.9271523178807946,63.99990680226523,599.0,-240.0,839.0,1.482369782479509e-12,6.333557770537555,56.74224840210459,787.2661557567428,1.0
0.001951167490738434,44.923695552852415,725.2754646553369,26.93093880011124,-4664.563102310459,767584.1839765155,0.001349314410298065,8.976635829175314e-07,0.0009474510979029637,1.192051754470676,1.0799288175217303,1.2194796817115215e-05,0.0001274918460906724,0.001000717279962369,-0.00036520525835631725,0.0013659225383186862,4.980553729855286e-19,4.7751213188875985,32.428566673078166,0.0016200189573714705,0.019696229858705453,34.28811846820267,618.2261323178367,24.86415356125836,5993.112049081601,686280.9460311655,0.015892586391843287,6.621273059573926e-05,0.00813712053466945,0.11149972258735534,-0.8233586391968395,0.0001231014366169091,0.001405151163814067,0.007524735085855374,-0.006421039439117156,0.01394577452497253,-1.973247953923618e-17,1.2570550760431067,13.00133052176063,0.017841989830129034,,,,,,,,,,,,0.028668626272100175,0.2599418268915497,3.181980515339464,0.0,3.181980515339464,2.831068712794149e-15,11.547131938115024,138.8102309674245,3.2872297870710616,,,,,,,,,,,,0.09186757326206672,0.5709547261152482,6.363961030678928,0.0,6.363961030678928,-7.077671781985373e-15,9.320372305510706,95.63498743335616,7.269097202946382,,,,,,,,,,,,0.6128784370402361,2.232150113858173,17.980715293029352,0.0,17.980715293029352,-4.241051954068098e-14,5.8583309917963975,37.35267732133194,29.096082713708643,,,,,,,,,,,,-0.040735455360234506,1.6362755505627842,10.327586206896552,-12.714285714285714,23.041871921182263,7.813194535799539e-15,-0.5702767992069872,37.97234605159214,20.574037392828064,,,,,,,,,,,,0.4243447804600364,4.848185655785458,41.285714285714285,-6.5,47.785714285714285,2.7200464103316335e-14,7.473603318930977,59.17588897823673,61.17373356282464,532.0,39.657489804709506,521.3270124580365,22.832586635290284,30.855070459621995,487436.34588347585,610.3106502965388,10500.235134615938,102.47065499261697,0.18850781653401055,-0.49976258311141686,3.325,48.8302608532863,599.0,-89.0,688.0,5.764277943853813e-13,11.417557186734822,139.88626592681365,619.0896542504971,442.0,40.13370208900104,535.679586088563,23.14475288458624,200.33765028279572,519963.83929518715,735.5176926029139,104825.09886808525,323.76704413526284,0.1951636787532334,-0.9768476622026917,2.7625,63.051416270770645,506.0,-303.0,809.0,1.1022294188478554e-12,4.150120501564726,36.980770859520185,798.3094638046075,1.0
0.038554591572672214,31.987974633722647,452.6629172937185,21.275876416583138,3179.391628852812,414014.44003441837,0.025384041462587426,5.963143726952981e-05,0.0077221394230828164,-0.20828357557726138,-1.1520699984173268,0.0002455706469596957,0.0021107807032782005,0.02477806908638842,-0.0005460122596430022,0.025324081346031424,-1.6588293239028218e-17,10.565996960382705,118.8706448005549,0.026626395152870918,0.021704537439637947,42.912370745145715,508.91810837717674,22.55921338117038,-2077.754033493155,463290.5196627366,0.03749227790027267,0.00021148654025707198,0.014542576809392206,0.012106175094218453,-0.3260790310896081,0.00013824546139896778,0.0031991809028649263,0.015570715174105701,-0.031831878918765336,0.04740259409287104,-2.4665599424045226e-17,-5.413364626755463,66.9833254801342,0.04012303117071201,,,,,,,,,,,,0.004047544185508134,0.026121909730701467,0.3077223955163679,0.0,0.3077223955163679,4.77048955893622e-16,10.621878601344985,120.16870531565628,0.3290960364338141,,,,,,,,,,,,0.03745882113996877,0.16545597366847348,1.8463343730982074,0.0,1.8463343730982074,7.077671781985373e-16,9.288986624576463,95.89433267198092,2.1120418054777486,,,,,,,,,,,,0.46302903859722927,1.2506985061828542,11.078006238589245,0.0,11.078006238589245,-7.438494264988549e-15,5.590521134436184,39.30321824239584,16.603903451074583,,,,,,,,,,,,-0.052026667080314316,0.9416021176105458,4.546153846153846,-7.833333333333333,12.379487179487178,-1.0477729794899915e-14,-3.616556913309638,36.336559684658766,11.740732724421555,,,,,,,,,,,,0.3709264659773056,6.613164894381365,68.5,-26.727272727272727,95.22727272727272,-2.220446049250313e-16,7.665108556863492,79.21750068428227,82.46264691563856,532.0,38.7185350788547,501.0696851011794,22.384585881833495,83.84821994657847,451191.12755835115,598.3101020038098,7151.970558139614,84.5693239782583,-0.041515782897862424,0.5816674478956704,3.388535031847134,48.071158730319155,591.0,-47.0,638.0,-8.100187187665142e-13,11.742588943949206,143.8152980768488,603.8244778079139,442.0,38.38098423719005,504.52823955401425,22.46170606953119,-79.29790900252227,450018.5162976102,762.7562657301532,135396.63549964823,367.96281809395936,0.3558279329670075,-0.29702358439109705,2.8152866242038215,67.37222600139317,559.0,-294.0,853.0,-1.6484591469634324e-12,4.924272325917345,41.36471830320544,844.9082790457198,1.0
3.1474875335060775,43.34497243725814,636.2724970196745,25.22444245210733,-321.1734692426716,726427.3137483,3.127601011176688,0.0035829300797791995,0.05985758163991592,0.27207398241843034,-0.4355668051070201,0.018089008813253316,0.23641259305753884,3.126575731728382,-0.0556906798100839,3.1822664115384662,5.10702591327572e-15,13.177556083920102,173.76434644904276,3.127611547636661,0.5826050426420059,42.40926718594857,681.9185135464074,26.113569529009386,692.6947827299255,807390.0577040474,0.49901241748921793,0.004054679317565246,0.06367636388460986,0.3208606069598365,-0.5125955909728608,0.003348304842770148,0.038005526477246074,0.49583839404801416,-0.04151151234698288,0.537349906394997,1.3010426069826053e-17,12.620634854175966,163.78683224916898,0.5032691394622796,,,,,,,,,,,,0.003075645079346706,0.013595491322220116,0.12420753226381775,0.0,0.12420753226381775,-4.510281037539698e-16,7.728015084120838,61.75800883145886,0.182808862024869,,,,,,,,,,,,0.044442962955049944,0.1720017728604987,1.7389054516934486,0.0,1.7389054516934486,5.620504062164855e-16,8.079141084944606,70.56672172432404,2.3298676644009464,,,,,,,,,,,,0.768924555655961,2.7326164274212954,24.413792024125012,0.0,24.413792024125012,-9.514611321037592e-14,7.713497893515728,64.09210490834582,37.229709265759666,,,,,,,,,,,,0.19635676179979428,1.9976643306489723,17.263157894736842,-6.0,23.263157894736842,-2.7200464103316335e-14,7.091612077543838,61.00489956562925,26.3253798834223,,,,,,,,,,,,-0.17838597518985042,0.9940457687854746,8.285714285714286,-3.1184210526315788,11.404135338345865,1.9484414082171497e-14,4.727762698861327,36.96877335402295,13.245042469262831,532.0,44.18663722638179,615.6005100469068,24.81129803228575,-615.0632836982863,686132.4260722641,660.1445623455753,101321.91542625877,318.3110356652103,0.28300583782894684,-0.8087766776012163,3.057471264367816,55.302897665106244,361.0,-456.0,817.0,6.394884621840902e-14,-0.1344002271673016,44.58918546864298,730.6093347336865,442.0,42.93112791291988,614.3327206344356,24.785736233455637,217.1993746877372,694978.4767142342,891.5641608491425,122963.5999629279,350.66166024093354,-0.03600948761234636,-0.794095651750821,2.5402298850574714,72.11577610457766,789.0,-237.0,1026.0,1.412203687323199e-13,8.62180925858296,89.33296428761773,951.8623850116151,1.0
0.035208244268431554,35.41437629189495,378.9481046969946,19.466589446972847,-931.6012117329367,262999.3307050683,0.04162276130800971,1.68978016252437e-05,0.004110693569854569,-0.1386213805469349,-1.450956259981817,0.0002588841490325851,0.0035700769311753193,0.04133152691871285,-0.005836855840778602,0.04716838275949145,-5.0090140368830305e-17,11.284444171786516,130.67484820201352,0.04174321454332132,0.0440498605654698,31.65788129890549,416.7079443598063,20.413425591012555,551.3955247612496,301342.6504851306,0.0465044409108377,0.00013208321283797643,0.011492746096472176,0.7846550571432329,0.8552101100140792,0.000323896033569631,0.004088827320481372,0.04450574567271316,-0.006826151257462467,0.05133189693017563,4.716279450311944e-17,9.348873198410661,101.20592356849608,0.04783288387322765,0.3110911657139011,33.086565440303445,391.34401664803306,19.78241685558246,0.19388697181673242,273562.6774487084,0.16309674939338026,0.0004431216315359424,0.021050454425877423,2.164730557616238,9.497893392478634,0.002287435042013979,0.014066048528547712,0.16295464916233196,0.0,0.16295464916233196,-1.2663481374630692e-16,11.092811465330582,126.8413303155508,0.1661917775280397,3.7471625910671276,32.529523133019666,400.4699916035896,20.01174634067676,118.80818301558023,283794.93372862815,1.477013434237995,0.08035139248198933,0.28346321186705925,3.5673697031233345,18.89977185239442,0.027552666110787705,0.12865246052839305,1.4665918424609876,0.0,1.4665918424609876,2.0469737016526324e-15,10.42606910189372,116.40366601993397,1.5343540273795466,55.70966100652086,31.400303395191944,419.0710742428917,20.471225518832323,450.3262134179812,305564.9701306028,14.110365471588443,33.159063214020776,5.758390679175977,2.1163249511939846,9.027758198952528,0.40962986034206517,1.3015113103326597,13.199326582148888,0.0,13.199326582148888,1.7763568394002505e-14,7.530109313639059,69.77157280601955,15.91210390311248,11.138589492718593,32.46116308015751,401.1626167358164,20.029044329069134,467.30767797054807,283371.37191541545,10.632744675631189,12.898037101179815,3.5913837307060095,-0.11729632572397752,-0.7216591286988964,-0.08190139332881319,0.9613304938857662,3.789808917197452,-9.333333333333334,13.123142250530787,1.1546319456101628e-14,-6.1560773572290834,64.61189435685444,11.251556572835765,76.08267658960682,34.961361104678566,368.9609129499244,19.20835529007948,-770.2868059116258,248548.75883310358,62.37724174516845,891.9641275402352,29.865768490702447,-0.11699957652876278,-0.8645327811533671,0.5594314455118149,5.93028190797165,45.77777777777778,-13.935483870967742,59.71326164874552,-1.3100631690576847e-14,6.53037781212389,47.007811277971086,69.46541699891459,532.0,33.5943988199224,381.04437675186153,19.520358007778995,63.02807191300069,260167.2738983588,605.103263055441,8581.452804363542,92.63613120356194,-0.6456464589957833,-0.31752507179319406,3.911764705882353,52.33453906588608,595.0,-84.0,679.0,1.7497114868092467e-13,10.687708080912188,121.18538781197773,612.0228753894743,442.0,38.07411530136144,352.8595198310916,18.784555353563512,-2020.5436896178849,244455.95235200404,952.389366350407,267985.7595685524,517.6734101424878,0.5208160053195573,-0.437489330718421,3.25,92.73790947040577,432.0,-432.0,864.0,0.0,1.10467102082625,16.24241809556915,1082.1644976619775,1.0
0.10158951123538806,43.602150241513854,551.4909072749673,23.483843537099442,-5568.31849371529,590823.7896787132,0.08289362529107876,0.001233671686412684,0.03512366277045553,-0.20439014043524817,-1.166962623707138,0.0006046994716392149,0.006944808948246182,0.0723754937957503,-0.01588659904440204,0.08826209284015234,4.90059381963448e-17,8.531010893647625,81.68769155961908,0.09035559477316121,0.2210041563451564,35.54061962109497,725.3103417810188,26.93158632128859,1927.6593795639371,777766.4631124645,0.07027055034342931,0.0019845201120395153,0.04454795295004604,1.5898673507148704,2.147930997742211,0.001315500930625931,0.006418473713764312,0.05098682151822628,-0.008489037850147752,0.05947585936837403,-1.951563910473908e-17,5.801018951086937,37.91028137733105,0.0849222843672018,,,,,,,,,,,,0.004511180948275671,0.024468963692896393,0.2618914004394621,0.0,0.2618914004394621,-6.401129626354418e-16,8.493804280712679,79.69571477655414,0.3215377374502804,,,,,,,,,,,,0.044226551717122475,0.17196375848853182,1.5713484026367723,0.0,1.5713484026367723,-7.771561172376096e-16,6.927330305417138,52.48054212554116,2.2945797420046947,,,,,,,,,,,,0.5603326619242431,1.5135692672677585,12.445079348883237,0.0,12.445079348883237,4.6407322429331543e-14,5.12083954927842,31.606929279863003,20.856950672274877,,,,,,,,,,,,-0.02450456941027287,1.1409784553164481,5.25,-8.8,14.05,-1.1830814106161824e-14,-2.860581497124132,30.192443733188348,14.748091255238888,,,,,,,,,,,,0.21492706211336188,4.951764142168784,55.166666666666664,-18.133333333333333,73.3,1.0480505352461478e-13,8.758975119876219,95.90936355949957,64.05114373844886,532.0,41.88822887653902,580.9473081459554,24.10284854837609,-88.35872208394647,604956.5744573015,604.455725546605,14005.204425355952,118.34358632961886,-0.019688522423538093,-0.5387262545128395,3.1666666666666665,47.41052558776286,590.0,-88.0,678.0,3.7214675785435247e-13,11.35406907410055,141.0515947116493,615.8798584139605,442.0,41.68137015523043,579.9766698854189,24.08270478757357,-166.1798647348179,595606.4199496103,788.3335330309632,110817.85974653866,332.8931656651104,0.15057547506392988,-0.7966318686691157,2.630952380952381,65.99842706673748,685.0,-272.0,957.0,-1.7648105199441488e-12,7.273165730454763,73.9520068497698,856.1168144593354,1.0
0.533125304575845,45.25211745019779,688.007693518841,26.22990075312602,-2923.3164076862786,811793.1544580021,0.43320968245250274,0.007973108533799607,0.08929226469185114,0.22888646286655026,-1.0166886971142421,0.0030464303118619713,0.03334030364846613,0.42466506626296896,-0.047157564949240165,0.47182263121220913,1.1622647289044608e-16,11.770056983668226,147.68608729107996,0.44288813754487427,0.09617538237023679,39.59601398258295,777.0611732962491,27.875816997825357,4689.091072493055,936771.827813275,0.16900569493969544,0.005944791267284488,0.07710247251083774,0.4163418706983987,-0.6528776954463195,0.0005495736135442105,0.01400214865954109,0.14421918613779453,-0.06731678932759472,0.21153597546538924,-1.3270634591222574e-16,6.1390573418292185,69.92346647788526,0.185373635374893,,,,,,,,,,,,0.017742340967204014,0.1887905902924521,2.4748737341529163,0.0,2.4748737341529163,-5.828670879282072e-16,12.875283463984374,167.73579910308538,2.4940940705499908,,,,,,,,,,,,0.07228342982233073,0.4285072589396673,4.949747468305833,0.0,4.949747468305833,-1.4516166046973922e-14,10.010229619181068,105.79875191799893,5.715759107766865,,,,,,,,,,,,0.7302921205324994,2.339762558629652,24.670169921397324,0.0,24.670169921397324,9.103828801926284e-14,7.552129107435069,68.03377597350756,32.23898364231306,,,,,,,,,,,,-0.01698921133366279,1.7330952289867905,8.621212121212121,-17.444444444444443,26.065656565656564,2.42861286636753e-15,-4.525760194771303,64.30203369102534,22.796403952041743,,,,,,,,,,,,0.19687082709537584,4.532910790704708,41.7,-9.5,51.2,1.1546319456101628e-13,8.10919342028826,70.41482957100706,59.67733770968146,532.0,43.11197210839926,623.3213965416021,24.96640535883374,255.699936435513,699137.6675411874,608.4042859399332,43750.12140164418,209.16529683875424,0.0393704627106852,-0.44649890646197676,3.04,48.49393010617784,569.0,-157.0,726.0,1.758593271006248e-13,9.119196746476197,107.65702016172922,642.773677121271,442.0,45.35688909170129,622.9120235497439,24.958205535449537,-1603.1446308811876,689685.4356551998,1086.9351424530248,270689.4443764843,520.2782374619222,0.3463199381184211,-0.5789556738536945,2.525714285714286,90.83170102009571,798.0,-431.0,1229.0,7.975842208907125e-13,4.351587880428082,42.77685074673565,1202.0549072317788,1.0
21.711349937766983,35.44907619040064,527.8108102781229,22.97413350440279,3050.018458337286,536491.2657390985,16.38134753142305,10.708431537380502,3.272373991062223,-0.06266135108424262,-1.3987227203281516,0.13402067862819125,1.3101616016782551,16.10559397337708,-0.0176083531507726,16.123202326527853,-1.9817480989559044e-14,11.530730626021581,138.41620414280095,16.762653856103963,0.9180953571332523,43.42592009931999,546.1739451311392,23.370364676896664,-2273.6967069288708,560559.0652953119,0.9861181368288318,0.03077820736006586,0.17543718921615753,0.027187205281383246,-0.7513411300835129,0.005667255290946001,0.07828299854343947,0.9453252302924737,-0.21740139660271357,1.1627266268951872,-1.0772632785815972e-15,10.746992604076143,129.90901722942004,0.9989874845284867,,,,,,,,,,,,0.002023274054518483,0.006282553651558119,0.06494906730898659,0.0,0.06494906730898659,1.3704315460216776e-16,7.92587500258655,72.14192282275756,0.08322676737215369,,,,,,,,,,,,0.031084455125355594,0.08547145534819597,0.9742360096347988,0.0,0.9742360096347988,4.3298697960381105e-15,8.726346123658947,93.7738463542863,1.1468157967759438,,,,,,,,,,,,0.5527487750845123,1.3691844344097426,14.613540144521982,0.0,14.613540144521982,5.46229728115577e-14,7.427360935068299,71.49807612419154,18.618575632474954,,,,,,,,,,,,0.04552718419147843,1.0430847939612948,10.333333333333334,-1.5833333333333333,11.916666666666668,2.5174307083375425e-14,6.521485621865625,60.970791385958364,13.16532108575765,,,,,,,,,,,,-0.15139123498618884,1.0571256497584258,7.466666666666667,-1.7142857142857142,9.18095238095238,2.19824158875781e-14,5.357754620685263,35.189552385300274,13.465845585028923,532.0,40.089464494568276,536.3746617780309,23.159763854107645,0.23098762069000775,517247.50535111036,626.2909954481967,34650.62605754427,186.14678632075353,0.19535027141945072,-0.5991298595118293,3.2839506172839505,51.24432749526532,595.0,-145.0,740.0,1.6076029396572267e-13,9.572802242087171,111.19448226694435,653.5717252146087,442.0,40.121001782379906,546.7328537728977,23.382319255644802,-9.73541679480927,535307.510226215,818.02580547286,92618.8186175163,304.3334004303772,-0.13657646782762228,-1.0498090655123227,2.728395061728395,68.20159158667062,728.0,-129.0,857.0,-9.938716516444401e-13,9.000291309443336,88.3183191598319,868.7588848466529,1.0
56.8469201080027,39.82946810339804,548.2823202201316,23.415429106043128,93.39827357047012,539907.6233688255,55.7569987024548,0.21900273471553516,0.4679772801275027,1.1668505213117424,0.0037453877051980473,0.3487541110920412,4.353961532706231,55.76288776001791,-0.0021692001329840305,55.76505696015089,-6.650235917504688e-14,12.765228453602433,162.9670503435724,55.765701866838846,1.7434280941971587,41.191922288018596,531.6380313751224,23.057277189102845,-1184.7632637715096,522518.17355523835,1.8687644602458764,0.021083990922484763,0.14520327448954023,0.18660707126106252,-1.3657557034316075,-0.010695877878510176,0.14636307101452423,0.14103447515062953,-1.8624559414137274,2.003490416564357,3.139849491518021e-15,-12.534919114710396,159.0746442404859,1.8736215489645505,,,,,,,,,,,,0.017622733006849103,0.19495605257460985,2.4748737341529163,0.0,2.4748737341529163,-7.979727989493313e-17,12.632842457643017,159.72127417765478,2.4760750603842276,,,,,,,,,,,,0.06504271599710658,0.3965404232950045,4.949747468305833,0.0,4.949747468305833,-1.6653345369377348e-15,11.84956580639739,145.56774487796764,5.082910382232001,,,,,,,,,,,,0.6586827928087099,1.616181470267021,14.890836921457883,0.0,14.890836921457883,1.2645440250480533e-13,5.918379280955637,44.06679958916536,22.075889350607856,,,,,,,,,,,,0.09299314732956958,1.2305710291316467,10.529411764705882,-2.3333333333333335,12.862745098039216,6.430966870141219e-14,5.27578786014733,38.45199407721104,15.610011060538703,,,,,,,,,,,,-0.010733660554113095,3.2454251460961445,38.77777777777778,-7.5,46.27777777777778,-2.906008766956347e-14,10.748306365265794,128.84984109235154,41.05196626790401,532.0,40.373012372572404,537.7949256845549,23.19040589736529,-86.09914933296157,520375.2642965004,623.7884101422255,36933.451471000095,192.1807780996843,-0.0108867945757901,-0.8617009425158568,3.263803680981595,50.9680313880066,590.0,-165.0,755.0,-1.1191048088221578e-13,9.478094330339468,109.73178684597545,652.0490779074839,442.0,39.615896304722035,539.1484291854636,23.21956996125173,190.5876700557699,512949.56244594377,934.4267841053806,182770.09131931586,427.51618837105553,0.10489125998950952,-0.5711962034489653,2.7116564417177913,80.23911534282092,759.0,-359.0,1118.0,1.7648105199441488e-12,6.114758186431741,57.34951048618093,1025.0092682507802,1.0
0.12639743837555728,40.251215671056,609.7819597190581,24.693763579476055,-3080.731583692997,606168.617012232,0.07959153413590093,0.0006661710837079822,0.025810290267797884,0.12169138402475767,-1.3552378822522648,0.0008050792253220209,0.006656442279085789,0.07549285192597625,-0.011565593473875915,0.08705844539985216,3.968179951296946e-17,9.548235284917915,102.99632436413958,0.08401280313555673,0.030703977526214246,41.783521153346584,453.84846098217713,21.303719416622467,-1895.82108857207,398606.82586255483,0.058815227288563005,0.0003891886110816863,0.019727863824593028,-0.18435634974789564,-0.2068389788490889,0.00019556673583575964,0.0049351897371957545,0.04281383178153503,-0.025328037440603753,0.06814186922213877,4.548228113576691e-17,3.3077820522394212,41.10893367249135,0.06188628298884322,,,,,,,,,,,,0.004052252960742961,0.021668203038666248,0.23473229224574008,0.0,0.23473229224574008,-3.86843335142828e-16,8.952831794434186,88.09289105747247,0.2735571122368021,,,,,,,,,,,,0.04303345145820752,0.1866876633310396,2.1125906302116606,0.0,2.1125906302116606,1.249000902703301e-16,9.39896289649721,99.86364786598996,2.3774862531672034,,,,,,,,,,,,0.5889382415111701,1.9498178268628248,19.013315671904945,0.0,19.013315671904945,5.3290705182007514e-14,7.122835414932425,59.235734580808405,25.276277866430682,,,,,,,,,,,,-0.07939110906070418,1.4380597890683418,8.485714285714286,-13.444444444444445,21.93015873015873,-8.715250743307479e-15,-4.147616923248835,56.54258588947122,17.873027482508576,,,,,,,,,,,,0.44724918433856564,4.40020331153566,36.6,-2.6203703703703702,39.220370370370375,-8.604228440844963e-14,6.8145839235585,47.945403229572655,54.886432170656704,532.0,38.80710151594404,507.13386668309835,22.519632916259944,33.67026888261589,458189.08250420226,610.3815519653007,21421.130251200266,146.35959227601128,0.06349604070736918,-0.9921988736286746,3.388535031847134,49.93481734425593,594.0,-121.0,715.0,-8.597567102697212e-13,10.594287392352147,126.0651256857807,627.1204031125123,442.0,38.99812209328489,507.6267484232899,22.530573637244345,167.8970321858382,458353.4610652,799.3441483253962,135517.4966405112,368.12701156056346,0.4039143229247787,-0.3026219563974821,2.8152866242038215,70.01071998498459,597.0,-283.0,880.0,-1.6484591469634324e-12,4.67126318738494,40.73898308316893,877.9407724898075,1.0
0.009593794537097605,39.96852157490543,482.11659746546525,21.957153674041297,-2719.372127017658,431288.83300040505,0.008948060260030874,3.54622966818728e-06,0.001883143560164036,-0.0009258347151595375,-1.1511424472637841,6.311706932301059e-05,0.0007391771161857732,0.008778227013438457,-0.0018373480945878195,0.010615575108026276,0.0,10.83344898713389,128.76028761893815,0.009146350046710522,0.054368332949757354,28.815766942826777,498.7966703824375,22.333756298089167,3810.2034553093495,395516.87648887665,0.025768419118316038,0.0002848841672658513,0.016878511997976933,0.4216244557427641,-0.8951396843755395,0.0003576864009852458,0.0024985391147904256,0.023687590434986982,-0.0058175342859731775,0.02950512472096016,4.672911363412524e-17,5.904033674723282,51.36911072946643,0.031118111526525882,,,,,,,,,,,,0.002848818214569384,0.01563233667462312,0.14937509506547098,0.0,0.14937509506547098,6.505213034913027e-17,8.306473157358493,70.90625170203361,0.1939597163179407,,,,,,,,,,,,0.031389788172972694,0.12938671605829136,1.3443758555892387,0.0,1.3443758555892387,1.970645868709653e-15,8.196949397314512,76.13734763507038,1.6251799663391313,,,,,,,,,,,,0.4534281194868115,1.3804947376480428,12.099382700303147,0.0,12.099382700303147,-3.175237850427948e-14,5.877428657823897,41.53202418340192,17.736771246539725,,,,,,,,,,,,-0.04606039148084157,1.0264306262209257,5.96969696969697,-8.555555555555555,14.525252525252526,-2.881028748902281e-14,-2.682686299899332,39.93636428205295,12.541791224782814,,,,,,,,,,,,0.29309656070414064,3.6232711447490558,32.333333333333336,-3.0,35.333333333333336,-6.5503158452884236e-15,7.717856575942749,62.267268733107855,44.372129856001905,532.0,37.81947438368958,477.8232418452323,21.859168370393974,110.34271802628909,410279.7287354727,603.0658049291405,10403.24018832583,101.99627536496531,-0.027887757470030566,-0.4915508216292388,3.5,49.33398529678256,591.0,-77.0,668.0,0.0,11.192819473958776,133.79334982370406,609.7589687737278,442.0,37.46678033582881,476.16809111818696,21.821276111130324,-19.85695479555504,403232.0491247354,712.2371739014083,129294.6028497773,359.575587115946,0.23238469391702524,-0.9838966373584158,2.9078947368421053,64.7085932696446,488.0,-308.0,796.0,1.0471623568264476e-12,3.997019005835733,33.96268213681542,798.5862508207864,1.0
0.34266067092754954,41.49883851339963,585.9414949542478,24.20622843307581,-1142.3405491624299,606585.2186151047,0.2761860163646588,0.003176415247073642,0.05635969523581229,-0.07563180865300398,-1.3210921168299696,0.0020518603049553864,0.021746959544607748,0.2696139629761654,-0.021155636991645563,0.290769599967811,3.885780586188048e-16,11.50306451783333,139.28147051413032,0.28228078837277926,0.028022973465398747,35.348994669257586,529.235359240562,23.005115936255613,5057.226078252136,572223.5150762595,0.16784592692729985,0.0050810585322578344,0.07128154412088612,0.04335704087193996,-0.6984827142927128,0.00016780223631975312,0.01406873462284675,0.08695010614647714,-0.14879476399836264,0.23574487014483977,4.960224939121183e-17,-5.769930063701262,83.81682591931279,0.1818210504780075,,,,,,,,,,,,0.0018514802905843877,0.00547582304191519,0.06591795354843044,0.0,0.06591795354843044,4.423544863740858e-17,9.777140068239124,113.36296868047313,0.07447479079502956,,,,,,,,,,,,0.03154968291333259,0.09264996944150133,1.1206052103233175,0.0,1.1206052103233175,2.9282132274488504e-15,9.901702880099016,115.53470213194001,1.2610235083802124,,,,,,,,,,,,0.5981426344257024,1.7367652516292182,19.0502885754964,0.0,19.0502885754964,1.7541523789077473e-13,8.248069647749283,81.28786055947613,23.66654332520512,,,,,,,,,,,,0.0479829617554888,1.2979837096718085,13.470588235294118,-2.0096153846153846,15.480203619909503,1.6486811915683575e-14,7.603016724834777,73.27737042734275,16.734773272497762,,,,,,,,,,,,-0.12076966167150435,1.3443105817483314,9.863636363636363,-1.5769230769230769,11.44055944055944,8.798517470154366e-15,6.054395954883318,40.983490042486146,17.389983833494767,532.0,41.291238842743624,570.426405674674,23.883601187314152,72.62339170296855,583072.6489593664,652.3641806907899,48136.84322151406,219.40110123131575,-0.679434635857913,0.07253430795233785,3.18562874251497,53.10024670990331,597.0,-209.0,806.0,6.927791673660977e-14,8.540133446986394,97.07481543834324,687.4401792156173,442.0,41.005754337200855,571.7235309967407,23.910740912751756,439.1945790488026,587295.9730912879,876.3393760487887,103582.3341309976,321.8420950264238,-0.23577345068395972,-0.7856725076143675,2.6467065868263475,72.02520166429379,787.0,-164.0,951.0,8.029132914089132e-13,9.06720359778593,91.94635942521897,931.398947819891,1.0
0.004712050618124069,44.032191509482885,508.1589156154637,22.54238043365127,-3425.0829334359655,507684.148470622,0.005249956118468632,1.721520489158994e-06,0.0013120672578640906,0.014987209501772684,-1.142038899036147,2.8908286000761158e-05,0.0004225536303443328,0.004993015025559225,-0.0015131289710959151,0.00650614399665514,4.587530442329291e-18,9.843636269888737,118.86236846170605,0.0054074137349770495,0.038781291130019116,31.2615396067868,548.2049307048135,23.413776515223116,6837.730666438582,602151.3475094727,0.02161288923364702,0.00015180119540127336,0.01232076277676319,0.8724812055466741,-0.11368766854091977,0.00023792203147250988,0.0019426140323099857,0.017005775135079296,-0.005679856689773231,0.022685631824852528,-2.461138931542095e-17,4.538106366188543,36.806706872750645,0.024986957717353046,,,,,,,,,,,,0.004460631111178081,0.03070116084963153,0.3535533905932738,0.0,0.3535533905932738,-7.112366251504909e-17,9.992845680199737,107.65443956596498,0.3936442806588445,,,,,,,,,,,,0.03616625068573128,0.16487454016769673,1.4142135623730951,0.0,1.4142135623730951,1.4016565685892601e-15,7.3623897900108926,56.86346947461771,2.1417631711166862,,,,,,,,,,,,0.45818827450226585,1.5867525212839988,12.90197911518839,0.0,12.90197911518839,-2.0872192862952943e-14,6.1770268303623315,42.842433956057526,20.956214578246072,,,,,,,,,,,,-0.028037801071275056,1.1675075635974874,9.123076923076923,-8.666666666666666,17.789743589743587,6.411537967210279e-15,0.34697531839291257,42.79150071354172,14.818281436278182,,,,,,,,,,,,0.4023888915345261,4.594370398920387,45.333333333333336,-3.0,48.333333333333336,6.09512440519211e-14,8.414579373581807,74.31093509501049,58.51918613056322,532.0,40.33018963626734,536.5153360701107,23.162800695730013,48.85905587788329,519103.31601715245,603.5555092150704,9853.697913421143,99.26579427688645,-0.04720061910594156,-0.5423931015027597,3.263803680981595,47.7620415833208,593.0,-78.0,671.0,-1.0480505352461478e-13,11.633507236235989,144.09854753801176,611.2070025776865,442.0,40.12060074338666,541.1786879520454,23.263247579649008,178.40870124792988,524173.2388945019,767.3395369755318,89903.36832750944,299.8389039592918,0.17801118262349203,-0.4894422555242173,2.7116564417177913,64.32993215351483,472.0,-320.0,792.0,1.6511236822225328e-12,3.7654921384784874,33.30485900383958,822.0389285185952,1.0
0.0009844610894410534,39.32259189807904,527.0512841943198,22.95759752662111,-1334.286900321706,466695.66110227746,0.0011850293773957086,2.0392725024500148e-07,0.00045158304911167943,0.5580672856418635,-0.10611628906036281,6.651764117844957e-06,0.00010323447364736853,0.0010927784405698495,-0.0004275999344065759,0.0015203783749764253,7.572474548453445e-19,7.742473612202659,85.78907386313865,0.0012585059285673027,0.010192154176995533,31.248772591076712,543.200759002254,23.306667694079607,3974.5566792274803,512144.0663931796,0.014920968596877427,6.775139057022641e-05,0.008231123287269266,0.6485759755504406,-0.41763227996565916,6.886590660132121e-05,0.0013891544973086629,0.007288837306755068,-0.0070734836506350235,0.014362320957390092,7.426784881525705e-18,0.41641517446410264,14.423216645325345,0.01692054739397532,,,,,,,,,,,,0.033279242730764706,0.3373606403207363,4.03899393413756,0.0,4.03899393413756,5.821731985378165e-15,11.633226855698561,137.95450444786943,4.096129588601322,,,,,,,,,,,,0.17050810095553995,1.6724143883733795,20.1949696706878,0.0,20.1949696706878,-1.5237811012980274e-14,11.88843087734781,142.6623569884779,20.31261340260648,,,,,,,,,,,,1.1466903077138642,8.463864402366479,100.974848353439,0.0,100.974848353439,-5.972999872483342e-14,11.410193731078454,134.25196465759097,103.20357210573614,,,,,,,,,,,,0.4143869941561569,6.025299416692908,71.4,-12.592592592592593,83.9925925925926,-4.973799150320701e-14,11.250737796402307,133.67954946778056,72.97594567864084,,,,,,,,,,,,-0.6949114109426983,8.958190391951016,14.095238095238095,-107.0,121.0952380952381,1.3389289676979388e-13,-11.524486121459415,137.59318731435053,108.56741333040638,532.0,36.215953335184594,450.20240223667446,21.217973565745492,123.84196775607089,364262.9268107341,721.7201801905062,101337.35988416191,318.3352947509307,0.15996239597101533,-0.7287280910962157,3.5945945945945947,64.73760319998654,599.0,-340.0,939.0,8.277822871605167e-13,5.394214008463062,58.743663045509415,788.7800707421557,442.0,36.13018105365296,433.1236358149583,20.811622613697335,-80.48121086736818,335833.59766900993,785.203123659853,147813.94648670172,384.4657936497104,0.36674070985946494,-0.5121079915200154,2.9864864864864864,71.86445447775236,436.0,-535.0,971.0,-8.535394613318203e-13,0.28684718893162775,36.04091317575043,875.023428257781,1.0
0.0013880135461617823,41.32657141499039,493.5705360005221,22.216447420785396,-2059.500373792713,447561.0022237434,0.0010885981740898284,2.659265643108884e-07,0.0005156806805678184,0.04366461218103229,-0.7596446846515182,8.784895861783427e-06,9.57263186667953e-05,0.0008978847083058371,-0.00023241314025745533,0.0011302978485632925,1.7753810574450135e-18,7.3399128749833356,61.589361234676986,0.0012083174218582963,0.00926510788542966,33.91778957625126,538.1359381426649,23.197757179146972,2709.443199082828,502419.45886540826,0.01348389420317363,3.857600174409084e-05,0.0062109581985464075,-0.08268017002864413,-0.6973758760550958,5.863992332550419e-05,0.0011789909785985245,0.006236737011763764,-0.004933773256411306,0.01117051026817507,9.229270993282856e-18,1.447976156642304,11.333081892516875,0.014838006004158537,,,,,,,,,,,,0.004715206966655647,0.042440135531879725,0.5237828008789241,0.0,0.5237828008789241,-1.1709383462843448e-15,11.907425048028554,145.23290120121555,0.5333386651927873,,,,,,,,,,,,0.027961189142864846,0.14497714850004756,1.5713484026367723,0.0,1.5713484026367723,1.5404344466674047e-15,9.098961315546497,89.62728616962625,1.844134339720431,,,,,,,,,,,,0.3308336879604615,1.0322744475787837,7.856742013183861,0.0,7.856742013183861,9.880984919163893e-15,5.3284567149176025,33.501901271916445,13.539071918611047,,,,,,,,,,,,-0.024034958906398833,0.766122087435918,5.3090909090909095,-5.555555555555555,10.864646464646466,-1.9567680809018384e-15,0.2106972196328468,33.37897169053306,9.57356956462223,,,,,,,,,,,,0.20734354022200582,3.6745602739940573,42.111111111111114,-5.333333333333333,47.44444444444445,2.5368596112684827e-14,10.018335848453331,110.820771440887,45.968249802862736,532.0,39.03299119522728,512.8840220263495,22.646942884776955,95.58011726593693,471301.89892510994,590.7072461004128,6068.240543706841,77.89891233969087,-0.3636565755207463,0.22415621835698424,3.367088607594937,47.3242724713389,584.0,-50.0,634.0,-1.1937117960769683e-12,11.803509799433844,145.0421794209,596.3606291498459,442.0,39.355752443274724,502.95725553255926,22.426708530958333,1052.7918007582975,450381.52897494956,836.5774424753658,117815.27134897107,343.2422924829792,0.45387732790576724,-0.35435334617538994,2.7974683544303796,71.85743264619302,426.0,-397.0,823.0,-1.4228618283596006e-12,2.245045920166069,26.01127426839312,903.9181378863907,1.0
0.0029629065721873274,43.394872452058245,466.26921407076844,21.59326779509689,-4938.7829820239385,450117.45571382454,0.0026891237568471213,1.274301539888422e-06,0.0011288496533588615,0.1992607667178986,-0.8367161432055534,1.899299084735466e-05,0.00023349619856909905,0.0023622670241657223,-0.0006367850508613007,0.002999052075027023,-1.4568966692773966e-18,7.04425800320873,67.85487219456006,0.002925998721431274,0.033687986862008884,32.986697656273755,614.3576143460459,24.786238406544182,3683.870261632234,617296.7787189725,0.021110443721336435,0.00015070203404780576,0.012276075677829856,1.0712852582473846,0.9187852922980466,0.0002159486337308261,0.0019517295052388901,0.01018053278369777,-0.008224796830916314,0.018405329614614087,6.689527404235562e-17,1.3152493515027588,11.600151007660646,0.02452585518078258,,,,,,,,,,,,0.0029517288188338747,0.014646295852720327,0.15132085117392116,0.0,0.15132085117392116,-1.6306400674181987e-16,8.439734821659398,77.1257062354084,0.1860111185115792,,,,,,,,,,,,0.035907275882601175,0.14352209280107495,1.5132085117392116,0.0,1.5132085117392116,3.219646771412954e-15,8.328284574221408,78.44925911664008,1.8419088347182124,,,,,,,,,,,,0.5306114163620506,1.6553437086186182,15.132085117392116,0.0,15.132085117392116,1.1546319456101628e-14,6.37269710163869,47.78380025799975,21.641747772990353,,,,,,,,,,,,-0.06263269162519607,1.2275719043535818,7.320987654320987,-10.7,18.020987654320987,-7.022160630754115e-15,-3.3162224011505796,45.70505922838179,15.303026607010342,,,,,,,,,,,,0.4693949844770631,4.74542454635497,43.888888888888886,-4.1,47.98888888888889,2.786659791809143e-14,7.286016325849728,57.019841841612,59.368382118540836,532.0,38.74208194237823,499.42350965442597,22.34778534115687,99.75783972818058,451458.7684023648,608.9504330252503,14503.677810667818,120.43121609727196,-0.1668992233971571,-0.4145046638230099,3.41025641025641,49.52115214926529,593.0,-107.0,700.0,1.9628743075372768e-13,10.878020854178317,130.21064731206286,619.9838707579415,442.0,40.08005913336575,496.6766177958182,22.286242792265774,-992.7797144144375,441736.3650054183,850.5636659695051,205725.19372226004,453.5693924001707,0.307119004734239,-0.9860908160645315,2.8333333333333335,77.17203835764276,580.0,-328.0,908.0,7.007727731433988e-13,3.3495210524867987,29.333832008280854,964.5278637758475,1.0
0.31825143880593143,44.1012490605981,656.198079701826,25.616363514398877,-2516.8309113072146,746978.7544396523,0.2822603557513201,0.001724471633656541,0.04152675804413994,-0.306587554944675,-1.3161367371257282,0.0018396036925198349,0.021628081528733762,0.27891679419786736,-0.03699496394083044,0.3159117581386978,2.927345865710862e-16,12.257053851072692,157.3505495391844,0.28550016297389835,0.08805912102680957,39.591069903779044,671.3502910992772,25.910428230719717,4524.447850263061,780378.5864903567,0.13679971416311362,0.0012547059992704564,0.03542182941733044,0.37148306863778796,-0.920304385830119,-0.0005090122602705755,0.010712598820315618,0.05376023031423071,-0.11331210652423172,0.16707233683846243,-1.702197410802242e-16,-6.5976365444282505,76.59139254625842,0.1410612065209317,,,,,,,,,,,,0.0033121589331986654,0.019555375070445958,0.25025178264215264,0.0,0.25025178264215264,-1.7954387976359953e-16,12.129818550118246,152.95835819452986,0.2570765630676787,,,,,,,,,,,,0.04440524388986608,0.18422654444259862,2.2522660437793736,0.0,2.2522660437793736,6.439293542825908e-15,10.54858228639644,124.05604269308468,2.45623476501048,,,,,,,,,,,,0.7165147520806288,2.2994924595350192,20.270394394014364,0.0,20.270394394014364,1.5698553568199713e-13,6.601339966200899,48.74613712788606,31.21823033928203,,,,,,,,,,,,0.010022538055626275,1.703064599313455,12.354166666666666,-14.333333333333334,26.6875,-1.0116907311896739e-14,-0.795876284104164,47.49312984963091,22.074622369549935,,,,,,,,,,,,0.11920761360099595,3.9007256544437414,47.111111111111114,-3.7333333333333334,50.84444444444445,3.122502256758253e-14,10.89639505234798,127.78121003958559,50.58278701802779,532.0,42.74191038371368,606.7886002272871,24.633079389862875,136.88613399750787,661296.9933527021,627.9138270394712,27301.10953357531,165.23047398580962,0.6416785727984138,-0.38909181280277144,3.0751445086705202,49.221689326186514,593.0,-129.0,722.0,1.9628743075372768e-13,9.969327210573299,120.62379604576687,648.6724905528213,442.0,42.655049575908215,611.6181699837184,24.73091526781244,178.20825500259593,672293.5469223221,832.6189895793711,102860.16470345484,320.7182013909638,-0.27806964039241394,-1.0732211322272265,2.554913294797688,67.64035838754793,761.0,-112.0,873.0,-4.75175454539567e-13,9.611466181589883,100.05896703116676,890.3044423117296,1.0
24.42705391263347,38.94194246364211,579.5577602832267,24.074005904361382,1899.1584393957837,616275.4453116548,21.305558558412255,5.131213511572828,2.2652182039646487,-0.07417129366905434,-1.4926716351998464,0.1453991304323421,1.6495404476516222,21.186090512888853,-0.22052164975355446,21.406612162642407,3.552713678800501e-14,12.511592614712029,159.40615572214068,21.463385847895143,1.814104694640902,35.55122836669987,540.4287773169492,23.247124065504302,3941.507001533859,580915.0210384736,1.4690188539964613,0.13406096472609536,0.3661433663554419,-0.17117734648846375,-1.4911468286048468,-0.01079824223000537,0.11668783397545322,0.03751125932263324,-1.4339566181298722,1.4714678774525054,-4.961309141293668e-16,-11.327928347312993,134.49876896630548,1.5189093594970224,,,,,,,,,,,,0.0015244759307313602,0.004462974200565961,0.05237828008789241,0.0,0.05237828008789241,9.584347204771859e-17,9.075527543762455,101.73310192443813,0.06076347164207489,,,,,,,,,,,,0.024506432190519435,0.05819914471593871,0.6285393610547089,0.0,0.6285393610547089,8.881784197001252e-16,6.978790852376468,69.28262137444821,0.8136087144852249,,,,,,,,,,,,0.4552871347571375,0.9351361036546303,7.542472332656507,0.0,7.542472332656507,5.551115123125783e-16,4.119387830121108,24.86634913229122,13.400490313193705,,,,,,,,,,,,0.08626299482364924,0.7303708985446479,5.333333333333333,-2.172185430463576,7.505518763796909,7.993605777301127e-15,3.093495943064448,20.653461616895154,9.475577571683912,,,,,,,,,,,,-0.18570032017532787,0.7352777695450304,5.815789473684211,-1.25,7.065789473684211,3.6137759451548845e-14,4.8226083341639345,37.379532483576966,9.770854067677792,532.0,41.56957831734797,578.0266141775479,24.042184055895337,179.50635602955197,597482.2564226285,514.5129090842793,60133.82352848927,245.2219882646931,0.18806628910789383,-0.6825397649882835,3.1666666666666665,43.89335922582108,328.0,-328.0,656.0,3.5083047578154947e-13,1.7774911023407425,48.443491810896525,570.4016129009455,442.0,41.563844388950386,588.7593549477898,24.264363889205704,69.3473601956898,614308.0383872858,876.2976118779675,90047.99541697084,300.07998169983085,-0.2095149825969533,-1.1538625014108446,2.630952380952381,71.00742411921011,796.0,-82.0,878.0,-1.574740338128322e-12,9.783893840083522,101.53557000028115,920.9929424268136,1.0
0.11707297240748486,36.34147362904446,679.663947206365,26.070365306346687,3727.4646954351147,727969.3781395518,0.06154164405960681,0.0009140600865287894,0.03023342664219174,-0.023121142471468115,-0.9133255578630961,0.0006540389519971223,0.005110602980446363,0.048249497999184376,-0.014999217963010103,0.06324871596219447,-3.924811864397526e-17,6.626283135996781,53.04358475558885,0.06893286102891237,0.17283767289331342,38.97700192597432,704.5023380467183,26.542462923525356,2580.923221230965,812856.0703182505,0.12270071255871196,0.002462285570027127,0.04962142249096782,0.41125875373693604,0.15955435511415966,0.0009655735915827566,0.009864978375613677,0.07800918268533015,-0.04130308825112681,0.11931227093645697,-2.5804011705155006e-17,4.377766653678789,36.37640663997566,0.13261513261111504,,,,,,,,,,,,0.0021759681606217927,0.00904181564405115,0.11428337137341173,0.0,0.11428337137341173,-2.688821387764051e-17,11.088749634610222,135.12211663001088,0.12372792878383386,,,,,,,,,,,,0.03486424428120744,0.14118680787839483,1.8285339419745876,0.0,1.8285339419745876,-2.373101715136272e-15,11.710031030759001,148.41083390403404,1.9347903643365845,,,,,,,,,,,,0.6200167271816263,2.2948256231928488,29.256543071593402,0.0,29.256543071593402,-2.9976021664879227e-14,11.138889451453203,138.02406432189844,31.625373243078197,,,,,,,,,,,,0.05636511691112787,1.6799243033599254,20.6875,-3.625,24.3125,2.135791543622645e-14,10.507185127378001,129.39944383017416,22.36251587773619,,,,,,,,,,,,-0.18693890808796096,0.8667613285776384,8.0625,-1.625,9.6875,3.169686735304822e-14,5.72757072496509,49.91425349135252,11.796659697780479,532.0,44.41519591181258,646.6261925986488,25.428845679634158,-123.62708927115825,752662.3038553279,661.7043020718263,70224.69751851368,264.99942927959995,0.6134548881596618,-0.6049554138117049,2.9720670391061454,53.127803131315005,512.0,-319.0,831.0,-5.018208071305708e-13,5.089722780884776,61.607153804697845,711.9129160227394,442.0,43.97788548740393,660.7065788944561,25.704213251808664,65.05770326547656,783552.3788092276,874.6829295212713,99761.8177479071,315.8509422938407,-0.17195218559717912,-0.9240026702080545,2.46927374301676,69.31430241720874,792.0,-143.0,935.0,8.357758929378178e-13,9.62552497593271,102.1665980904102,927.9504297105531,1.0
60.246310581929066,37.721925331921256,481.1669752043417,21.935518576143618,-138.13884452766322,416726.8388468654,61.13538470300018,0.38795722080274997,0.622862120218231,-0.016420187066810876,-1.496233720173945,0.39376673582960176,4.926580134880211,61.12636222966556,-0.8849621145681632,62.01132434423372,7.360778653264788e-14,12.365340470690484,152.93463618091153,61.132768155460354,1.6131533713240056,37.30833315302914,482.72367681201536,21.970973506242625,115.80413716393811,418581.1916290496,1.6292114451718858,0.0006682677498568657,0.025850875224194356,1.1785499408785165,0.7247323444605014,-0.010543486087085005,0.131299320553667,0.013824289669215548,-1.6289495647934784,1.642773854462694,-8.743006318923108e-16,-12.360969983981837,152.86098428077418,1.6293107535208335,,,,,,,,,,,,0.0023205770976006523,0.010772316155069774,0.11639617797309426,0.0,0.11639617797309426,1.1449174941446927e-16,8.752636337077275,86.56697760494156,0.1354090428480076,,,,,,,,,,,,0.028020372336036353,0.10042515105088207,1.0475656017578483,0.0,1.0475656017578483,-3.0531133177191805e-15,7.753577127967442,72.66143544378014,1.2811803880195138,,,,,,,,,,,,0.41454353528597204,1.13846838680485,9.428090415820634,0.0,9.428090415820634,-1.6653345369377348e-15,5.115037176891852,33.15390502758573,14.888299035504863,,,,,,,,,,,,-0.04547707514995517,0.8555174696267275,5.008403361344538,-6.666666666666667,11.675070028011206,3.559652572704408e-14,-1.971870033641176,31.522035305204952,10.527617208338624,,,,,,,,,,,,0.21820185605319492,3.189382358618994,34.333333333333336,-2.111111111111111,36.44444444444445,-1.3877787807814457e-14,9.132250289160142,91.39578745805387,39.2834004866906,532.0,37.672886538242814,477.31136240137494,21.847456657500775,176.8380333459532,409547.01846860436,606.3384961706155,6644.141219451173,81.51160174754986,0.10711676438156914,0.47036299941450055,3.477124183006536,49.29862119634167,596.0,-60.0,656.0,-2.4868995751603507e-14,11.454313701478666,137.9397186779825,611.3051611102265,442.0,37.581457789297104,473.6083676535222,21.76254506379073,-342.31632846065077,399645.5409452766,663.671200629397,72574.81377092421,269.3971302202832,-0.024481534197401605,-0.5405897708258692,2.888888888888889,57.71697403909439,585.0,-165.0,750.0,-1.3136158827364852e-12,7.674023406494784,73.03336962137283,714.8132623280013,1.0
0.2464905578176265,42.66947500171777,651.0061838848965,25.514822826837275,-945.7189793871952,705180.1541823801,0.2181419152757045,0.0012453104069474626,0.03528895587783042,-0.0898552350323939,-0.9197625247824891,0.0014585240107551866,0.016947929925797665,0.21528044185911738,-0.022941055034364242,0.23822149689348163,-2.424276057677588e-16,12.01293235401659,151.5216780687034,0.22113745942080706,0.1725256841921943,35.58388558340109,654.0159203397745,25.573734970468717,3741.9009055822457,696985.3333736301,0.09542257586883952,0.00223968307316271,0.04732528999554794,0.5129699103233774,-0.6397110575382864,0.001020862036640203,0.008169078655419363,0.08144352649448866,-0.031841786868243765,0.11328531336273243,5.551115123125783e-17,6.303913351826845,60.31133156332066,0.10702403892860529,,,,,,,,,,,,0.00404178672079163,0.019178453044457058,0.15839191898578664,0.0,0.15839191898578664,-6.245004513516506e-17,6.432843268890513,42.81329645889778,0.25252475280340064,,,,,,,,,,,,0.039523975548810306,0.1541690360770637,1.4259012777646083,0.0,1.4259012777646083,2.3592239273284576e-15,6.6049001208906155,48.93727680084551,2.0505655879456532,,,,,,,,,,,,0.5002785999653261,1.5691489748169276,15.684914055410692,0.0,15.684914055410692,-3.9968028886505635e-14,6.649332734024893,55.850682744683326,21.219712352830797,,,,,,,,,,,,-0.07784452747841211,1.1619784081117024,4.235714285714286,-11.090909090909092,15.326623376623377,-9.270362255620057e-15,-5.534550792312922,52.108561285213895,15.004602499514606,,,,,,,,,,,,0.07359831614213076,2.204917177012843,22.0,-5.5,27.5,-1.0483280910023041e-13,7.0930629239490655,63.47920114463821,28.42419205461766,532.0,41.922570289285794,582.1995127964016,24.128810845054126,57.6919802793092,609624.6456632842,612.5746437240438,19310.27015207521,138.96139806462517,-0.06175453347278238,-0.544413525521884,3.1479289940828403,48.17517970384655,593.0,-122.0,715.0,2.6645352591003757e-14,10.915725689408164,134.4054747972553,627.6129380438233,442.0,41.81957240568466,576.0890857367577,24.001855881092983,-313.53068494757224,594336.4176359774,821.8527208010131,47186.01007387725,217.22341051064743,-0.1781365715430163,-0.19375216788212177,2.6153846153846154,65.19665290715368,785.0,-133.0,918.0,-1.510791491909913e-12,10.384411173926708,123.96237910979475,848.2381740997041,1.0
0.10961884539467297,38.10541431512554,481.4095436992573,21.941047005538667,-1433.6230332289365,439955.20930975105,0.08014623683499913,0.0003752695954918763,0.019371876406065476,-0.7719834054469998,-0.22064606590647495,0.000725952618507768,0.006687769030138526,0.0774457695981827,-0.009382435026525951,0.08682820462470865,3.382710778154774e-17,10.386997254116427,116.59997257344229,0.08266342923279046,0.1060886487850396,35.93792682418176,472.0811343846727,21.727428158543585,-1411.7158777815894,358865.4208411133,0.06502481044795275,0.0007923726095574594,0.028149113832542923,0.03505956798616456,-1.1855766111568429,0.0007025738330135073,0.005747069271030184,0.05754342264508427,-0.021010298395252962,0.07855372104033723,-4.423544863740858e-17,6.868998822995067,67.2123285840868,0.0711469232976736,,,,,,,,,,,,0.0037824913558683775,0.02044270977123149,0.20716018980074635,0.0,0.20716018980074635,9.540979117872439e-18,8.156655409150167,72.3822010787863,0.2537706285675219,,,,,,,,,,,,0.03833818166817955,0.1615983582421867,1.6572815184059708,0.0,1.6572815184059708,-2.1371793224034263e-15,7.951955102719091,71.98199468353143,2.02731176400392,,,,,,,,,,,,0.4955172120721251,1.4892355643226092,13.258252147247767,0.0,13.258252147247767,-2.2093438190040615e-14,5.719605511731347,40.54046176857049,19.158304234768483,,,,,,,,,,,,-0.057743585004304265,1.108307545378246,5.008403361344538,-9.375,14.383403361344538,3.519406988061746e-14,-3.7975594032252085,38.56929427398579,13.546966840439746,,,,,,,,,,,,0.27403347025318314,3.660819052547424,35.77777777777778,-2.8333333333333335,38.611111111111114,-2.1094237467877974e-14,8.28009788232802,72.6062734400386,44.811012946246436,532.0,37.33437919083353,462.37858085740817,21.50299004458236,29.005226271508036,385433.2396874548,606.274791820091,9076.890136838821,95.27271454534515,-0.29782325668904125,-0.44928751849328497,3.5231788079470197,49.77776232097284,596.0,-75.0,671.0,-1.0098588631990424e-12,11.254413392405224,134.42923243509063,613.2095889661217,442.0,37.17822319069963,461.6799539940362,21.486739026526017,-237.0351221194359,378381.2964415957,701.3105947352501,73890.18304542312,271.8274876560925,-0.3250402295337226,-0.3540499535236663,2.9271523178807946,61.00592733527113,593.0,-213.0,806.0,1.311839525897085e-12,6.9157816077903815,63.86383495166515,750.5158226180179,1.0
0.09196027155242534,30.138665006174712,442.9131305483522,21.0455014325711,4660.911405910066,445740.58950146916,0.05736436503198987,0.0005140849694628795,0.02267344194124217,-0.06186710710984728,-1.447376632457221,0.0005783664877511025,0.00487634907383127,0.05747791483563707,-0.0016920984110731887,0.05917001324671026,7.37257477290143e-17,10.489457455365208,118.59073738887213,0.06191940572516332,0.07530684573154003,44.38400213113806,528.2924947004772,22.984614303931167,-4781.387606139672,536863.3667982877,0.06326167714154075,0.0004258146968796866,0.020635277969527976,0.3099638384940859,-0.8598127846989753,0.0004736279605757233,0.005260512894490698,0.031504074851298,-0.04823744980110734,0.07974152465240533,-2.482822974991805e-17,-3.1603553214063838,54.445556854848206,0.06660085418329549,,,,,,,,,,,,0.00828406800451508,0.07907294011697914,0.9951873216699556,0.0,0.9951873216699556,-8.638922910364499e-16,12.426148233520301,155.49597697242612,0.9993710979153829,,,,,,,,,,,,0.04802199744695325,0.24868127032695153,2.985561965009867,0.0,2.985561965009867,-1.9845236565174673e-15,10.75175108191171,124.75356530441549,3.183623856415047,,,,,,,,,,,,0.5511613867071951,1.3875867480313768,9.899494936611665,0.0,9.899494936611665,-4.418687638008123e-14,4.74946088306406,25.871814966596624,18.767253008537686,,,,,,,,,,,,0.04455848885828194,1.0547997297237575,7.0,-4.8,11.8,-3.191891195797325e-15,3.3002269736634475,24.548091974612298,13.270451866580633,,,,,,,,,,,,-0.09125754079097428,3.7571891039310787,34.2,-27.76923076923077,61.969230769230776,-6.411537967210279e-14,2.5303312827294886,62.16222040185909,47.24106337106575,532.0,39.1356779965191,514.565844962538,22.684043840606066,59.58507230655852,476182.3036696454,602.7772954105498,15160.013150201188,123.12600517437893,-0.17009294343257506,-0.47172289075537943,3.3459119496855347,48.63676009946997,588.0,-84.0,672.0,1.9895196601282805e-13,11.038066967015272,132.67810749107986,614.7357155721473,442.0,39.55522053332962,522.9222007635086,22.867492227253706,-288.6082437313673,482672.42114341975,894.5684835570927,182861.63328965506,427.62323754638857,-0.15995858551498685,-0.8449976248217025,2.779874213836478,78.38508777114332,708.0,-361.0,1069.0,-1.1191048088221578e-13,5.4729997873102425,50.36001653596517,989.0197166892074,1.0
0.14665122433760433,36.83948195002554,490.3201446717494,22.14317377143009,180.31858037490744,430162.4252687947,0.12906088912436214,0.0001277685001254365,0.011303472923196504,-0.4115428886552915,-0.7294167247574872,0.0009461369312103503,0.010372480533144308,0.12865960396606207,-0.003868699784070446,0.13252830375013253,-9.90960785651751e-17,12.172527351823385,150.1330120153247,0.12967245953930964,0.033146058741527776,38.07501428935831,478.27248720196013,21.869441858491957,1621.8467055156532,400347.0974899573,0.08353483559037571,0.0004551519807592531,0.021334291194207815,-0.6611477238698369,-0.24816445437442136,-0.00021384554026792114,0.006902671046843968,0.02571084909746352,-0.0794296911197249,0.10514054021718841,1.6859343782149594e-17,-9.461316319422139,113.96894532867893,0.08597879164005924,,,,,,,,,,,,0.004131351394819241,0.023572404011076055,0.20563324775246655,0.0,0.20563324775246655,1.3357370765021415e-16,7.912664868928916,63.83190000459137,0.29504982099934957,,,,,,,,,,,,0.03981748143040898,0.1817439764666507,1.850699229772199,0.0,1.850699229772199,-1.124100812432971e-15,8.279147368270445,74.60951081028267,2.2938348526047965,,,,,,,,,,,,0.5101632542769869,1.7075264862440815,16.65629306794979,0.0,16.65629306794979,3.552713678800501e-15,6.850720594547991,56.76642212224876,21.971317975497332,,,,,,,,,,,,-0.0680077188621673,1.2583050400419353,6.208333333333333,-11.777777777777779,17.98611111111111,3.114175584073564e-14,-4.794699741038934,54.1584447000812,15.53606793208005,,,,,,,,,,,,0.48549685758292366,6.279555325795166,63.5,-18.157894736842106,81.65789473684211,4.18554080283684e-14,7.926107890323393,74.3368372914561,77.65059811645817,532.0,38.35307136539491,488.39035523900077,22.099555543924424,39.838070522668694,430552.32006199076,609.0203171865298,12228.123383888818,110.58084546560863,-0.09069089207096642,-0.10324681078346794,3.432258064516129,49.55687763275239,596.0,-106.0,702.0,-2.1049828546892968e-13,11.08296457269352,133.3730925725988,618.4561423415569,442.0,39.035366362184654,486.79583405266004,22.063450184698223,298.01794177922176,422849.8710352085,758.2681904905643,147512.1175239317,384.0730627418847,0.2522125065151025,-0.7220240716800302,2.8516129032258064,68.05223738810913,522.0,-345.0,867.0,-7.531752999057062e-13,3.82337640132616,34.74351068185899,847.9870282026725,1.0
3.7767600654555,37.79703429946517,562.9550288246514,23.726673361949658,2291.4480624918647,586896.2443466081,3.1627082628439847,0.18101252794313782,0.4254556709495571,-0.03330990338779635,-1.4753151708862413,0.022751566659370486,0.24720546676967123,3.141794907918804,-0.0014327863124087336,3.143227694231213,-8.118505867571457e-16,12.286858730688122,154.4956142918391,3.198480469429232,0.3034681030579491,44.74687334740285,561.3388001559481,23.692589562053957,-2498.9979193990134,587705.395778159,0.3933491227956976,0.004497283847080855,0.06706179126060424,-0.16966961492979266,-0.7139060191819293,0.0018281211027587297,0.030812447819783692,0.3884740856825993,-0.06808774259879892,0.4565618282813982,-3.5214886562329184e-16,11.936457954305881,151.0751842991309,0.3976887332960268,,,,,,,,,,,,0.005617126392791221,0.03487260356629764,0.41902624070313926,0.0,0.41902624070313926,6.062858548538941e-16,10.647883422586084,122.95029761509333,0.45096235531358236,,,,,,,,,,,,0.05207739586063809,0.22254999377580154,2.5141574442188355,0.0,2.5141574442188355,-2.1094237467877974e-15,9.04135285104573,93.96932849508012,2.9180833516103157,,,,,,,,,,,,0.655810012752112,1.893476700531808,15.85407835712996,0.0,15.85407835712996,-5.240252676230739e-14,6.383792154992339,46.33505021071435,25.583208330662693,,,,,,,,,,,,0.08153259939991614,1.4145751409439045,11.210526315789474,-10.666666666666666,21.87719298245614,-1.4710455076283324e-14,-0.10538183342554933,44.44802835509115,18.090060095119764,,,,,,,,,,,,0.2218689108710956,5.062561033185764,59.5,-6.526315789473684,66.02631578947368,8.440470544712753e-14,10.48114574776725,118.4562455956033,64.6964933718958,532.0,41.806065642649045,568.2570658235747,23.838143086733385,1085.7706150929675,581556.9275525946,508.46855381225373,60501.0550852801,245.96962228145188,0.12637881137764234,-0.6559996886045993,3.2048192771084336,43.62718811749887,350.0,-333.0,683.0,8.704148513061227e-14,1.0702170368683805,47.48966029373431,563.6115683695642,442.0,40.976760072425556,568.2131066067658,23.837221033643285,128.147328653185,587351.1928504203,872.3710295712442,155616.40122263905,394.48244729346203,-0.43046932802241683,-0.866813035614544,2.6626506024096384,74.26812011397239,788.0,-249.0,1037.0,2.6201263381153694e-13,7.806658075897503,79.33794869515415,957.492558717821,1.0
0.3422894611238384,36.845739963002956,590.5010996241383,24.30022838625469,3704.142504986846,687872.1008532554,0.22184416834532197,0.004233034500867865,0.06506177449830172,-0.24651259898116634,-0.5911201728930958,0.0019229745006957217,0.017318780211664497,0.21490377803481003,-0.009684427346073325,0.22458820538088337,1.3227266504323154e-16,11.094670167079379,131.6085400145857,0.232481311621273,0.04080298114958409,47.19319897618795,669.3095147083585,25.871016885858168,-1674.9470032310996,769375.5545902733,0.16927811882743185,0.0011747209034793107,0.03427420171906723,-0.971203641598575,3.5685012061655943,0.00022923023117743898,0.01289556493437099,0.1414267050247169,-0.06862552771966882,0.21005223274438573,6.830473686658678e-18,6.340542530913529,85.62818614694002,0.17207547525034683,,,,,,,,,,,,0.0014164324057916362,0.00251950359041815,0.019773128245078743,0.0,0.019773128245078743,2.8796409701215e-16,2.8606471188994576,14.972613148764468,0.03812646277589034,,,,,,,,,,,,0.0257412047131104,0.05483789193851049,0.5734207191072835,0.0,0.5734207191072835,-3.5561831257524545e-15,6.035690954087857,56.2898062300114,0.7990906695410174,,,,,,,,,,,,0.535348109000371,1.52545699908363,16.62920085411122,0.0,16.62920085411122,-2.55351295663786e-15,7.910265626768825,76.32969103545634,21.325320578416886,,,,,,,,,,,,0.058797964250886695,1.1416440453712833,11.758620689655173,-2.722689075630252,14.481309765285424,-3.332056852656251e-14,7.128275093086223,68.34288725894781,15.079278791975607,,,,,,,,,,,,-0.16261830192965226,1.0590324724994202,12.123076923076923,-1.2,13.323076923076922,2.398081733190338e-14,9.121778732156523,104.64713612200903,14.133330861758797,532.0,44.15935723456801,640.8267211766093,25.314555520028577,-20.983607575558686,738556.8942684837,581.3715094767949,83145.39268777415,288.34942810377504,0.09952174798701216,-1.109204569736305,2.9887640449438204,48.59509254874111,419.0,-324.0,743.0,-1.056932319443149e-13,3.771619644760515,53.426322116248286,649.5644694716607,442.0,43.79300326649266,654.7456667927435,25.587998491338542,2.0079904459353797,768136.6814869051,864.8427896235286,96074.11777551874,309.95825166547627,-0.2560973831998055,-0.9361648184858283,2.4831460674157304,68.8274364485545,788.0,-128.0,916.0,-2.4868995751603507e-14,9.794026677838762,104.09300091081609,918.8699581551243,1.0
2.41298625029523,9.435915201212165,46.664613511903184,6.831150233445549,-0.9950264221400651,2990.0018073534925,1.3826069220346011,0.4659071772623006,0.6825739353815824,-0.34667385097486375,-1.1760082077048342,-0.05885332317793246,0.23785223183911014,0.0028159631536101067,-1.1373097331562885,1.1401256963098987,2.220446049250313e-16,-4.329521366857269,17.705836969969653,1.5689274398254403,0.17351397334954954,9.905247609791378,40.205672556415955,6.3407943158894495,-36.9311048880793,2534.0296517965385,0.07546039748319325,0.000764534227151952,0.02765021206341738,-0.095302382095854,-0.82168838012099,0.004232048130476818,0.012397161325663486,0.05519826031600997,-0.012659953352811145,0.06785821366882111,1.5612511283791264e-17,3.070587610907195,9.787439159640842,0.08387844450656647,0.11354636322257558,9.147555726212174,35.47252271048581,5.955881354634745,16.874666598391382,2073.9639428774294,0.047657529503939325,5.1645040527705226e-05,0.007186448394562173,1.9756455934745094,4.231159463176812,0.002769423493233552,0.007434641105977803,0.048498407488789266,0.0,0.048498407488789266,-7.979727989493313e-17,5.886260357485343,36.35108478446684,0.050800466427409124,1.5311824065135575,8.457290059476488,35.284376539768864,5.940065364940765,50.5030672002182,2147.059770790026,0.4267029911437169,0.014747842513998475,0.12144069546078232,2.0642857095466947,4.156990521582367,0.0373459123539892,0.0684359620970565,0.4364856673991034,0.0,0.4364856673991034,-1.8041124150158794e-16,5.024106669130205,28.829529449349224,0.49920548993952935,24.08399400750021,7.048880991256416,30.111017941863686,5.48735072160179,89.39423381370308,1835.1454190941522,4.07080133142586,5.281666531152107,2.298187662300907,0.6924546451278724,0.881691452683363,0.5874144879878103,0.7211117401944702,3.9283710065919304,0.0,3.9283710065919304,-8.43769498715119e-15,2.732467312569499,10.247091864659502,5.955449170660043,7.65364829121709,6.3899059428841705,33.532693591563905,5.790742058800746,123.44273120608788,2387.745315901388,3.2479030153916755,6.163697295930055,2.4826794589576107,2.163813830486701,5.4482528941548285,0.18667434856627046,0.6306200511080323,2.7777777777777777,-0.8666666666666667,3.6444444444444444,4.829470157119431e-15,1.7434479869620725,5.964508441538831,4.2111384935855165,6.415350641031352,7.626075707765912,38.17332474286093,6.178456501656456,108.09372473099693,2637.4029328660918,1.4940541221647765,0.8799586659842836,0.9380611206015755,0.6356256218171779,0.022889133803143214,0.15647196685442322,0.27213026528404705,1.2222222222222223,-0.8666666666666667,2.088888888888889,1.7763568394002505e-15,0.31527535118510697,9.156295455081207,2.0099932003589362,216.0,9.084145978950481,35.41554948133934,5.951096494036989,2.034837386848409,2283.3119772876826,120.22779933861572,1643.976266193562,40.54597718878609,0.6182402432806111,2.3639392269501176,5.2682926829268295,19.572285520595255,116.0,-15.0,131.0,-2.469136006766348e-13,4.5573245368491415,25.269101087895837,129.78443666326098,32.0,8.88070451864841,34.56763185310756,5.879424449136799,25.845396822755546,2091.9898134619825,81.7768807309953,183.14177790855877,13.532988506185866,1.4254169306952977,1.2140059003055539,0.7804878048780488,12.786258239299187,11.0,-78.0,89.0,-2.19824158875781e-14,-5.888427242126399,36.6334090225865,82.02438661763951,0.0
0.003312877458455591,39.3640218987078,520.9358687347708,22.82401955692228,-2828.7085490763757,432615.7942363636,0.004764030775057553,4.406344753565673e-06,0.0020991295228178926,0.24951425681126282,-0.4077426909530338,2.2847430747969587e-05,0.00043084056840911826,0.004047217243415714,-0.0017416436014632691,0.0057888608448789835,-5.976664475826343e-18,6.004380912350144,59.63450353679733,0.005195297110795193,0.038268088002905425,31.3697323120637,492.577930288096,22.194096744136626,3127.345657619164,401731.32387282304,0.022769564142807792,0.00013553354055758404,0.011641887327988707,0.3843672360002076,-0.7172163930306534,0.0002639178482958996,0.002116399576792211,0.016478142922662795,-0.005948099908981109,0.022426242831643906,-3.664603343001005e-17,4.330334835806537,29.87732734464057,0.025682211176178544,,,,,,,,,,,,0.5210171087270468,6.127840464640833,73.53910524340094,0.0,73.53910524340094,4.618527782440651e-14,11.956499094547878,142.97153131697718,73.54270817040694,,,,,,,,,,,,0.5646851201802654,6.131575368952481,73.53910524340094,0.0,73.53910524340094,4.8405723873656825e-14,11.914040974099855,142.26831723626137,73.63326196756458,,,,,,,,,,,,1.077787121723272,6.346333399799939,73.53910524340094,0.0,73.53910524340094,-2.7977620220553945e-14,10.66721616805577,120.43808879896554,76.97774286290255,,,,,,,,,,,,0.2678121485696174,4.543903938648231,52.0,-12.8,64.8,-6.694644838489694e-14,10.259825663810572,119.15893927493275,54.431483978792755,,,,,,,,,,,,1.223502833722472,9.24539678392521,77.0,-3.656716417910448,80.65671641791045,6.084022174945858e-14,7.041357976953118,50.71919324247406,111.52276846149765,532.0,35.86837093417874,423.87294855115283,20.588174968927014,-41.832339725847724,324289.30508159765,601.2797323912216,9819.877859985303,99.09529686107865,0.059468880881064265,0.47234554648827803,3.668965517241379,50.43234528211038,590.0,-64.0,654.0,-4.2721381987576024e-13,10.926238884707848,127.4423609205929,608.890794806425,442.0,35.79280309985643,431.43584861218534,20.77103388404596,22.547707454143747,331144.96501044626,797.3589148734814,120825.39976067303,347.5994818187637,0.14860811334006593,-0.7435282522014894,3.0482758620689654,71.98604568171127,436.0,-348.0,784.0,-1.0009770790020411e-12,2.707757967983656,24.005324012698487,867.6035961197948,1.0
26.26038982744344,41.38918262342012,558.7290496412294,23.637450151004643,-683.9551862545871,563650.6728069037,27.642031349782698,1.139450156602637,1.0674503063855652,-0.05450409488856919,-1.6758875451618707,0.16012432821611855,2.152884165437814,27.605206760474942,-1.5011890841907845,29.106395844665727,-2.8754776337791554e-14,12.746126826778967,163.0052051134655,27.646522475093317,1.6065689495011075,39.77638990165094,561.5116214387084,23.696236440386656,157.90081550615517,568288.5490408253,1.4173389918712422,0.005818262274977662,0.07627753453657021,0.3717138351238345,-0.9846116823912028,0.009796152131104314,0.11054384627397548,1.414528367994206,-0.028065017006302012,1.442593385000508,1.7590096046404824e-15,12.63136641904031,160.90207257547596,1.4211997303270518,,,,,,,,,,,,0.001718435175857268,0.003770739171993204,0.037653436098183654,0.0,0.037653436098183654,2.5413698923060224e-16,5.856227796325219,50.71864157705422,0.05290513601875434,,,,,,,,,,,,0.030360312594441503,0.06946496667548228,0.7530687219636731,0.0,0.7530687219636731,-4.503342143635791e-15,7.150509678739954,71.42287280365817,0.9678751049063455,,,,,,,,,,,,0.6348371878934027,1.6081967984896308,15.061374439273463,0.0,15.061374439273463,2.0872192862952943e-14,6.1346961353789125,47.04253664096607,22.073929809668403,,,,,,,,,,,,0.11141325624948001,1.21747471646611,10.65,-4.179245283018868,14.829245283018867,1.6042722705833512e-14,5.061852543508045,41.41691938311681,15.608625455852405,,,,,,,,,,,,-0.151462480641393,1.2857166193185592,11.686567164179104,-3.5377358490566038,15.224303013235708,1.6653345369377348e-15,6.19717186078323,51.128169836214425,16.528439782451922,532.0,40.856911251730665,479.8272489157812,21.904959459350323,60.51761027244025,449531.5826658234,664.7079061599909,123524.86290303495,351.46104037721585,0.26546564857611127,-0.9355233571700493,3.2439024390243905,58.66223303600838,484.0,-443.0,927.0,-4.5297099404706387e-13,1.3266074185044936,49.1703553861646,752.3908558721324,442.0,40.38932020090734,523.6341359053177,22.88305346550844,154.22474511981528,512843.13837407244,955.9477050286846,163800.49744551344,404.72274144840617,0.1341029452076311,-0.7817042004820702,2.6951219512195124,80.73710559654118,783.0,-375.0,1158.0,-1.1368683772161603e-13,6.298531414426652,61.71994187883552,1034.5153454637586,1.0
0.0006045076317436599,36.26301969720545,452.4373565250521,21.270574898790397,188.15765015365017,361636.00090140733,0.001537477965492838,4.5413064695428227e-07,0.0006738921627043027,0.20441303758752039,-1.0258601442788686,4.112296814582719e-06,0.00013798351679204058,0.000977552377209797,-0.0009602632777163245,0.0019378156549261214,1.7550522667109103e-18,1.4631267794096237,39.26494092996693,0.0016737040353761476,0.020953952770340005,35.060631747667024,449.37400652010547,21.198443492862996,1200.4672168670857,362368.39927626244,0.02731450796528266,0.00010232939495952434,0.010115799274378884,-0.17621288769461677,-0.7653949939084699,-0.0001425438963968708,0.0023942110340485507,0.005567737133652412,-0.02331776434580068,0.028885501479453093,-1.2522535092207576e-17,-6.205496461247496,60.116627593122075,0.02907966798263166,,,,,,,,,,,,inf,,inf,0.0,inf,-inf,,,inf,,,,,,,,,,,,inf,,inf,0.0,inf,-inf,,,inf,,,,,,,,,,,,inf,,inf,0.0,inf,-inf,,,inf,,,,,,,,,,,,inf,,inf,-15.5,inf,-inf,,,inf,,,,,,,,,,,,-inf,,39.27272727272727,-inf,inf,inf,,,inf,532.0,36.319598593976636,435.9069489353334,20.878384730034394,57.51501611773191,340898.08193959924,649.0879595273555,56751.64271442246,238.2260328226587,-0.15274777361195604,-0.7921667037339201,3.619047619047619,56.83336824464786,591.0,-155.0,746.0,5.568878691519785e-13,8.005620390272412,80.83074576904912,690.4636123649095,442.0,35.863065737722515,425.4387352723212,20.626166276657454,-123.8608155445096,309986.54219708615,1075.3097593074194,323448.16811356234,568.725037354223,0.5883062053207975,-0.15788884513724233,3.006802721088435,99.9888767009965,480.0,-686.0,1166.0,2.2470914018413168e-13,-0.5216402786820526,23.597089687798412,1212.8487127420303,1.0
2.0590257374386307,39.33218890047131,520.7455915035998,22.819850821238948,-230.92828964624326,488188.1320656482,2.0673377282574816,0.00107846573153523,0.03284000200266787,-0.11305552580384766,-0.95122398650734,0.013031808464801464,0.16394630921837863,2.06675675345978,-0.04261710942708592,2.109373862886866,-7.598088824778415e-16,12.560098528670512,157.83819045176966,2.067273279814322,0.039888446020968284,38.29862365637014,525.8614993086494,22.931670225010855,-81.0104293337595,482536.90366100176,0.26809082708170473,0.014204614973778359,0.11918311530488855,-0.41240251385692883,-1.0422495969422338,-0.00025245851912005245,0.023340385576360468,0.1728851332829569,-0.23422884908199618,0.4071139823649531,4.6458063091003865e-16,-3.8283223626650438,82.71501213368579,0.2934012590239075,,,,,,,,,,,,0.007102033509884083,0.04090140752491194,0.4198446513295126,0.0,0.4198446513295126,-4.952635523913784e-16,8.272055242085962,74.52525175003582,0.5185024462132579,,,,,,,,,,,,0.05576022081973081,0.23551719719810052,1.7316900763752183,0.0,1.7316900763752183,6.38378239159465e-15,6.492400943631037,42.78081099644637,3.0229287412538537,,,,,,,,,,,,0.6247609325052363,1.9465775018257454,18.127646572236948,0.0,18.127646572236948,5.81756864903582e-14,6.426210353215352,49.4373137299504,25.534299876249552,,,,,,,,,,,,-0.12799313585917946,1.4399176552401916,4.4148148148148145,-12.818181818181818,17.23299663299663,-1.1129985821867194e-14,-5.684384193419712,46.24625459924547,18.05547659534688,,,,,,,,,,,,0.27397045076917254,4.432283205845549,46.857142857142854,-6.742857142857143,53.599999999999994,2.5701663020072374e-14,8.64592660081992,83.71679270132964,55.4648564322992,532.0,39.32515082973226,516.840427769074,22.73412474165377,123.5759916295911,480144.0251800403,623.0438719119413,24438.10582487516,156.3269197063486,0.04165365835511597,-1.0046262338249252,3.367088607594937,50.844059736719935,596.0,-141.0,737.0,-1.2079226507921703e-12,10.059179393643925,118.25846632655981,640.4998048399391,442.0,39.130553456986625,503.1132491647213,22.430186115249274,-429.0893635607397,449852.29439249344,800.796729033262,111268.39623798267,333.56917758987066,-0.4401464409688137,-0.4121920485219277,2.7974683544303796,69.01382722339889,696.0,-236.0,932.0,-1.6502355038028327e-12,7.025535240219447,68.5695397919705,868.2027412995193,1.0
5.257029797165844,40.583395260229025,603.3458198211426,24.563098742242246,1050.328324726268,656939.3904089958,4.7584596101294245,0.07720357578996077,0.2778553144893233,0.25231966725989924,-1.1494183422027147,0.03092370468921085,0.3646566017060378,4.755401555772611,-0.009411008708831874,4.764812564481443,1.6653345369377348e-16,12.91170009521619,167.67257503130205,4.7716057208779645,0.8150915243338124,42.98238741840796,564.4763659888258,23.75871137054419,-933.4721948276281,619124.0598793421,0.7899075485152622,0.010989672311796747,0.10483163793338701,0.3314163110875336,-0.8289154376595024,0.004794656025493012,0.06093371903234173,0.7826312947374523,-0.08920728146634258,0.8718385762037949,6.904199434387692e-16,12.344682626786527,157.9091246325041,0.7969342275605777,,,,,,,,,,,,0.0012426464713218253,0.002140890112731329,0.006905339660024878,0.0,0.006905339660024878,-2.45029690981724e-16,1.3220677016470028,0.0880712631573175,0.03198915412274993,,,,,,,,,,,,0.02198209366804889,0.03758627702470207,0.18377707961634224,0.0,0.18377707961634224,2.5916768731093498e-15,1.4708142577871801,1.2760404407836599,0.562691825652038,,,,,,,,,,,,0.4676507443204143,1.0500813759406409,9.372631060433454,0.0,9.372631060433454,-9.237055564881302e-14,4.937439101505445,34.47928061006884,14.854914175620747,,,,,,,,,,,,-0.05219347777758932,0.811147272853639,4.024096385542169,-6.627450980392157,10.651547365934327,-1.847827446610495e-14,-2.0753953023076046,29.925773019927128,10.504010547525603,,,,,,,,,,,,-0.2100455945360445,0.7247090073383757,6.046511627906977,-3.9215686274509802,9.968080255357957,-1.404432126150823e-14,2.9712013585421335,36.272993464118095,9.7507345167392,532.0,42.65631130534172,600.7102081090251,24.509390202716695,78.06421354089166,651559.020020035,622.3935031944927,77542.63306363982,278.4647788565725,0.6234856244768552,-0.06035866648200384,3.1294117647058823,51.62962857422879,429.0,-338.0,767.0,3.6859404417555197e-13,3.36576555394604,47.332389425764916,674.4034400861253,442.0,42.06164731123734,602.4213174351527,24.544272599430457,85.04881651625443,649466.1531659161,875.4603362064619,106161.29384691564,325.8240228204723,-0.1647041338446305,-0.7925690496224163,2.6,71.09880449065237,780.0,-200.0,980.0,-1.1892709039784677e-12,9.000812515299755,92.56640956053081,927.6346263481113,1.0
0.0009999842723685275,41.414045646728084,521.930052248096,22.845788501342998,-1507.4531815707844,466939.9524235722,0.0009672665299416031,9.605643807735201e-08,0.0003099297308703249,0.012814635337105787,-0.858025990079613,6.410155592105945e-06,8.082318255826334e-05,0.0009101053329264902,-0.00015160791705926547,0.0010617132499857558,5.776764700274328e-19,9.391415399373798,102.36024276449714,0.0010126511747070536,2.403509902137741e-05,37.02173241280973,499.38460067849707,22.34691479105107,1434.7759959245122,440410.9918458121,0.012838755003321446,3.542802911125019e-05,0.0059521449168556196,0.5318331835557577,0.3383325324629464,-1.5407114757293211e-07,0.0011276243994988917,0.005201543193762833,-0.005196229132417988,0.010397772326180822,-3.83642397635154e-18,-0.27103039934682094,11.579480859628834,0.014084024367096618,,,,,,,,,,,,0.0021317563842922177,0.010352643732443797,0.11833611427264581,0.0,0.11833611427264581,-4.466912950640278e-17,9.6295268063931,104.88673498729004,0.1307417587556873,,,,,,,,,,,,0.026826634129168043,0.09991605456832729,1.0650250284538123,0.0,1.0650250284538123,-3.226585665316861e-16,7.9255680199542144,77.16168208688359,1.2796646426536056,,,,,,,,,,,,0.42703893906385204,1.4384809818909743,13.01518419121489,0.0,13.01518419121489,-7.549516567451064e-15,6.386653636549671,48.27953474833341,18.5605290329515,,,,,,,,,,,,-0.03011787011313503,1.0606072832435394,9.203125,-6.777777777777778,15.980902777777779,1.3149203947904198e-15,2.4488422731373345,47.68379980524415,13.124275941609797,,,,,,,,,,,,0.418371640121427,4.323539221938277,37.55555555555556,-5.086956521739131,42.64251207729469,2.2648549702353193e-14,7.085598642654236,52.642988181528885,53.729023940819694,532.0,38.787574497308974,499.44990799526664,22.348375958786505,127.13493837941344,451017.83750153397,598.0297691412454,9589.061887535476,97.92375548116746,-0.09352997601168571,0.1894428778596022,3.41025641025641,48.359480786972405,589.0,-61.0,650.0,1.9628743075372768e-13,11.488053256531222,139.34228407262847,605.5097026472821,442.0,38.677386345481686,501.35778158664795,22.3910201104516,4.86153569214446,441018.4865665238,760.6392894936515,142626.79435551612,377.6596276483841,0.5079980940451669,-0.41008810705494353,2.8333333333333335,67.86060687771626,421.0,-351.0,772.0,7.007727731433988e-13,2.5454478177679314,25.980036154961063,848.3171576715869,1.0
0.04639391366156076,39.95453845856026,628.3942787372772,25.067793655151966,-2813.204636817352,629700.9946276357,0.029663684284822724,0.00013189279273563616,0.011484458748048867,-0.7849142215269277,-0.34381809543915537,0.000288160954419632,0.0024991207380431054,0.024071645927431537,-0.008287109267179142,0.03235875519461068,-7.708677446371937e-17,7.165335864751095,63.44506547254727,0.0319203889862583,0.08410699060903454,36.59724190454745,540.7945986046386,23.25499083217705,4737.7733271546285,547048.8247418964,0.053852007030590676,0.0005207435623175614,0.022819806360211765,0.14723058552895116,-1.0749720574719117,0.0005224036683790966,0.0045951196964547575,0.03831030630860842,-0.029724154595056774,0.06803446090366519,1.5829351718288365e-17,2.0476204732906433,39.719901797446795,0.05868111220328637,,,,,,,,,,,,0.003043199075373188,0.01574164266912096,0.14018443475418432,0.0,0.14018443475418432,2.1033522146218786e-16,7.317281688371304,55.050048240594975,0.20153297292620242,,,,,,,,,,,,0.03141037944628642,0.12697879815937055,1.131370849898476,0.0,1.131370849898476,1.2420620087993939e-15,7.181841052631259,55.54434461447873,1.644206764611842,,,,,,,,,,,,0.4234681099661699,1.2702878378726985,11.313708498984761,0.0,11.313708498984761,3.042011087472929e-14,5.796293268859684,41.0512384065094,16.831135319118797,,,,,,,,,,,,-0.04965527071099737,0.9455223792663123,4.8429752066115705,-8.0,12.84297520661157,-1.2240208846492351e-14,-3.666179414488451,39.06981429443718,11.901409919217308,,,,,,,,,,,,0.11671700782113362,2.9185973323102923,32.714285714285715,-6.083333333333333,38.79761904761905,1.0519363158323358e-14,9.468279332419243,101.6369889617999,36.71552332729564,532.0,39.82932304858788,526.1144701692886,22.93718531488309,7.132463648579439,499083.46076026355,596.2874303695472,8470.43788328239,92.0349818453961,-0.2824229670305642,-0.5939808937812303,3.3043478260869565,47.40260279017094,586.0,-80.0,666.0,-3.7569947153315297e-13,11.618656042604494,143.35204850478254,602.9311735181719,442.0,39.805960233407724,525.8929243063246,22.93235540249463,-278.4761208880698,493092.03984998836,699.3854765046038,43545.1177544281,208.67466965213603,-0.6297852983346635,-0.36871553887327435,2.7453416149068324,57.34154830076766,657.0,-146.0,803.0,1.311839525897085e-12,9.657412216851354,107.57327620151987,728.4160898826989,1.0
0.3108550928178173,42.3094957019275,745.619950195839,27.30604237519306,3447.2505587129963,981636.2853626501,0.2397636734763715,0.0012363549613143045,0.03516183956101138,0.743727034356431,-0.8423132583522256,0.0016802977990152278,0.01776810878294632,0.2359177900219617,-0.009890827556742077,0.2458086175787038,8.023096076392733e-17,12.603011107728337,165.02389912094736,0.24275065752116565,0.13552239543037642,51.85690054585174,887.8381884833698,29.796613708328834,-9911.24628349852,1329931.2412490754,0.10773424069310111,0.002331333529615148,0.04828388478172762,0.5867975743854469,-0.5732116334039611,0.0007325534888128455,0.008656401975853044,0.09425097867468653,-0.0454802561349936,0.13973123480968014,-4.206704429243757e-17,6.424874899675692,78.76105946443275,0.11816064069554648,,,,,,,,,,,,0.0017492644768289799,0.005360055862977691,0.06717029437197314,0.0,0.06717029437197314,-4.0766001685454967e-17,10.179388266652905,123.07774821192004,0.07585520836837009,,,,,,,,,,,,0.03087487240708798,0.0960025231238667,1.2090652986955164,0.0,1.2090652986955164,1.2073675392798577e-15,10.351327392449821,125.89795387293589,1.3567325959107628,,,,,,,,,,,,0.5985161130935774,1.8394292681500792,21.763175376519296,0.0,21.763175376519296,-2.4868995751603507e-14,8.94012725694551,97.95987192929853,26.024058180824174,,,,,,,,,,,,0.10447602529560142,1.3637982054608813,15.38888888888889,-4.193548387096774,19.58243727598566,1.1421419365831298e-14,7.753907765042497,88.42363653644172,18.40178801365402,,,,,,,,,,,,-0.1160605955089218,1.4257823322294192,15.428571428571429,-1.25,16.67857142857143,2.6229018956769323e-14,8.80254593215106,88.35452879229955,19.245386019814422,532.0,45.919936233505084,701.0213418703311,26.47680762233867,299.8388264130734,881200.9668052214,532.4788887083513,62734.09177557137,250.46774597854184,0.13607655590286064,-0.8625767177128872,2.8756756756756756,43.146271677615495,412.0,-260.0,672.0,5.488942633746774e-13,4.745927230127481,58.8410283754508,588.1547415434139,442.0,45.54149454228412,705.9279005589367,26.56930372740198,151.15748439960765,894926.895670288,867.1703039677086,85074.2834817692,291.67496204125786,-0.25939586460125325,-1.2383952833687608,2.389189189189189,67.0834082833467,796.0,-31.0,827.0,-1.2017054018542694e-12,10.448232983139775,115.0895503555268,913.0115004752131,1.0
0.03174995520181951,37.40698497610298,434.1685479104694,20.83671154262278,-549.5077148001761,343607.18549597217,0.038644458192804036,8.217000125657308e-06,0.0028665310264599105,-0.9711731838908197,0.1355316993711426,0.00021598608980829593,0.003185208274259171,0.03734547657257276,-0.008664185420279606,0.04600966199285237,1.5070410197548512e-17,10.759646245724452,127.38520273595705,0.03870728169202499,0.23386114730212315,34.547939842131235,485.1611577829996,22.026374140629674,1077.3291240545461,395627.3332956398,0.12369961423682693,0.0021725047605186784,0.04661013581313273,-0.16501144863242856,-0.902806891445774,0.0015908921585178445,0.010865669552420795,0.09647612381918512,-0.037803571268999886,0.134279695088185,-3.426078865054194e-17,5.983802356774386,47.936043806405735,0.13314381609492187,,,,,,,,,,,,0.016031177051550907,0.1815391463097164,2.1867931936695078,0.0,2.1867931936695078,2.7200464103316335e-15,11.997809812991688,143.96466428859162,2.186947251397415,,,,,,,,,,,,0.10662562527363281,1.08905923232859,13.120759162017047,0.0,13.120759162017047,-1.7236212457305555e-14,11.974685051063174,143.58849695297107,13.131197245866781,,,,,,,,,,,,0.8898144127253295,6.60429110604014,78.72455497210228,0.0,78.72455497210228,4.851674617611934e-14,11.517762284517044,135.73628958130692,79.96758106350171,,,,,,,,,,,,0.37522508553302275,4.697171647533646,55.666666666666664,-1.6751269035532994,57.34179357021996,6.800116025829084e-14,11.476950657049246,135.07289602138522,56.54561884508701,,,,,,,,,,,,-0.0818910804239914,2.48216081685345,23.38235294117647,-17.666666666666668,41.049019607843135,1.4876988529977098e-14,3.4404510674949527,72.505999993434,29.802135823589666,532.0,36.39087912891044,437.3887867740343,20.91384198979313,273.3080112240635,343183.449367492,593.0552007144239,61460.912467218346,247.9131147543799,0.2885320084092016,-0.7097234947808148,3.619047619047619,52.83555972905073,334.0,-330.0,664.0,-6.128431095930864e-14,2.360333507698905,32.69665000866596,642.0981233425309,442.0,36.02894254788216,441.97767609013175,21.02326511487052,162.65880090152322,351379.5053658607,926.5792962794819,124555.58852813792,352.92433824849473,0.34839711187074257,-0.6942379545753061,3.006802721088435,81.50026055620813,795.0,-373.0,1168.0,2.1760371282653068e-13,6.652170888168835,68.58955888817869,988.8103963854749,1.0
2.519025173596481,37.79463631638429,533.8540720344172,23.105282340504242,581.6289271532601,512513.3236570316,2.0508684588297883,0.03706687412519738,0.19252759315276702,0.462230717246437,0.43156537604096395,0.01564611909066138,0.16183676837574912,2.0488413732114568,-0.00954133931758715,2.0583827125290437,-8.951173136040325e-16,12.440760342222397,156.599538937527,2.0630527000505197,0.09218304329608384,44.232767195260514,499.5079407657831,22.349674287688917,-1276.2760459242752,434848.0680273964,0.30034913698930527,0.009209432936792165,0.09596579045051505,-0.3012080807208287,-1.010514204649352,-0.0005725654863110795,0.024772446058642043,0.0863633729002356,-0.28922185779826676,0.37558523069850236,-1.0430024899310553e-16,-9.550926792203832,116.34105345345858,0.3144110499159904,,,,,,,,,,,,0.00932410470272367,0.07256630677578398,0.890430761494171,0.0,0.890430761494171,3.885780586188048e-16,11.600999947345064,140.08959663158262,0.9167283271453858,,,,,,,,,,,,0.05844193103717979,0.25853855060061115,2.671292284482513,0.0,2.671292284482513,-2.1371793224034263e-15,8.13303610731761,73.80626448470686,3.3212120841122137,,,,,,,,,,,,0.6358546650701963,1.770191655780506,14.142135623730951,0.0,14.142135623730951,8.093525849517391e-14,5.166676828519663,30.970796346712348,23.567958663532448,,,,,,,,,,,,0.004711646165505609,1.3300085063764215,7.776315789473684,-10.0,17.776315789473685,2.5118795932144167e-15,-1.0145994072733826,30.249449838792117,16.665063389708035,,,,,,,,,,,,0.211118980219044,3.341297689166663,30.0,-4.333333333333333,34.333333333333336,-6.342149028171207e-14,6.8276257630189825,51.057097230701814,41.94982849805179,532.0,39.88051339068212,523.9549929945249,22.890063193327467,13.330189038674366,495605.6843336583,605.6714214683764,14086.204216476519,118.68531592609305,0.2662017820558618,0.2898755091958281,3.3043478260869565,48.49012750620932,591.0,-90.0,681.0,-4.04121180963557e-13,11.131602097312523,135.36439604561477,616.6976568789604,442.0,39.840124872017185,525.5542353347286,22.92496969103184,-369.0677890062682,494305.1168640182,837.9788616862148,111588.62736707585,334.04883979303963,-0.2566023073217622,-0.3581413776202082,2.7453416149068324,70.87485949272195,768.0,-203.0,971.0,1.198152688175469e-12,8.14004417932643,86.5785052926561,899.9755552235849,1.0
9.441889484900875,43.0335791979411,645.2640632633266,25.402048406837718,390.9790372777397,749549.7177086503,9.194603073383846,0.028968965901486707,0.17020272001788547,0.045449958408428054,-1.51235389304601,0.053647099346027696,0.6913158212240441,9.196208670312522,-0.0016322631418740881,9.197840933454396,8.618106228652778e-15,13.254861014140594,175.78967454636083,9.198914140590388,0.7898669411837611,42.789770032682306,641.6283726358009,25.330384375997948,579.4923522079959,745273.1092759386,0.7994340237117276,0.0006606153236540523,0.025702438087738918,-0.45175578938057903,-0.6990977847234493,-0.0044878803476350055,0.06013291306556957,0.023541021956301734,-0.797653610009379,0.8211946319656807,9.610368056911511e-16,-13.151314063384163,173.92356677278994,0.7999719129212115,,,,,,,,,,,,0.0035811770405585787,0.020309140047721053,0.20175337515336336,0.0,0.20175337515336336,5.273559366969494e-16,9.115906723719213,83.46805654858636,0.27202897590961883,,,,,,,,,,,,0.04719494879934765,0.22291754722733,2.3263394694658013,0.0,2.3263394694658013,-1.5959455978986625e-15,9.086429696430185,85.03111918997718,3.0056629407503186,,,,,,,,,,,,0.7099934487687617,2.6649358914389136,30.242413103055416,0.0,30.242413103055416,-1.0902390101819037e-13,9.110805751716594,93.28009644724175,36.37910769222712,,,,,,,,,,,,0.10030205995348426,1.9475437089205536,21.384615384615383,-11.555555555555555,32.94017094017094,-1.3877787807814457e-15,6.316264539633598,89.10876897798649,25.72391374268949,,,,,,,,,,,,0.0558736551670232,3.7941071757435347,49.0,-1.5454545454545454,50.54545454545455,-1.8388068845354155e-14,12.485656453600438,160.86639197134974,50.053137523919894,532.0,43.4971346063228,626.937832261407,25.03872665015949,133.22273272635348,704968.4490753752,517.6518926160571,58276.51807101395,241.40529834909165,0.2280660232502769,-0.8243641690373855,3.022727272727273,43.05387145318581,392.0,-258.0,650.0,-2.6911806116913795e-13,4.380636533839328,53.803358768689876,572.5801253973107,442.0,43.39006588702137,638.6637471634069,25.271797466017468,-21.615553039526674,732256.8654888766,863.0878816898879,93833.30848006223,306.32222981700534,-0.2995258674545384,-1.3164153993042602,2.5113636363636362,69.01177342213268,795.0,-24.0,819.0,1.0347278589506459e-12,10.142413694258032,108.14605530022457,916.1506426347144,1.0
4.564542535342308,37.9707714763448,480.4269302640423,21.918643440323635,-307.84394932873226,416047.1809092849,4.705440883897608,0.010705200927704831,0.10346594090668113,-0.11091718005913061,-1.6458631727637845,0.030029885100936234,0.3804302622089935,4.701489033990175,-0.1748034225666486,4.876292456556824,1.949829186997931e-15,12.301388794226337,151.55707937235027,4.704849064246794,0.7479449639370571,38.59481518514485,475.53588285288083,21.806785248011245,-393.766393475621,408788.6457088719,0.841659078216519,0.0025304125153015793,0.050303205815351165,-0.8800029772235722,1.13469980808082,0.00492069055221748,0.06812660229120254,0.8342288901641349,-0.09053024509095473,0.9247591352550897,-1.0061396160665481e-16,11.963205786900987,146.29840142667172,0.8421092355262833,,,,,,,,,,,,0.0012783127518651183,0.0036026027366975574,0.03684603429541145,0.0,0.03684603429541145,2.0252896582029223e-16,6.882979535462635,63.50687322462344,0.04681799328790432,,,,,,,,,,,,0.02442259098834003,0.0816361956887754,0.8474587887944635,0.0,0.8474587887944635,4.152928001488476e-15,7.800030610873475,72.63447807804644,1.043618565170226,,,,,,,,,,,,0.5183887967127618,2.0055645161058533,19.49155214227266,0.0,19.49155214227266,-5.617728504603292e-14,7.919301896188675,67.80055336718799,25.370305396723733,,,,,,,,,,,,-0.017277694063669448,1.4646533609349137,13.782608695652174,-10.151515151515152,23.934123847167328,2.643718577388654e-15,3.396231691453058,67.11938659124274,17.939514986797015,,,,,,,,,,,,0.0011873046090954305,2.934178530751017,34.608695652173914,-8.272727272727273,42.88142292490119,-4.976227763187069e-14,10.892941983665388,130.79884018195636,35.9362040149188,532.0,38.12515159625435,472.6994165660972,21.741651652211182,-180.35258804277896,397687.7246111236,575.5510699253065,70726.57117099283,265.94467689914916,0.5392770253050074,0.13139305390468087,3.5,51.28724577268083,336.0,-335.0,671.0,0.0,2.143819042564578,34.83583526410242,633.7822970074188,442.0,37.699971958831156,477.9534637468635,21.862146823833736,-77.99006092276397,409959.6048589436,886.6112573236326,126540.87312384963,355.7258398315332,-0.21886707763144084,-0.8532482369843479,2.9078947368421053,77.24511185890111,796.0,-273.0,1069.0,1.1182166304024577e-12,8.044920947226453,80.2808947506277,953.0162642893353,1.0
0.43496071844449513,42.97393560451281,688.1064835458817,26.23178384223768,-2480.748328959722,754877.3713850573,0.34619249320416823,0.007976758190505773,0.08931269893193114,-0.0019668453469646515,-1.3581967866812235,0.0026202452918343087,0.02759299807720103,0.3390288957466834,-0.03552784366901277,0.37455673941569617,1.5612511283791264e-16,11.307210808218318,135.31836113809587,0.3571102237322741,0.2448916609567956,36.74757207471593,804.1948142235782,28.35832883340586,6207.529415694866,927660.4323217056,0.15708705190511682,0.007950714551227193,0.08916677941490986,0.004551775449073131,-1.0916740286804398,-0.0014752509696192503,0.013954428611195098,0.013874610717845034,-0.141401533343519,0.15527614406136403,4.544975507059235e-16,-8.414567215329043,75.97483740592895,0.18079216129538933,,,,,,,,,,,,0.004741479886764266,0.034028162936873836,0.41902624070313926,0.0,0.41902624070313926,7.28583859910259e-17,11.366621315526391,135.5016943546852,0.4413225444296715,,,,,,,,,,,,0.04840065124839607,0.23199193695843978,2.5141574442188355,0.0,2.5141574442188355,3.0531133177191805e-16,9.179979189224234,89.22406068245775,3.0441543170599283,,,,,,,,,,,,0.6436406451369461,2.024438402476055,19.20973422223454,0.0,19.20973422223454,-5.240252676230739e-14,7.128822732989241,57.8590287673223,27.28704785619361,,,,,,,,,,,,0.13438368045533383,1.4960792389353401,13.583333333333334,-1.4245283018867925,15.007861635220127,-1.759703494030873e-14,6.746387013192412,53.77181642353716,19.294856577676345,,,,,,,,,,,,-0.1248784024417649,1.1895473356551003,12.666666666666666,-1.6132075471698113,14.279874213836477,-4.385380947269368e-15,8.15552682407046,83.33723658503,15.363980085299936,532.0,41.47244063878806,563.8567402318837,23.745667820296898,-130.06344274454517,572456.2814384763,618.601142525352,34397.46983982326,185.46554892977633,-0.10006308360664215,-0.4746023943187852,3.2048192771084336,49.94653986258161,587.0,-151.0,738.0,8.881784197001252e-15,9.731591459512059,114.10159719434975,644.8395149182469,442.0,40.963605873999086,561.3019037448379,23.69181090049551,-5.657238643223336,561700.1165859419,789.6340177401845,103979.78067809678,322.45895968029293,0.02249682895500984,-0.9601924553416268,2.6626506024096384,66.18334830585623,694.0,-171.0,865.0,2.6645352591003757e-15,8.508399952038703,82.02507121811759,853.402601355304,1.0
0.0044510507112942655,38.43918563594493,489.5289191320506,22.125300430322987,-778.299549758746,475335.33129856864,0.002534719815672041,9.146637883223104e-07,0.0009563805666795569,0.15431085198331188,-0.2874120738894462,2.7646277709902274e-05,0.0002128464522872609,0.0014055369060713538,-0.0011635672962906,0.0025691042023619536,1.8973538018496328e-18,2.6648731498794413,23.77483886276025,0.0027234053235830084,0.046895930110003876,32.73459864906815,561.1925106388657,23.689502118847194,3715.604917769824,545117.5824632319,0.02263333928363688,0.00015946011817048918,0.012627751904851835,0.5107989373396602,-0.6557998371644947,0.0002912790690062353,0.0020362490492309517,0.013269429599066783,-0.006386236958462167,0.01965566655752895,-6.830473686658678e-18,3.4299704447141615,19.90453187954731,0.02610011002911958,,,,,,,,,,,,0.027153243518171315,0.25636015580490423,3.181980515339464,0.0,3.181980515339464,6.654399253847032e-15,11.912240356846171,146.0142001794166,3.2506606514278955,,,,,,,,,,,,0.0893535860108624,0.5584291036908237,6.363961030678928,0.0,6.363961030678928,2.1538326677728037e-14,9.658850950046677,102.95578552107987,7.131094812294114,,,,,,,,,,,,0.5771573078239998,1.9080192712662531,12.727922061357855,0.0,12.727922061357855,3.730349362740526e-14,5.0285467466869616,26.722560818975364,25.135831943705202,,,,,,,,,,,,0.016308500097345826,1.4094531143580487,9.0,-8.444444444444445,17.444444444444443,6.290107323891903e-14,-0.054602760549508855,27.65319369486311,17.773717218159387,,,,,,,,,,,,-0.07464807564696578,7.097003797482292,46.75,-69.25,116.0,-3.5665914666083154e-14,-3.5801724152568406,69.85993025600499,89.4947629899731,532.0,39.91562103644515,527.7722547872312,22.973294382548428,66.37614536938159,500608.5949283379,597.9836960173819,12922.874297391236,113.67882079521777,0.4534809634657243,-0.49745696026282393,3.3043478260869565,47.82252951196196,587.0,-76.0,663.0,-2.9043434324194095e-13,11.365190936573832,139.27075845889317,608.246660492271,442.0,39.83866503467091,524.839291691523,22.909371263557695,-125.52628650381618,494548.06319563056,722.298866922212,53590.23434288825,231.49564648798096,-0.17123500628649543,-0.27120877495270956,2.7453416149068324,59.59139121442698,474.0,-277.0,751.0,1.368682944757893e-12,4.465458111901496,38.010847937309784,756.9319652386204,1.0
0.001695702938090776,38.954896438536274,450.8351945497361,21.232880034270813,-1958.4503708258114,354649.8154838044,0.0016454556412298907,1.743927552036434e-07,0.0004176035861958604,0.514123034290201,-0.5273929184909145,1.1694503021315695e-05,0.00014049277150748416,0.0015950388719983672,-0.00034814791647022375,0.001943186788468591,-5.692061405548898e-19,9.982503135114412,112.74130295479358,0.001697607768532416,0.0022501829766681516,33.11083555826912,521.0335948051364,22.826160316731688,1332.6470869387324,419151.41037662304,0.013423262086348928,4.3352190261222366e-05,0.006584238016750486,0.3731157150855744,-0.5665776174673535,1.5518503287366558e-05,0.0012373345285198918,0.008132588629113067,-0.005502200433524293,0.01363478906263736,2.0030635136669694e-17,1.6828196445381671,18.533834283609202,0.014900652539896168,,,,,,,,,,,,0.08710716798592578,0.9480775469853358,11.313708498984761,0.0,11.313708498984761,-1.0436096431476471e-14,11.820971307680033,140.4016401433746,11.34523223743529,,,,,,,,,,,,0.19709680566662108,1.9023473311760069,22.627416997969522,0.0,22.627416997969522,-5.6066262743570405e-15,11.679770618314485,137.97985519013793,22.790429959339907,,,,,,,,,,,,0.698119882011557,3.933079791709634,45.254833995939045,0.0,45.254833995939045,-4.440892098500626e-16,10.464369867718224,117.34320345840499,47.60064388746508,,,,,,,,,,,,0.18969381595355886,2.818201601198233,32.0,-6.111111111111111,38.111111111111114,1.0030865027488289e-13,10.219406367774706,115.68908199914797,33.65873808167254,,,,,,,,,,,,0.32533544853004154,4.40206029380861,45.666666666666664,-4.174757281553398,49.84142394822006,3.0531133177191805e-14,8.954055809822979,85.8066758171563,52.599666099551726,532.0,35.761937712461645,422.6439590366576,20.55830632704595,-75.13164025798287,322937.0834555837,605.9826081642182,7801.509158047243,88.32615217503388,-0.2902386051659843,-0.15521133586525965,3.668965517241379,50.680208362037355,599.0,-55.0,654.0,-3.810285420513537e-13,11.293509556194044,132.9270066202521,611.8676327442072,442.0,35.614021159503714,360.92093055713184,18.99791911123773,229.43918390127195,260264.8487971308,852.9555787613883,151088.9056598252,388.7015637475944,0.07861058068255805,-0.7581425778609362,3.0482758620689654,77.57366519322207,440.0,-430.0,870.0,-8.304468224196171e-13,1.7329689114514855,23.509056825598737,934.8315356255372,1.0
9.245198933421877,48.92254134884415,653.7896951404905,25.569311589100135,-3693.9260064501827,805430.6369329965,12.245764873710156,4.420733596718246,2.1025540651118213,-0.031466139805390834,-1.5188715840577047,0.051362216296788214,0.922276908838144,12.02871576935467,-2.9771745518980444,15.005890321252714,3.899658373995862e-15,12.0721524407205,160.11731695694277,12.39281643901062,1.5084237756461927,38.947112349655455,620.4549908261596,24.908933956035927,3712.578458184008,750843.914617232,1.1112496933205316,0.05894528363981903,0.24278649805913638,-0.4842194831439452,-1.0464452210067414,0.008380132086923292,0.08469972403860836,1.0822263156945884,-0.033468883879884594,1.115695199574473,-9.54097911787244e-16,11.809006176980011,146.21120277506253,1.1419144345711425,,,,,,,,,,,,0.0013278590959205183,0.002129079727100462,0.006905339660024878,0.0,0.006905339660024878,-1.8561541192951836e-16,1.1500560240385644,-0.36502997465633147,0.03338301479114072,,,,,,,,,,,,0.023602522421469443,0.03801421069602976,0.20685328581585635,0.0,0.20685328581585635,-6.918077222195507e-15,1.4450360062476635,1.8754017150672428,0.5953000860668225,,,,,,,,,,,,0.494490347987117,1.0894249372106104,9.928957719161104,0.0,9.928957719161104,3.530509218307998e-14,5.232521194486532,38.12251754541924,15.91703582512059,,,,,,,,,,,,0.02621444759671528,0.8455746577160338,7.020833333333333,-2.857142857142857,9.87797619047619,2.5906360390237637e-14,4.092710031282502,32.369049642080846,11.255043968331984,,,,,,,,,,,,-0.17860941003724756,0.8270609158717325,9.011494252873563,-1.25,10.261494252873563,2.9476421303797906e-14,7.744205268778524,86.06882330822872,11.256988991076165,532.0,45.049021291769506,667.2913824320405,25.83198371074201,363.41627404041697,805467.178014361,604.8219189967626,83665.89074551816,289.25056740742644,0.27067088320863913,-0.9502964851029289,2.9555555555555557,49.62132407009241,434.0,-340.0,774.0,3.339550858072471e-13,3.573032794150249,54.323982696876094,666.9197852815585,442.0,44.19632125166777,646.1347195237286,25.419180150503056,243.67526821119313,768532.2314758262,866.163947429145,95271.54950729499,308.6608972761127,-0.1497487481828164,-0.9346795772341341,2.4555555555555557,68.46096391555483,784.0,-148.0,932.0,-1.0658141036401503e-13,9.712054750627624,103.39723689722688,919.0908551389248,1.0
0.04120874674819722,34.24047983692951,596.6314189856965,24.426039772867327,3743.9238814686596,608502.6161846444,0.022341004067203973,8.333575858035186e-05,0.009128842127036256,0.48748030653616065,-0.4066559228281882,0.0002409868230888726,0.001840178678996604,0.017546397362295022,-0.0008180007519613748,0.018364398114256397,-6.86842076269567e-17,7.967084010729228,65.57155809746422,0.02426892683125242,0.023840163800214653,41.02112833957286,543.5436245640124,23.314022058924376,-2348.6886631303273,566620.83140393,0.058866563584847396,0.0005746485287134136,0.0239718278133607,-0.16454628555167924,-1.1580185679485524,0.00013941616257435473,0.004846350027634088,0.029911737873925308,-0.02525586210266608,0.05516759997659139,5.567378155713065e-17,0.01995012505451924,18.584133940134972,0.06340046745176109,,,,,,,,,,,,0.001300989442545002,0.0021202764788321032,0.006905339660024878,0.0,0.006905339660024878,-1.5916087892087205e-16,1.1910942363094053,-0.25032969148062323,0.032242960583959625,,,,,,,,,,,,0.022708620728816947,0.03607808434536564,0.11048543456039805,0.0,0.11048543456039805,-1.1587952819525071e-15,1.1098407316265047,-0.5012206543366773,0.5525468460441554,,,,,,,,,,,,0.4697798211425763,0.9707097357503218,7.536269641593466,0.0,7.536269641593466,-1.5654144647214707e-14,4.349111262255414,26.65365142989123,13.977805235471658,,,,,,,,,,,,0.02148799637196801,0.7622489762069331,5.328947368421052,-2.4285714285714284,7.75751879699248,-1.652150638520311e-14,3.2878256762576994,22.7380002167972,9.883800868106835,,,,,,,,,,,,-0.17861972215315103,0.9269324225442576,10.368421052631579,-1.2,11.568421052631578,-9.992007221626409e-15,8.740843601749729,99.9768380646149,12.235451162330703,532.0,42.562087238519645,588.9715967963596,24.268737025159748,-122.96637931135848,623543.7804322388,573.2008302451042,75460.38467691174,274.700536360801,0.22378165961285962,-0.8912927021070377,3.111111111111111,48.46514928540567,405.0,-323.0,728.0,-9.325873406851315e-14,3.433344774448913,50.45812723918473,635.0685002422968,442.0,43.056987298710965,597.3222960990427,24.440177906452373,-771.4305991322206,645491.9840557338,867.3991085569128,89217.93941584935,298.6937217549933,-0.17058355767636305,-1.0916742639745731,2.584795321637427,69.94891705300346,788.0,-130.0,918.0,-7.611689056830073e-13,9.682945637964421,101.39229964165824,915.3250788654269,1.0
0.2994348685497668,37.58420933622465,496.9725726610447,22.29288165897457,-358.479473185998,431238.04458761826,0.15297095134353977,0.005600565576665345,0.07483692655811933,-0.00032700558442896654,-1.2108622166918506,0.0019830123745017674,0.013812514736323967,0.13108254478865483,-0.007619850735969697,0.13870239552462452,-2.3592239273284576e-16,8.151556557587185,69.05530102477967,0.17147128947496626,0.4666529990929586,37.565902075828774,475.6284541536082,21.808907679056468,73.39942929116472,404495.9314328912,0.4146611126860975,0.0031134394819868996,0.05579820321468156,-0.04899788897424862,-0.9375530840724959,0.00309041721253615,0.03393585282345733,0.41118261610507206,-0.02482065413993216,0.43600327024500424,7.979727989493313e-17,11.66286614276244,140.2057477811229,0.4187363258613191,,,,,,,,,,,,0.00282331262097659,0.016304194159716952,0.1767766952966369,0.0,0.1767766952966369,3.209238430557093e-17,9.348980977029214,93.1017895367783,0.20197989593440616,,,,,,,,,,,,0.032963964000919464,0.14085212968908958,1.4142135623730951,0.0,1.4142135623730951,1.3114509478384662e-15,8.12698247393923,72.1104759004425,1.76577627652268,,,,,,,,,,,,0.4832247318504955,1.5833262496280116,11.692160015676151,0.0,11.692160015676151,4.451994328746878e-14,5.769601408301028,36.085480007845895,20.2070234072396,,,,,,,,,,,,0.021052972913554076,1.1703720987139294,8.267605633802816,-6.5,14.767605633802816,2.1475876632592872e-14,3.228728962224303,36.01060162823385,14.288523278854415,,,,,,,,,,,,0.10464157027221754,1.9903905785381906,18.384615384615383,-1.361904761904762,19.746520146520144,-3.519406988061746e-14,7.3808290571064195,58.91953340452085,24.329366463001705,532.0,37.18653226756602,461.7473540539514,21.48830737992063,100.25726755326689,383657.581013506,596.1101268534981,7213.449996039869,84.93203162552906,-0.13183960686978094,-0.43119159007298086,3.5231788079470197,48.83813438316038,587.0,-65.0,652.0,-9.530154443382344e-13,11.393912153228293,136.48676819612444,601.6926125522899,442.0,37.090259525755364,462.26217299482664,21.50028309103921,-182.71279260216082,381448.05653388024,665.6542483796431,44358.79494746554,210.61527709894537,-0.6817229834023435,-0.33713844442018087,2.9271523178807946,56.6285795135151,621.0,-143.0,764.0,1.368682944757893e-12,9.126218254405638,96.62326113955949,696.7926520852527,1.0
9.740488174291558,39.152896532673225,535.0189455635414,23.130476552884538,267.9296204695725,517218.4284501653,9.07008772489759,0.09031171461797657,0.30051907529801924,-0.07228557514984213,-0.887580596075703,0.060878051089322226,0.7150708169992586,9.067698834039781,-0.023027979517084973,9.090726813556866,-2.6229018956769323e-15,12.608016559472393,159.28679864512736,9.077730204657312,0.39969140429137345,40.163195533589274,521.6901473850459,22.84053737075916,-364.33075969479984,477922.60752964363,0.6092994622313421,0.009079865075470882,0.09528832601883025,-0.456924039968914,-0.8401531390191932,-0.0024980712768210836,0.048661822631627924,0.11134291325325013,-0.6009648636190993,0.7123077768723494,1.3270634591222574e-16,-11.64376543874228,144.7013810945496,0.6163393016105442,,,,,,,,,,,,0.0027777678868492247,0.011420350095331279,0.09117700607892382,0.0,0.09117700607892382,8.673617379884035e-17,6.829154754990397,47.12173586045432,0.14773686654263624,,,,,,,,,,,,0.03751243335026027,0.13081673163167032,1.2445079348883235,0.0,1.2445079348883235,1.3461454173580023e-15,7.1427556968345876,56.51786739232661,1.7106114664185765,,,,,,,,,,,,0.5787923214073067,1.7417476979383368,18.667619023324853,0.0,18.667619023324853,6.439293542825908e-14,7.80896056685917,75.30109406875596,23.070594356144884,,,,,,,,,,,,0.12656922871413379,1.2916357952764723,13.2,-5.222222222222222,18.42222222222222,-6.217248937900877e-15,5.974958765229385,68.61284904889527,16.31337371523414,,,,,,,,,,,,0.07855982972470503,3.220082663279267,33.333333333333336,-8.8,42.13333333333334,1.8154922010182872e-13,8.256601131152683,79.58279069037368,40.487855374436606,532.0,39.569704033274306,512.4981938218633,22.638422953506794,125.56845564291403,472684.73719345045,401.2180580185326,31909.394919837436,178.63200978502547,0.19781045238853553,-0.9172570637541806,3.325,34.710688195424844,326.0,-181.0,507.0,5.595524044110789e-13,5.235741392626879,56.7315891583321,441.06915557540407,442.0,40.22275353381225,532.8609014397199,23.08378005093013,-259.22476247654885,517514.50928986404,863.1973972533754,86254.82837499861,293.69172336822606,-0.4281349306891006,-0.17404061781558794,2.7625,71.59237804228853,792.0,-186.0,978.0,3.1796787425264483e-13,8.84856029317318,94.74835044550488,906.253827578124,1.0
0.10661847004880137,41.528042376138245,616.4518475638289,24.82844835191738,310.9545508402585,680539.5231796923,0.09520514387602734,2.6999761692148902e-05,0.00519612949147237,-0.21068798855587104,0.7739478026417698,0.0006198748258651241,0.007254350680257709,0.09363268274743282,-0.010170699656660055,0.10380338240409287,-1.4246416546459528e-16,12.383630083802615,158.84325550282728,0.09548661664236609,0.04395152263044824,40.990998544709655,607.721861641996,24.652015366740223,2047.3441204827889,663059.6858136123,0.10663908116551334,0.00042254394380163585,0.020555873705625744,-1.2065190165338653,6.729777913493774,0.00025553210831655954,0.008260117756404,0.07253034825157152,-0.056457146600023586,0.1289874948515951,-2.1358782797964437e-17,1.4994029852435038,48.218741533751235,0.10838225327692312,,,,,,,,,,,,0.0020224125184171017,0.007562605236658045,0.09585449140448621,0.0,0.09585449140448621,4.982993184743378e-16,11.283423650567798,139.69444467923591,0.1023690319949855,,,,,,,,,,,,0.03487265887152444,0.12859344339144516,1.6295263538762654,0.0,1.6295263538762654,2.2343238370581275e-15,11.264260014724508,139.38877009609627,1.7423134905712576,,,,,,,,,,,,0.6620473356847884,2.3342507679979327,27.701948015896512,0.0,27.701948015896512,-1.2112533198660458e-13,9.653478136350362,107.28239961490519,31.72826339657209,,,,,,,,,,,,0.10810231383184699,1.7122589030393052,19.58823529411765,-4.5285714285714285,24.116806722689077,-9.603429163007604e-15,8.969107060538514,99.97093445955511,22.435270202989045,,,,,,,,,,,,-0.1578194624630092,1.1815184803599024,12.725806451612904,-1.4285714285714286,14.154377880184333,2.9531932455029164e-14,8.181926069632729,84.79707001329571,15.587581155203598,532.0,42.37513392773701,605.4455585493068,24.60580335102487,842.619245588531,667642.7450050936,598.3401598157296,81742.44850052429,285.9063631690003,0.2487334767831568,-0.7970085936416552,3.0930232558139537,50.02014196788978,446.0,-317.0,763.0,-2.984279490192421e-13,4.232479336572853,55.1445680881352,657.2609831718296,442.0,42.779852744322866,614.6723694959858,24.792586986758476,-39.010170904955956,673224.9166763242,869.050486330778,101509.55453381945,318.60564108913616,-0.11891972990670151,-1.0900346853003076,2.5697674418604652,70.07339021500951,789.0,-100.0,889.0,6.412648190234904e-13,9.703960270062918,101.05275953443603,919.6216613368782,1.0
0.0002724823492425961,77.69888417341832,1838.0227323216411,42.872167338748355,-11160.271180384078,6174078.141627795,0.001185501512979438,2.9716802596011866e-07,0.0005451312006848614,-0.2477043091956238,-1.0244144687958119,-8.963235172453812e-07,7.483261170823592e-05,0.0009435800669467258,-0.000843616723423127,0.001787196790369853,-7.528005318722594e-19,1.8962266082958108,135.9142077389307,0.001304844758567335,0.029292948056484733,74.40635700553771,1902.2045736249331,43.61427029797625,3583.537487587633,6358037.285667845,0.029363927271782147,0.00016843842570428885,0.01297838301578008,-0.038821034004762826,-0.7303416262264398,-9.635838176475242e-05,0.001841039703687931,0.005519859802336187,-0.02445408637006158,0.029973946172397764,5.014435047745458e-18,-9.649354611012729,118.43754317470257,0.032143560583741376,inf,,,,,,,,,,,inf,,inf,0.0,inf,-inf,,,inf,inf,,,,,,,,,,,inf,,inf,0.0,inf,-inf,,,inf,inf,,,,,,,,,,,inf,,inf,0.0,inf,-inf,,,inf,,,,,,,,,,,,,,inf,-inf,inf,0.0,,,inf,inf,,,,,,,,,,,-inf,,48.666666666666664,-inf,inf,inf,,,inf,532.0,76.09797606028914,1889.2664100669563,43.46569233391959,178.42803493256838,6433430.12327879,624.211445471807,33516.91344726039,183.0762503637771,0.420610766137995,-0.6611560416141823,1.75,37.21138938550938,596.0,-162.0,758.0,0.0,13.38319670366375,216.54125107922528,649.5198226382317,442.0,74.62279865116862,1862.0260473550802,43.15119983679573,2185.7853921737833,6349229.087772968,802.4856994198245,146287.86012141182,382.4759601875807,0.14511811089792195,-0.7018166113344545,1.4539473684210527,50.98591637529751,438.0,-409.0,847.0,2.2644108810254693e-12,3.2259495126981332,55.56322176459908,889.3312093927661,1.0
7.485444286896359,44.34944981784622,677.8360524119967,26.035284757651425,-555.5126019189123,824421.983571067,8.012677928622102,0.5928235843358111,0.769950377839904,-0.01773253515928798,-0.5113659161874545,-0.041356045783957796,0.5966658890658936,0.6932606149641212,-7.972501930632885,8.665762545597007,-5.10702591327572e-15,-13.07212064478785,174.31516194351417,8.046577628487775,0.03803512893069912,43.445191034049145,669.4615283127829,25.873954632270323,-1857.5010839729007,791976.7305298325,0.184993019345704,0.00595998680780488,0.07720095082189649,0.19851458165351457,-0.7443786355601432,-0.00021013883387126608,0.014858522822098137,0.15420555124212088,-0.07329867952456315,0.22750423076668402,-7.15573433840433e-18,5.281170895358969,70.301706927091,0.19992097048574103,,,,,,,,,,,,0.03744349549074813,0.43544956820765557,5.656854249492381,0.0,5.656854249492381,8.951173136040325e-16,12.83885584146214,166.0226352834718,5.681733869634263,,,,,,,,,,,,0.05126764879941836,0.44036071601733967,5.656854249492381,0.0,5.656854249492381,-3.12944115066216e-15,12.385817926512685,157.17929235187663,5.763355143679627,,,,,,,,,,,,0.23102223921990056,0.5664041418346257,5.656854249492381,0.0,5.656854249492381,-2.5479618415147343e-14,6.4173326904790065,53.352411943956426,7.952185400653688,,,,,,,,,,,,0.1299404675747207,0.41256264777274815,4.0,-0.4375,4.4375,1.2351231148954867e-14,6.034260208571285,49.0909831647963,5.623044222054885,,,,,,,,,,,,0.038727411427525796,0.3756143355847234,4.0,-0.875,4.875,-9.117706589734098e-15,6.967978209808598,73.5507561879889,4.908871979615527,317.0,41.695593808475635,707.49677236583,26.598811484083832,2112.7911551517473,877300.9939894659,75.08616186947492,1121.2238512665774,33.484680844627704,0.5692605823234309,-0.1632519696660663,1.7513812154696133,6.0940203254996606,65.0,-7.0,72.0,8.171241461241152e-14,6.976147728105561,65.9647229765324,85.30533394811839,29.0,31.830559542315378,713.0943452110215,26.70382641516046,10824.89011744762,1019383.0148499918,45.398168715475656,1265.7396106145372,35.57723444303305,2.248480801477242,5.016275332813752,0.16022099447513813,4.27530076558881,16.0,-35.0,51.0,-1.6653345369377348e-13,-2.8896243512901125,27.800263201429303,57.55866572463264,0.0
0.013167763134048176,39.494598485721355,424.8096232532623,20.61091029657017,-1568.5401878004882,345089.6666590572,0.017756080576904587,7.524299610187901e-06,0.002743045681389193,-0.5645411084415367,-1.1402163793117048,8.837424922179983e-05,0.0014669427552035865,0.01749414796754847,-0.003734830062652275,0.021228978030200744,-5.692061405548898e-18,11.20140365921643,134.86178739531596,0.01793878276780505,0.04971822909771471,30.831462240054183,439.84422876549684,20.972463583601638,2539.466223904436,365398.7165666498,0.03373699908430486,0.00015676958494306983,0.012520766148406009,0.3386779939972115,-0.4806773263931777,0.00033367938991754836,0.002938135875565142,0.028221106166703674,-0.007220094170092678,0.035441200336796354,-4.0115480381963664e-17,6.864562722013306,60.86092403220571,0.03609506433603157,,,,,,,,,,,,0.0026298839800073955,0.01630060772128143,0.19058737461668665,0.0,0.19058737461668665,-5.811323644522304e-17,10.742873956493588,122.04073899001361,0.20019000217097727,,,,,,,,,,,,0.031010755378280547,0.13865425821747096,1.5246989969334932,0.0,1.5246989969334932,-1.7208456881689926e-15,9.191724667854086,94.37527480429301,1.7226260562967184,,,,,,,,,,,,0.46038531296076074,1.4424831305213979,12.197591975467946,0.0,12.197591975467946,5.0959236830294685e-14,5.70118261326825,38.06933050587664,18.358341321580017,,,,,,,,,,,,-0.06253809956172554,1.068852232639104,5.762376237623762,-8.625,14.387376237623762,3.0253577421035516e-14,-3.3532722196716365,36.93898369580672,12.981307639826435,,,,,,,,,,,,0.4171942590587803,4.615950559312311,40.0,-4.9361702127659575,44.93617021276596,-4.107825191113079e-15,7.682408247754171,61.176199369908794,56.19354447375307,532.0,36.747536672623234,447.40518277072374,21.151954585113966,98.08695786204285,361164.8624440294,593.8761771761463,11135.369966430224,105.52426245385573,0.2784240884547466,-0.06988827094771084,3.5704697986577183,49.24820782124739,582.0,-69.0,651.0,5.266898028821743e-13,10.954423871124112,129.14032178733004,602.7287947327554,442.0,36.57299896315004,451.4898897677062,21.24829145526073,-90.06989586169036,360800.0274066335,759.1825874532549,112068.94755642973,334.767004880155,0.11324601691774636,-0.8741210436527469,2.966442953020134,67.74442854402717,436.0,-337.0,773.0,-5.595524044110789e-14,3.0667839040835423,27.52588611568417,827.7185511996213,1.0
,,,,,,,,,,,,,inf,-inf,inf,0.0,,,inf,inf,,,,,,,,,,,inf,,inf,-0.018815475052704488,inf,-inf,,,inf,,,,,,,,,,,,0.002014213055787956,0.006712955660304716,0.08217354195429605,0.0,0.08217354195429605,1.9949319973733282e-17,10.36623117711059,122.58864324374456,0.09057139871135401,,,,,,,,,,,,0.0329826689991037,0.10648959972350633,1.3147766712687368,0.0,1.3147766712687368,-9.71445146547012e-17,10.561901595641881,126.52968808900533,1.4406449415790714,,,,,,,,,,,,0.5964038793596964,1.7578823489451878,21.036426740299788,0.0,21.036426740299788,4.285460875053104e-14,9.654941147069549,110.20218034153496,23.988676620190457,,,,,,,,,,,,0.08526179334817478,1.3098299113316996,14.875,-2.0833333333333335,16.958333333333332,-2.0289325775024736e-14,8.790747097591181,97.87826701271928,16.96255590982786,,,,,,,,,,,,-0.20257154896645266,0.7570880628345775,5.909774436090226,-1.9,7.809774436090226,2.892130979148533e-14,4.22640367767738,30.58020679223634,10.127898782340095,532.0,41.52379116518071,571.02447600301,23.89611842963225,-9.167759943811781,584587.151549599,587.6945666853969,62479.31057417792,249.9586177233702,-0.08216078363302183,-0.6068118673828453,3.1666666666666665,49.27216284826568,527.0,-225.0,752.0,1.234568003383174e-13,7.269284695448147,81.34147430412803,639.9578111094512,442.0,41.229242746912696,582.3371459228613,24.13166272602991,24.11955624775944,605851.8665925208,853.3704501176994,87097.51772305793,295.122885800234,-0.2249622020599961,-1.1947568426179391,2.630952380952381,69.64668996371992,786.0,-63.0,849.0,-1.574740338128322e-12,9.877512323234782,103.41563050755245,903.3681420107752,1.0
0.10014028015478385,39.89326699284645,602.6733095657574,24.54940548293904,-275.84186538881437,650434.8418741231,0.07026069237232695,0.00016081920201195513,0.012681451100404683,0.43942113886414513,-0.561566257016554,0.0005960730961594279,0.005496269836497916,0.0672653409050673,-0.009963212959546242,0.07722855386461355,-6.873841773558098e-17,10.889203812211377,130.33296400906346,0.07165751825358194,0.07984410390611762,35.8993553832478,490.7683011888727,22.153290978743378,3755.1092782923142,538872.9612949127,0.10706716151288771,0.0017069234965356708,0.04131493067325263,-0.5131199500469465,-0.7663449338648695,0.00047526252325070015,0.008844061020354357,0.09360388285716213,-0.03344247426117914,0.12704635711834128,1.1817803680091998e-17,6.580446394920858,75.24953995325512,0.11479752909371951,,,,,,,,,,,,0.0013015663825853532,0.0021224805968043246,0.007961498573359645,0.0,0.007961498573359645,-2.3635607360183997e-16,1.265780278655515,0.10327456727357598,0.03159175253236256,,,,,,,,,,,,0.023511315116687248,0.038102494068397504,0.20716018980074635,0.0,0.20716018980074635,2.8449465006019636e-16,1.5349962200411853,2.3412488407883174,0.5681000799441049,,,,,,,,,,,,0.5072109676145365,1.0477588127134632,7.292038680986272,0.0,7.292038680986272,1.0325074129013956e-14,3.7927470228676246,18.958712597692656,14.770406248348058,,,,,,,,,,,,0.036230157423724624,0.8223248283596043,5.15625,-2.75,7.90625,2.0067281170099704e-14,2.8523288007516627,16.86229186170707,10.444254419087063,,,,,,,,,,,,-0.1306215957737594,1.3125456396722421,13.625,-1.2580645161290323,14.883064516129032,-4.996003610813204e-16,8.203053754828847,80.30425476312881,16.736604412434406,532.0,41.715831535561506,568.4378151404377,23.841933963930813,-85.47185670762372,583102.1791697438,578.9262799167483,84613.21956461208,290.8835154569816,0.22640799916789617,-0.7540545493910956,3.1666666666666665,49.98614887511401,395.0,-341.0,736.0,2.2293278334473143e-13,2.7783071623870117,45.584115216389726,649.1933456220881,442.0,41.279330463193766,583.8334595935017,24.16264595596893,245.49740342078218,606024.4346493704,869.9290451190711,93201.93264869733,305.2899157337126,-0.1907564019722427,-0.899165948470939,2.630952380952381,70.89080801484606,784.0,-156.0,940.0,-1.688427175849938e-12,9.347783798503988,96.19643087494818,919.482463128036,1.0
1.0209605509264141,45.711223707923196,637.5079749231745,25.248920272423028,-2738.266513720684,757568.4550292729,0.7672804034660374,0.05804752309081719,0.24093053582063273,0.24197611142454042,-0.26387373784038987,0.005901506074719158,0.06096659772304547,0.7221341123853445,-0.1591998489427838,0.8813339613281284,-1.3860440573054689e-15,9.878200725819061,112.70077520570726,0.8056385104090639,0.3098046774609626,38.81745359332203,534.9909693994082,23.129871798161965,1497.3521085801842,557849.3544388122,0.22813629703183225,0.00983243463627428,0.0991586336950761,0.2544586861193091,-0.8603773710106242,-0.001790778482433309,0.0188576849706049,0.08697551744234938,-0.18495732913923527,0.2719328465815847,-1.2533377113932431e-16,-5.985915991772822,59.12094044361855,0.24914998778668304,,,,,,,,,,,,0.012028477982147949,0.08561668129000644,0.9297144715600903,0.0,0.9297144715600903,-2.3071822230491534e-16,9.15808735622292,88.804980820084,1.1272679661934282,,,,,,,,,,,,0.0765458563962837,0.45574903588719495,5.578286829360542,0.0,5.578286829360542,6.4254157550180935e-15,10.812901811781773,126.86223147797652,6.025470671524622,,,,,,,,,,,,0.7615047851285194,2.8623403907959393,33.46972097616325,0.0,33.46972097616325,7.771561172376096e-15,9.511916803194767,103.23884530150342,38.61851820816581,,,,,,,,,,,,-0.0639412806894623,2.0934069212414306,10.0,-23.666666666666668,33.66666666666667,2.5951463200613034e-15,-7.816347713934384,98.26037529939607,27.3074161043702,,,,,,,,,,,,0.12008595906276574,5.167941414658212,64.33333333333333,-10.025,74.35833333333333,-2.584044089815052e-14,11.444367982402964,141.78328572087847,67.39990094572524,532.0,42.97267532055614,600.0777556709281,24.496484557399825,-26.304010213587695,650724.5580646222,565.9574323625586,44846.92893962648,211.77093506812136,0.1861199034513353,-0.6449862603187829,3.0751445086705202,45.80960996192293,515.0,-150.0,665.0,1.4654943925052066e-13,8.076422963973366,92.21966056043183,603.8874067241343,442.0,42.88463870369621,608.3290779294107,24.664328045365654,783.2159157516493,659184.5708343278,977.8922560601734,189075.97972359014,434.8286785891544,0.18359289824842928,-0.9089184450465154,2.554913294797688,81.1310482154029,795.0,-401.0,1196.0,-4.60964599824365e-13,6.186918518275161,62.3527890943278,1067.6413255396214,1.0
0.15187923477323492,44.341447597122425,787.499520158552,28.062421851268503,-4401.694470224272,888817.9813406109,0.11222396661443522,0.0031757120450997085,0.05635345637225554,-0.18213111509789065,-1.0146934588798386,0.0009094564956481133,0.009688409027810542,0.09079843132509002,-0.013135533056797221,0.10393396438188725,-3.404394821604484e-17,8.764021176742117,77.98165729363063,0.1257522467452385,0.05243941709617875,37.14066691565206,385.30969189020016,19.62930696408307,1272.5926694564778,304250.8005997658,0.16314863497844884,0.004119533459071998,0.06418359182121236,-0.9265389688991102,-0.23288851779734038,0.0003140084856058607,0.013525968945775419,0.1190742634368023,-0.11952532972675686,0.23859959316355916,-7.426784881525705e-17,-0.1047227969687518,71.77671261911111,0.17484113652380545,,,,,,,,,,,,0.0014535592911813766,0.006555480644836981,0.08147732458116598,0.0,0.08147732458116598,-1.0755285551056204e-16,11.153278198517334,135.71714212560624,0.08625184972589851,,,,,,,,,,,,0.02556544996037621,0.11748832652194514,1.4665918424609876,0.0,1.4665918424609876,4.919675777870225e-15,11.307509103831707,138.37321055518066,1.544480932740714,,,,,,,,,,,,0.5009691288134245,2.1828856541285373,26.398653164297777,0.0,26.398653164297777,1.1035616864774056e-13,10.450939671127255,121.51350576245697,28.768617880582962,,,,,,,,,,,,0.0462143068894342,1.5829858373816414,18.666666666666668,-5.483333333333333,24.150000000000002,-8.756884106730922e-15,9.690448591548348,117.54718929002361,20.342484788724775,,,,,,,,,,,,0.0808500536627321,3.470735208915947,44.05555555555556,-4.65,48.705555555555556,-1.887379141862766e-15,12.42104638608033,157.99153303553177,44.59449559712174,532.0,41.07552901575569,558.5679254639966,23.634041665868253,381.6174304710338,564825.8606605553,564.3123596657523,81425.25952365134,285.35111621238025,0.274539854508813,-0.7292123309356796,3.18562874251497,48.78642477748044,336.0,-329.0,665.0,-2.5934809855243657e-13,2.4836212477370387,39.42532316527319,631.802184231742,442.0,41.00119522936772,572.4721437971021,23.926390112114742,188.9211078939794,588617.9486252571,880.7531032639322,123643.5735005916,351.62988141025727,-0.1525226771070656,-1.420205731133116,2.6467065868263475,73.16555567381171,793.0,-279.0,1072.0,9.166001291305292e-13,8.42163628205665,89.1191453975502,946.1257844494039,1.0
0.04361426569639483,29.35074265554611,383.2517584096841,19.576816861014052,2075.11353613994,295604.93472108437,0.023714128090012093,0.00018842072939715372,0.013726643049090834,-0.5212935652883862,-1.0267721726445367,0.00025065669940456793,0.0020772134069411714,0.01956680980687542,-0.0012717336003153356,0.020838543407190758,4.8138576458356397e-17,8.676418573200323,76.81766444132809,0.027599096207924285,0.024646458717460063,35.76297326966953,662.0639234781119,25.730602858816034,5460.529777120182,751192.2431811319,0.06068183146128257,0.0008278281900801483,0.02877200358126191,1.0733900890645238,0.6430718605258965,0.00014164631446816138,0.0050894921329216825,0.022506791088482254,-0.04551714623334901,0.06802393732183126,-1.4582519219930035e-17,-3.6667891075019305,40.92169659093374,0.0671610075103737,,,,,,,,,,,,0.0030664516477989794,0.011594296773266075,0.10475656017578482,0.0,0.10475656017578482,1.205632815803881e-16,7.439723048241783,59.46157482557113,0.15728606124026195,,,,,,,,,,,,0.042867963574763,0.1415691231963351,1.5523203555735927,0.0,1.5523203555735927,7.28583859910259e-15,8.197548535787037,79.28344934622575,1.9399150440943806,,,,,,,,,,,,0.715434388300485,2.3324434977608854,24.837125689177483,0.0,24.837125689177483,6.683542608243442e-14,8.341300463514658,78.166129349779,31.996373448941068,,,,,,,,,,,,0.04506741309100195,1.7245400677810436,17.5625,-11.695652173913043,29.258152173913043,-2.5576762929802044e-14,4.296412858305301,73.66048395775552,22.62485263912343,,,,,,,,,,,,-0.20187713236207852,0.882567223791141,7.5,-2.391304347826087,9.891304347826086,-2.525757381022231e-14,4.4935436092219465,36.05857514804278,11.87370356485103,532.0,42.45598695689563,604.2234710328147,24.580957488121058,532.6142191188623,662626.220073066,560.5604794131002,65951.39719601751,256.81004107319774,0.2071280879916325,-0.8615523326675619,3.057471264367816,46.701019290813036,452.0,-269.0,721.0,-3.552713678800501e-14,5.227016975567967,61.766927879516935,617.3475520320786,442.0,38.2929601565602,611.8214439815921,24.73502464081231,3894.8903207316325,707682.2089171397,694.7518283099525,93511.75912894383,305.796924655798,-0.14931110112741866,-0.703490051986044,2.5402298850574714,57.39203849582098,562.0,-55.0,617.0,-5.773159728050814e-14,8.193726449786785,70.88044390708406,757.7941673040245,1.0
0.0035548839878972362,40.25059335484222,454.0784022352554,21.309115472850003,-2255.1793821639276,373151.4582220412,0.004822766503977525,1.0037419518443523e-06,0.00100186922891381,0.20887665277655923,-0.9615833638261496,2.3858281797968028e-05,0.0004021751345968473,0.004709191202877815,-0.0011834418139941513,0.005892633016871966,-3.530433324155924e-18,10.545193568032973,125.40271441948136,0.004917803820635109,0.028573899194717964,31.936254272639843,529.1959137496045,23.004258600302784,2490.3799086895797,457903.88170789165,0.021215561691827485,0.0001228418950810986,0.011083406294145252,0.18947319547909297,-1.104244019874394,0.00019177113553501987,0.001954339011784178,0.01424952748978015,-0.008856417276063315,0.023105944765843465,3.810970636286548e-17,2.524585046748014,23.209985294652395,0.02397032236056678,,,,,,,,,,,,0.002823026931430273,0.014840582063636422,0.15839191898578664,0.0,0.15839191898578664,1.3791051634015616e-16,8.786916145937166,85.65173663539055,0.1831589923682068,,,,,,,,,,,,0.033187648453697476,0.1458787588690705,1.5839191898578664,0.0,1.5839191898578664,5.689893001203927e-16,8.8055680844109,88.68565516297629,1.813879474486327,,,,,,,,,,,,0.4722537013329198,1.5695037424659433,15.839191898578663,0.0,15.839191898578663,-2.220446049250313e-15,7.175812918590222,64.07079083902521,19.871983714201114,,,,,,,,,,,,-0.08743418532847122,1.1556548105963875,4.237410071942446,-11.2,15.437410071942445,-3.469446951953614e-14,-6.0565586421486195,60.1308592790437,14.051614439940243,,,,,,,,,,,,0.340248600258673,3.8036568800476807,32.18181818181818,-2.925925925925926,35.107744107744104,5.10702591327572e-15,7.505706127325625,58.29599554791942,46.3010312126358,532.0,36.657385382129725,448.2904071787661,21.172869601893034,50.322973602793134,360858.19627860625,603.9037372737026,15566.911241989821,124.76742861015379,-0.18587318741560246,-0.6231849949190584,3.5704697986577183,50.34875084706478,589.0,-112.0,701.0,3.774758283725532e-13,10.59016653408016,124.0690156895171,616.1282334060013,442.0,36.523513848785974,438.51569069829895,20.94076623952187,164.99238646345657,343012.5964218501,709.0474372890267,118437.5965387289,344.14763770615787,0.24261073036899586,-0.798113706982851,2.966442953020134,64.35101059967712,488.0,-316.0,804.0,-5.595524044110789e-14,3.7866872837677192,33.563392177771746,786.3383495671568,1.0
0.03221333925184093,31.763424924699287,511.0438271152804,22.60627848884642,3835.763504797202,555363.6255149066,0.01313511462684183,5.419993205472695e-05,0.0073620603131682475,0.5693106982511107,-0.28454993120743466,0.00018728685611535425,0.001148021601883902,0.009426762507821594,-0.0013361478136310525,0.010762910321452646,2.054563116860031e-17,6.3567767296600435,44.287404919583615,0.015255200882220236,0.004813761991643294,38.541537503798,703.0584314598468,26.51524903635353,4017.2317871853843,832871.1234407937,0.043710302221768284,0.0005273291808214301,0.022963649118148233,0.8366139699300131,0.5148678286309364,-2.7986988323507563e-05,0.003754594578334217,0.014188745181810899,-0.017063382198396093,0.031252127380206995,-4.0596595096004107e-17,-1.1518963218001428,9.616111125868075,0.049242414235063744,,,,,,,,,,,,0.01660125552282517,0.14125927146971357,1.7677669529663689,0.0,1.7677669529663689,-2.8935187579293142e-15,11.650883998011631,141.93505647619534,1.8490087628034473,,,,,,,,,,,,0.07349180382991263,0.3173799441950147,3.5355339059327378,0.0,3.5355339059327378,-7.771561172376096e-16,8.689384678002417,87.20244216153621,4.235109389502407,,,,,,,,,,,,0.7881656055418359,2.262605659200313,20.034692133618847,0.0,20.034692133618847,1.1257661469699087e-13,5.763924607575262,38.886412361281,31.147385236098813,,,,,,,,,,,,0.04621426199477544,1.6935639749919351,14.166666666666666,-8.727272727272727,22.89393939393939,7.0637939941775585e-15,3.0428533318190745,37.14736851089864,22.024527316675222,,,,,,,,,,,,0.23505877497996183,5.032052437349245,52.42857142857143,-7.0,59.42857142857143,4.5574655160862676e-14,8.268710401963505,77.12792599439106,65.48801368821437,532.0,42.91652697867645,604.2234029472443,24.58095610319591,-121.57988195878895,660350.8904462891,622.6655520927645,29030.37767887317,170.38303225049486,-0.025940636701758505,-0.7542048603896577,3.0930232558139537,49.07969975528829,595.0,-123.0,718.0,-2.984279490192421e-13,10.274938713026756,124.31405570084401,644.9511609416638,442.0,42.45009941547746,579.0335809584802,24.06311660941866,15.428444130197366,615932.6311195309,1052.3178259214822,241586.16999207094,491.51416052039735,0.4766816911706496,0.3075303768697636,2.5697674418604652,88.5339299952907,790.0,-379.0,1169.0,7.638334409421077e-13,4.71026572437535,44.54940208235809,1161.6006198345453,1.0
0.30281590870677944,41.44148671127771,679.8118229496289,26.073201240922238,-3932.8291813982873,731053.7542402352,0.17400763377843842,0.004818269265344922,0.06941375415106808,-0.12337705910199584,-0.9652232627847052,0.001835247931556239,0.014540271606989287,0.1575482616135734,-0.017868963069231004,0.1754172246828044,4.575333167888829e-16,8.797441545151504,86.21675535317408,0.18825503846358144,0.2607719597269938,37.93498822029155,649.5280053908283,25.48583931109251,-2545.106521906662,626280.1648316951,0.09315060040032004,0.0030604365257192023,0.05532121225822155,0.48778455973197776,-0.731435044549701,0.0015804361195575379,0.008408630016150526,0.06965566679857689,-0.017771266948564138,0.08742693374714103,2.719179048593645e-16,5.318840140735954,34.73964820234423,0.1099020842278441,,,,,,,,,,,,0.006827991868069282,0.04599979830050475,0.5236300945229827,0.0,0.5236300945229827,-6.591949208711867e-16,9.813425794376272,103.43905347777842,0.5918966738336016,,,,,,,,,,,,0.05661689427832233,0.31337782213897153,3.6654106616608786,0.0,3.6654106616608786,2.1718737919229625e-15,10.158202520751637,111.82980261107116,4.053221361393754,,,,,,,,,,,,0.6046938659400031,2.2410929802788733,25.65787463162615,0.0,25.65787463162615,-2.275957200481571e-14,9.178268941722651,98.03367491769858,29.54455434893602,,,,,,,,,,,,-0.13451701555337053,1.6358427129180104,4.806451612903226,-18.142857142857142,22.94930875576037,8.604228440844963e-15,-8.482705479606452,92.394526214697,20.891154727267164,,,,,,,,,,,,0.2424677489613648,4.055728462562051,44.0,-7.769230769230769,51.76923076923077,2.3314683517128287e-15,8.744160861689698,87.66941440503368,51.71316354038128,532.0,40.9365768493896,549.3850275023659,23.438963874334675,-113.60374829547794,544854.3125285503,613.9616968858069,19675.522561978618,140.2694641109697,-0.0849936361795828,-0.7386594958271496,3.224242424242424,48.87961110730985,596.0,-127.0,723.0,-1.5898393712632242e-13,10.85896552207001,132.59319460510736,629.2344555092322,442.0,40.53563630408562,549.098759208204,23.43285640309785,-359.9134871630086,537001.8196229566,840.3463290623047,74350.5228412647,272.672922823783,-0.13028278967467521,-0.4616833896490976,2.6787878787878787,68.569892490119,777.0,-172.0,949.0,7.283063041541027e-14,9.085072533720792,100.4215115608838,881.4680935802498,1.0
1.2343391290517403,48.84986240012104,796.9733767211757,28.230716900588543,-321.1965212023221,1143635.880366344,0.9804498648843697,0.02272675391436699,0.150753951571317,-0.03164296497275039,-0.749065558613693,0.006297648617610919,0.07070051556664672,0.9700360635914872,-0.03865661165828427,1.0086926752497716,6.29704621779581e-16,13.104930714183018,177.8592638780406,0.9937262011148287,0.022412489371077624,47.057749738627294,826.4731296409102,28.748445690870145,713.1480596687458,1245792.0634700586,0.06762171154914891,0.0010099835949520415,0.031780239063796255,0.08203761820264716,-0.8290970767050178,0.00011434943556672255,0.005303489536578895,0.050475704805890295,-0.03068091213203271,0.081156616937923,6.272109567828643e-17,3.496176029947029,54.70670621890914,0.0742661100595095,0.14327707971557307,45.960072044364196,1073.6562905693752,32.76669483743173,2488.328126954994,1701873.0826534608,0.026655787824641487,0.00020603915517004555,0.014354064064579257,1.5522581026540885,3.959014723801102,0.0007310055087529235,0.002154023654597393,0.022627416997969524,0.0,0.022627416997969524,1.8539857149502126e-16,6.6152624844733605,58.28372265822514,0.03184557494919627,1.9322546708512616,38.44036931374798,1074.3509356088066,32.77729298781104,13570.535826696467,1865725.316197826,0.2211973608360797,0.03811544555642485,0.1952317739417046,2.5737277983616753,7.811036576119418,0.00985844219822072,0.02102901488591515,0.11600970628841795,0.0,0.11600970628841795,-1.412064909445121e-15,2.559744330748972,7.019710376175487,0.32515232819549245,32.301389407450216,43.76118475885794,961.360636514012,31.005816172357274,3467.5975072335264,1543182.5827522737,5.319022940457164,8.573654692425796,2.9280803767017387,2.7045390730644234,9.073090302229918,0.1648030071808685,0.43280655675543334,4.570574266800003,0.0,4.570574266800003,3.1086244689504383e-15,6.150370347044592,55.22442767174264,6.483701347400636,22.840531491755364,43.761184758857944,961.3606365140122,31.005816172357278,3467.5975072335036,1543182.349130291,3.76111719048407,4.286827346212899,2.07046549022506,2.704539073064423,9.073090302229913,0.1165333239375273,0.3060404512237672,3.2318840579710146,0.0,3.2318840579710146,2.2648549702353193e-14,6.150370347044592,55.22442767174261,4.584669189935346,2.805465915586412,47.04238942462598,801.842044103637,28.316815571381557,1383.234689494115,1156442.8952026437,9.46496476282041,2.7251571963275043,1.6508050146299849,0.6188424234368917,1.1123257482763331,-0.014313601610134745,0.6844039099138948,8.985507246376812,-1.5555555555555556,10.541062801932368,5.0411064211886014e-15,11.512154434794166,153.80244969262546,9.583749989169672,541.0,47.63091460783231,825.735555423871,28.735614756324093,283.2701700155826,1226065.5999227795,224.21924994163976,961.2993841798904,31.004828401071507,2.4126185425403044,9.172029738351965,2.760204081632653,16.130799794156744,223.0,0.0,223.0,2.2293278334473143e-13,13.099858579182095,178.87320652013264,229.11350898626645,388.0,48.989250436149845,792.8261593572527,28.15716888036247,-378.22024510475615,1127939.8821142006,622.7626183974418,1475.1496981908774,38.407677594341436,-2.6475521301512424,12.8050974148892,1.9795918367346939,44.46300447765926,620.0,-26.0,646.0,-4.551914400963142e-13,13.801370577553037,192.34580664203543,623.0987080712011,0.0
3.910218221096115,42.499626140253646,604.3797006984726,24.584135142373274,-532.4967140859052,656038.5831436553,3.7896056719271503,0.02616496211864125,0.16175587197576863,-0.030868901217472676,-0.9742306851308222,0.023001283653506566,0.2900730030364186,3.786945729607986,-0.11867991330137989,3.905625642909366,4.9960036108132044e-15,12.966373484561599,168.71885902159448,3.7939608648280445,0.5362735051780727,40.63689053062332,572.4308529390348,23.92552722384681,573.7793630395302,603477.0608720405,0.5477421758375494,0.008256332162466696,0.09086436134407536,-0.13677641919345357,-0.942835279744981,-0.0031545500304592526,0.04253001717828267,0.045137864295133376,-0.541613934889704,0.5867517991848373,2.0556473190325164e-16,-12.116295595681033,152.8458476548883,0.5560468532448907,,,,,,,,,,,,0.004637563892666073,0.03243705987541736,0.4124789556921527,0.0,0.4124789556921527,5.455705331947058e-16,12.138011151926671,152.22997659609578,0.4221719974945226,,,,,,,,,,,,0.049413193822099945,0.21472488861017977,2.4748737341529163,0.0,2.4748737341529163,4.5727310826748635e-15,9.705860004929956,103.11438517116326,2.838845062882238,,,,,,,,,,,,0.7300893955704485,2.317784983690856,23.900209204105305,0.0,23.900209204105305,6.072919944699606e-14,7.671490491874004,68.21638086709757,31.309043222692793,,,,,,,,,,,,0.16403407391482888,1.7104594998621132,16.9,-5.666666666666667,22.566666666666666,1.8318679906315083e-15,6.826720914594952,63.13651563015799,22.138836775228793,,,,,,,,,,,,-0.17175265603515816,1.1664703422942337,11.076923076923077,-2.4285714285714284,13.505494505494505,1.1712852909795402e-14,7.079477533815062,62.557902276887745,15.19095907752333,532.0,42.46278265045925,593.4102174006301,24.36001267242343,46.07188503005877,631593.5696154992,571.0370844541653,73360.24817808643,270.85097042116433,0.22342754048324703,-0.8041847267293106,3.1294117647058823,48.00399204852836,393.0,-323.0,716.0,3.2596148002994596e-13,3.3497527928508855,50.59968270847247,627.2240429065199,442.0,42.258547053337,578.3681510796547,24.049285874629515,-13.295982616428391,618754.191156787,866.850362705506,93742.75455968587,306.17438586479744,-0.2501052770332722,-1.2624913720521835,2.6,70.10894043851877,797.0,-43.0,840.0,-9.334755191048316e-13,9.99083853883705,105.35341825144921,914.7371207073647,1.0
223.55916177034985,42.3800647127835,616.3781352215013,24.826963874414876,95.46184369967295,683653.4425981644,221.9321031200453,1.1685131504835757,1.080977867712182,0.11716320707400206,-1.478883683174447,1.2997625684322665,16.87374285886689,221.94213474150442,-0.5545140567820303,222.49664879828646,-1.3855583347321954e-13,13.113002975417098,171.96684973046294,221.9526163347724,3.2871816789179857,44.88103123675545,598.967561511426,24.473813791712683,-1721.5476697198685,661993.6333763073,3.9873254915851697,0.15421653529715487,0.3927041320092709,-0.4971952466127579,-1.1908516314816333,0.01911152138905806,0.30441005359155987,3.9576259604383357,-0.5691410316988834,4.526766992137219,2.3592239273284576e-15,12.659906216960326,164.78398422262651,4.000160712785964,,,,,,,,,,,,0.005048508621154897,0.04994642724552734,0.6518185966493278,0.0,0.6518185966493278,-1.1587952819525071e-15,12.962990532724422,168.3529050444548,0.6526120461097218,,,,,,,,,,,,0.05509528199680465,0.44978200075998903,5.8663673698439505,0.0,5.8663673698439505,2.3203661214665772e-14,12.875380323812749,166.81851847398616,5.890869899574125,,,,,,,,,,,,0.71254371338006,4.097228158966712,52.79730632859555,0.0,52.79730632859555,2.8133051444001467e-13,12.279587917201066,156.16169204391588,54.06343047743187,,,,,,,,,,,,0.21822454344637515,2.93255462245653,37.333333333333336,-3.929411764705882,41.26274509803922,-6.328271240363392e-15,12.089460148948923,153.39592294379776,38.22861830479955,,,,,,,,,,,,0.31067347358514774,6.831863640775176,88.66666666666667,-1.6705882352941177,90.33725490196079,-2.2870594307278225e-14,12.913258733048734,167.4891767486272,88.90600946760362,532.0,43.048381217003296,595.0883231574977,24.394432216337762,-396.34865721457277,638980.5017730106,539.8298138220248,74624.42327166893,273.17471199155483,0.440572803104757,-0.8375298468520768,3.0930232558139537,46.104690753377675,341.0,-334.0,675.0,-5.258016244624741e-13,2.282789011864191,47.714483824053445,606.0165014254975,442.0,42.70744027726685,612.2690103481854,24.74407020577224,-30.13608037401553,674248.1422736885,869.5283088277835,96844.82247267614,311.1990078272682,-0.17421799111730255,-1.0717613589873805,2.5697674418604652,70.12605605019594,798.0,-142.0,940.0,5.559996907322784e-13,9.77662780814225,103.96343290462164,920.3119036500615,1.0
0.18341129126922195,33.08202621087303,468.02885610006837,21.633974579352458,2887.2670834308924,440299.7082712416,0.10938500207685332,0.002135837367228449,0.04621512054759187,-0.6753094418763643,-0.35452692040937317,0.001066344716681523,0.00905439393990131,0.09442336060795314,-0.008389964602117465,0.10281332521007061,1.474514954580286e-16,8.795007594019044,81.40074580426202,0.11956793966561119,0.05422825904078655,42.29394963102372,670.477526580966,25.893580798741723,-1672.1928185821184,760629.5008585197,0.11468762345940908,0.0011927459432745805,0.0345361541471337,0.5315960427335144,0.00011307938892717255,-0.00031528057581852657,0.009116938000884183,0.04149207668290761,-0.09082779060683749,0.1323198672897451,-4.141652298894627e-17,-5.754985948490016,61.49929005427057,0.11963899523480694,,,,,,,,,,,,0.002661906734512843,0.013952831219471147,0.17401455943262692,0.0,0.17401455943262692,9.93129189996722e-17,11.353252054459514,137.25451635097903,0.18411110073101322,,,,,,,,,,,,0.03350225912096486,0.1151491131651131,1.3921164754610154,0.0,1.3921164754610154,1.7416623698807143e-15,10.074007987987429,116.45584949381765,1.554390201223171,,,,,,,,,,,,0.5444316121641722,1.2710774022857754,11.136931803688123,0.0,11.136931803688123,6.106226635438361e-15,5.5169481486802905,39.14681716215644,17.922703903469458,,,,,,,,,,,,0.14409750576451025,0.9670872144202207,7.875,-3.2476190476190476,11.122619047619047,7.494005416219807e-15,4.453525890413659,33.654452438829836,12.673265467341858,,,,,,,,,,,,-0.2201168002152453,0.683333340200153,5.788321167883212,-1.2857142857142858,7.074035453597498,1.6819878823071122e-14,4.39347491960709,37.42772681218092,9.305186962501304,532.0,42.74489827389869,606.5159226192974,24.62754398268933,87.49741842684826,664182.5845419315,519.6571629114744,58364.08419758811,241.58659771930255,0.24831031477945106,-0.8593752799135376,3.0930232558139537,43.64647296732971,329.0,-341.0,670.0,-4.973799150320701e-13,1.2359686914527486,49.762930146260295,573.8536398769289,442.0,42.24524185262107,613.0192422684809,24.759225397182377,52.40522677505698,670643.6911275011,865.1563016981202,85603.82944598509,292.5813210818235,-0.24786949600065009,-1.2397444824077062,2.5697674418604652,69.59367799035336,793.0,-51.0,844.0,7.265299473147024e-13,10.0122658407758,105.6620409392477,913.3345498775353,1.0
1.0732015523541873,46.1514471881035,655.2626685431721,25.598098924396165,-4234.3635991960155,753512.9189714666,1.0965867924868216,0.05950348366124736,0.24393335905785285,0.5461631750104947,-1.0931072320319355,0.006276032469907529,0.08565625319396197,1.0710391760176337,-0.2439062319224412,1.3149454079400749,-9.939965517347105e-16,11.295401161260106,141.48456557577498,1.123103455790849,0.4840213447191007,34.39468993680367,447.6973505700519,21.158859859880256,2201.710667855129,416856.1458180565,0.36109590194563507,0.016903483187607236,0.13001339618519023,-1.1278778421233522,-0.0479009201308684,0.0028305341796438636,0.029263110394816154,0.3169841946818461,-0.06370046557058358,0.38068466025242964,5.195496810550537e-16,9.140656663075012,90.53752547156428,0.3844507844787765,,,,,,,,,,,,0.0027287113156677307,0.016727383830545683,0.21692761516601416,0.0,0.21692761516601416,-3.9942008034365983e-16,12.609468285143931,161.86052998220995,0.2196775080053804,,,,,,,,,,,,0.04125604395017392,0.21821014115628837,2.820058997158184,0.0,2.820058997158184,5.100087019371813e-15,12.401471919908834,158.24642367543743,2.878433274103372,,,,,,,,,,,,0.6891070637472438,2.8947907786919513,36.66076696305639,0.0,36.66076696305639,5.1736392947532295e-14,11.562513666619152,143.26135137473946,38.56924434331906,,,,,,,,,,,,0.12015836761061079,2.100691092366104,25.923076923076923,-2.9279279279279278,28.851004851004852,1.9748092050519972e-14,11.135267678002025,136.67990868947734,27.272574220401793,,,,,,,,,,,,-0.1885086183686985,0.8722492186236421,6.869565217391305,-1.2666666666666666,8.13623188405797,1.1823875212257917e-14,5.295248530466209,39.53284754422995,11.566654890802438,532.0,42.723062715177086,592.1347580244936,24.33381922396264,-356.8644343671878,632074.6772959699,613.0879138145692,88179.88052273485,296.9509732645018,0.16095861315448473,-1.0386673668710873,3.111111111111111,51.94142499902338,467.0,-325.0,792.0,1.3322676295501878e-14,4.3081329738450584,55.180731804034146,680.4395638115114,442.0,42.03222660494131,601.554660147071,24.526611265053944,42.47010485478862,649333.9044223612,868.6737524329394,93744.47653995884,306.1771979425621,-0.23384100685719572,-1.0755415558260844,2.584795321637427,70.22842931062652,790.0,-98.0,888.0,-7.895906151134113e-13,9.71650462155277,101.14293143986959,918.9776928739892,1.0
0.11039984284349161,42.104660229415686,563.766325967495,23.74376393850594,-2244.1986404330105,578743.0729998082,0.10605395726169085,0.000224324555047043,0.01497746824556951,0.04423144420476734,-1.0987273350206552,0.000669089956627222,0.008312910932711151,0.10538034553277693,-0.0135536556249685,0.11893400115774544,7.871307772244762e-17,12.20631162991253,154.3145492006314,0.10712659788757353,0.22665201187782674,40.56731945524591,562.5364254044869,23.717850353783895,-590.6765128966076,565366.0539057996,0.12109478086411271,0.002348650992740539,0.04846288262929207,-0.026261337399009703,-0.630061600247428,0.0013736485568353136,0.010123327485390047,0.10745205170352609,-0.010840969380282763,0.11829302108380885,7.37257477290143e-18,8.54643890834582,81.72999269094458,0.13122816201614143,,,,,,,,,,,,0.004442030836231381,0.023406784548061735,0.24249203744394635,0.0,0.24249203744394635,1.196959198423997e-16,8.163057209630546,73.3980843665875,0.30229965486836935,,,,,,,,,,,,0.05147023972570294,0.22023806578588928,2.182428336995517,0.0,2.182428336995517,-1.970645868709653e-15,7.34840861449482,60.91759935385753,2.8698070637176167,,,,,,,,,,,,0.777256972208042,2.8995220118150415,27.636090031374234,0.0,27.636090031374234,-2.353672812205332e-14,7.028936837946602,56.41603519116399,38.08974092788241,,,,,,,,,,,,-0.2016973864372358,2.1130537885315124,5.584905660377358,-19.541666666666668,25.126572327044027,-1.5515366769136563e-14,-6.462880139628438,54.30505059064987,26.93351410374443,,,,,,,,,,,,0.082076623804228,2.7658225287297085,23.625,-9.272727272727273,32.89772727272727,8.046341370970822e-14,5.411037137930329,42.78755243573001,35.10980267744648,532.0,40.525466873607414,460.72637843961684,21.464537694523422,192.96520989598034,427394.3977745212,855.3909102441162,159357.40286686496,399.1959454539399,0.2053100579893845,-0.9261573927643164,3.224242424242424,73.26377016210321,592.0,-469.0,1061.0,-1.5187850976872141e-13,3.7403180437853325,50.07881810852791,942.0010615705271,442.0,40.91851192878534,553.6587507270297,23.52995432904683,-345.6412860599201,550462.0545454714,834.642185765113,74425.44613147818,272.81027497416255,-0.28187436262612103,-0.2664148812846679,2.6787878787878787,68.1522349288961,783.0,-206.0,989.0,4.440892098500626e-14,9.141930035511066,105.49343561494037,876.1072993646384,1.0
0.002574717650549561,38.96115509090455,459.8876235519891,21.44499064005366,-374.04306081155835,401566.58203412086,0.002607630003150461,2.507724876386594e-07,0.000500771891821675,-0.22827696597038732,-0.7830434783886043,1.6504600324035647e-05,0.00021240847969577407,0.0023080372793616607,-0.0008966862495495865,0.0032047235289112473,-1.7143946852427039e-18,8.012366069524125,90.22841804685227,0.0026609778646674467,0.015367865433987172,31.519877766639127,489.20510416431426,22.117981466768487,4067.8585428735323,461171.69395325566,0.016683834558624305,6.865772064665036e-05,0.008285995452970655,0.3936767060321392,-0.8687594333383566,9.851195791017418e-05,0.0014888364832807014,0.012816027413591733,-0.004589350793894097,0.01740537820748583,7.128629284092192e-18,4.2030443651304354,36.145325760931065,0.018636223706766222,,,,,,,,,,,,0.0021949446091116395,0.014273601520722767,0.17316900763752183,0.0,0.17316900763752183,2.992397996059992e-17,11.486339447669767,137.09259908901615,0.1780453012461605,,,,,,,,,,,,0.02433799542091046,0.1036094086370972,1.2121830534626528,0.0,1.2121830534626528,1.4710455076283324e-15,10.123360098788941,114.65542125510328,1.312151527851892,,,,,,,,,,,,0.3756849347428564,1.1872263069433076,10.66925674904259,0.0,10.66925674904259,-4.463096558993129e-14,6.535405290398768,50.29744970692887,15.352462736050828,,,,,,,,,,,,-0.021591257883434956,0.8802593678163838,7.544303797468355,-6.0,13.544303797468356,-5.0636578263763e-14,2.1500335617970503,48.8174812405978,10.855830508575318,,,,,,,,,,,,0.3966846309396845,4.635165998136172,50.857142857142854,-3.509433962264151,54.36657681940701,-2.4369395390522186e-14,9.265094906477788,95.13508674762613,57.355057528160735,532.0,38.883544203866784,501.9314543867801,22.403826779967304,-50.81207903845129,453919.6699134447,602.9453558150157,6614.744054950335,81.33107680923901,-0.30171762810182073,0.21590163319562747,3.41025641025641,48.489870974397924,596.0,-42.0,638.0,8.08242361927114e-14,11.81745188753779,144.64112061777553,607.1342520398598,442.0,37.68074869875342,487.7879634048717,22.085922290112126,364.7074863313932,415226.6869208816,798.1723918672388,171860.75593785444,414.56091945316604,0.8047930480542114,-0.013170386024528052,2.8333333333333335,71.929705119877,449.0,-372.0,821.0,7.007727731433988e-13,2.760817154290908,27.06212316826991,899.0984373248571,1.0
13.237059693020669,134.1293289649115,7396.925617935477,86.00538133126018,3584.7710371605604,87153586.36177558,6.355215048267046,9.291681284619042,3.048225924143262,0.23622563045908573,-0.551652491912778,0.024467762833679622,0.3027557009976312,4.5725642317963535,-0.9161311021155212,5.488695333911875,1.416922135177856e-14,12.84043202200421,178.01445835707307,7.064877215806163,0.5026166200832729,127.84819024915535,7006.94274109631,83.70748318457741,40933.39496851964,80688968.6325308,0.2823041049096023,0.020342317203013324,0.14262649544531802,0.7853474954231747,1.046422668139589,0.0009290510537583609,0.013585697863755913,0.17677036694945747,-0.12855867348984873,0.3053290404393062,-1.160746845862981e-15,4.597315853737397,83.47440347015255,0.31673327638158133,,,,,,,,,,,,0.0012347657926513821,0.006032308213754606,0.11048543456039805,0.0,0.11048543456039805,-7.667477763817487e-16,13.004666622451692,212.16026361741044,0.14268668426068593,,,,,,,,,,,,0.018298478621279236,0.07515753481755388,1.3258252147247767,0.0,1.3258252147247767,1.4849232954361469e-15,11.594898147746555,178.87362829201575,1.792521627808636,,,,,,,,,,,,0.33455511851597985,1.2921473655357016,15.90990257669732,0.0,15.90990257669732,1.2401191185062999e-13,8.252928776921804,83.31506350697947,30.93063420998245,,,,,,,,,,,,0.07671895514911434,0.940691327011093,11.25,-5.777777777777778,17.02777777777778,-1.399713678296166e-13,6.100684108795424,79.7990929545049,21.871261196279203,,,,,,,,,,,,0.018169837378859625,2.0266866362739546,18.511627906976745,-35.111111111111114,53.622739018087856,-4.9911463850804694e-14,-7.116046615532793,187.23842452697144,46.96682467777289,521.0,133.76116952242884,5989.40481544619,77.39124508267192,14917.198262715758,63885261.81142314,765.6215831830854,123027.76543829979,350.75314031138737,0.3886556719273998,-0.3469221519340899,0.9630314232902033,36.173060630731584,474.0,-489.0,963.0,-2.2160051571518125e-13,-1.9271651194829857,132.573548600007,841.662046191938,467.0,132.9042140032318,5997.044949700247,77.44058980728548,25190.444661839858,63710073.51874842,1064.0574116235264,282578.854398671,531.5814654393727,0.3374664525392636,-0.4387464113364238,0.8632162661737524,51.09126837589986,796.0,-632.0,1428.0,-3.1157298963080393e-12,4.2854038511444665,157.84543973938065,1188.5221916312712,1.0
0.25761015802643195,40.88829369067989,627.1963553941353,25.043888583727075,1087.9850722216627,683204.493620315,0.13837998395288487,0.001650774454340485,0.04062972377878645,0.7416732149088231,1.0277255777207963,0.0015243204616948633,0.01106107806535054,0.13129254391797737,-0.006376393860526996,0.13766893777850436,9.974659986866641e-18,10.090495698049558,113.84373881401716,0.14515301974666137,0.1056078276377486,39.45028851936169,611.7765209139891,24.734116537972184,1594.6896638350734,630179.6818170487,0.08667555184152395,0.001113034410358547,0.033362170348443264,-0.7581955814621454,-0.03291006030370852,0.0006248983883890448,0.007123029629786375,0.06575503943683683,-0.034990224089696154,0.10074526352653299,6.570265165262157e-17,4.320240854403779,47.38758251419469,0.0929550445018653,,,,,,,,,,,,0.0019729883452775697,0.009766534591526686,0.113247570424408,0.0,0.113247570424408,3.8163916471489756e-17,9.655980058498995,104.15083788033053,0.1287610426979401,,,,,,,,,,,,0.02446982991661293,0.08713728120060041,0.905980563395264,0.0,0.905980563395264,-8.257283745649602e-16,7.571053522494488,68.6811533948411,1.1696197179626977,,,,,,,,,,,,0.38599906416987995,1.216531873731139,11.526809172767006,0.0,11.526809172767006,-3.219646771412954e-15,6.338417163920523,49.12858145783831,16.493448029942606,,,,,,,,,,,,-0.02463791415588397,0.9021449505805352,8.150684931506849,-5.125,13.275684931506849,-2.911559882079473e-14,2.8412516013707023,47.71084301467831,11.662628947120318,,,,,,,,,,,,-0.029225596505105995,1.4710691016638333,14.090909090909092,-4.538461538461538,18.62937062937063,-5.232619892936441e-14,7.295867067459438,65.4741809349416,19.014153650354995,532.0,41.76428557005494,577.7699216095245,24.036845084360063,58.412471216114035,601447.0965180361,602.3793960777472,7276.527466722876,85.30256424471,-0.21593354946089588,0.24357440359249954,3.1479289940828403,46.66050759564997,595.0,-45.0,640.0,1.4654943925052066e-13,12.182626828890163,154.77785277430868,607.9654595451949,442.0,41.611182897222406,581.5819255122266,24.11600973445289,31.11940577542098,607986.816616255,772.7330582519384,18182.44211317789,134.84228607220322,-0.10873982749876061,-0.8159058445437605,2.6153846153846154,60.160436388949904,758.0,-59.0,817.0,-1.5836221223253233e-12,11.905123213691367,148.72965628046904,782.8243736624454,1.0
3.658313040689835,47.77234625947169,705.2369761716247,26.556298239243073,-2970.4139889206967,915512.0096604889,3.7286725636284648,0.23444835984896975,0.48419867807437245,0.3753003422486919,-1.1582219227388981,0.019668349681128145,0.27507992622406946,3.698079665781683,-0.4082965178194366,4.106376183601119,3.282096816548119e-15,12.972302121862166,173.66731029536606,3.76116745453524,3.2032593463412034,45.97394378239307,718.597269270881,26.80666464278764,-2.9169014459310887,928681.9187120458,2.4591986509926795,0.12161665992109971,0.3487358024652756,-0.07229307091709053,-1.0302338427006594,0.017221824442694645,0.18172866296715898,2.4386339595265505,-0.03866934948809233,2.477303309014643,-4.2674197509029455e-15,12.893699260230203,171.21574071558808,2.489552783465279,,,,,,,,,,,,0.0021142431957151147,0.009479289230488703,0.12626906806902635,0.0,0.12626906806902635,-4.189357194483989e-16,12.448885151042973,163.1749710043684,0.13102482454203615,,,,,,,,,,,,0.03644959567450213,0.1355191373635747,1.7677669529663689,0.0,1.7677669529663689,-7.0637939941775585e-15,11.584217720789447,147.47157649004487,1.8932273371736386,,,,,,,,,,,,0.7706933505566328,2.4090327357437644,24.748737341529164,0.0,24.748737341529164,9.103828801926284e-15,7.092983100580689,60.4627053336291,34.12225178927779,,,,,,,,,,,,0.09466662876254474,1.7859848013455746,17.5,-6.705882352941177,24.205882352941178,1.4072076837123859e-14,6.131767230188968,56.357340368876685,24.12807562955313,,,,,,,,,,,,-0.071523062609402,1.5786924003059688,13.5,-4.429906542056075,17.929906542056074,1.887379141862766e-15,6.084899648246601,46.026472140755395,21.319571155980825,532.0,46.61753780270364,734.0732686496112,27.093786532148126,-341.3709108337492,972538.5847779044,931.2103055156393,223179.17335308314,472.4184303698186,0.26995851403957327,-0.8726684094357385,2.860215053763441,76.27850659062273,595.0,-456.0,1051.0,-1.2105871860512707e-12,2.5641750279535036,40.1314678146419,1041.0312195126523,442.0,46.026059091389946,711.3599054595944,26.67133115274891,387.51406632572576,901918.7963538931,1006.0370370694931,220319.4800444353,469.38201930243906,0.13885749171970185,-0.6167391285120374,2.3763440860215055,80.94195636758955,783.0,-474.0,1257.0,2.2293278334473143e-13,4.810476833389584,57.010335142396286,1104.3767473104456,1.0
0.1434133670195486,32.84146999997599,454.45399129523577,21.317926524294894,2453.23813713936,392312.9185983677,0.11112556198524215,0.00046668017702795634,0.021602781696530574,0.07096710948045232,-1.5287703583166996,0.0009560891134636576,0.009226145823983723,0.11112453440683631,-0.0007250239113339901,0.1118495583181703,-2.949029909160572e-17,11.545819263363715,137.28544708545746,0.11360185286228575,0.015580184251554753,45.077260105064354,366.039974614703,19.132171194475106,-2879.6417814863726,296458.23725187447,0.06278975439135155,0.0006762923143715544,0.02600562082265206,-0.41486003408369554,-0.9664786025130568,0.0001038678950103651,0.005509636004664492,0.03145266151718922,-0.05591206180164054,0.08736472331882976,1.3633842319005218e-17,-5.739420060029721,78.0170985343082,0.06749097433380546,,,,,,,,,,,,0.007664560595741784,0.06194133199462324,0.7332959212304938,0.0,0.7332959212304938,2.1423834928313568e-16,11.159576946402343,129.76350146398048,0.7567262995719858,,,,,,,,,,,,0.04464124490740904,0.21697223659089887,2.1998877636914815,0.0,2.1998877636914815,3.684552662974738e-15,8.122979174424659,72.34203770865842,2.685751189728234,,,,,,,,,,,,0.466882811640263,1.3258870851773013,9.369164850721754,0.0,9.369164850721754,4.884981308350689e-15,4.771614138562867,25.1946477898079,17.043049903096176,,,,,,,,,,,,-0.030973997425106158,0.9934881341546308,5.363636363636363,-6.625,11.988636363636363,-1.6254358969902682e-14,-1.1221180177037167,25.28098925851888,12.051256158580038,,,,,,,,,,,,0.4209549897801614,5.213055206848363,51.125,-5.666666666666667,56.791666666666664,1.6486811915683575e-14,8.403830242861023,74.22036535675197,63.41066716950101,532.0,37.47809002910926,461.7944592546039,21.489403417838382,-61.54760447644141,385127.89820881817,599.1294648105729,6999.217729129782,83.66132756016833,0.07908296896245348,0.2407156478648387,3.546666666666667,49.12726149728076,590.0,-53.0,643.0,-9.094947017729282e-13,11.44707520696308,136.97728431701765,603.2495337752032,442.0,36.07368768512815,452.21731651786524,21.265401865891583,254.32679232215196,361928.4047533638,738.5316049466945,135151.601828193,367.6297074886536,0.6162919934618957,-0.3143676564141448,2.9466666666666668,67.35248440522125,533.0,-295.0,828.0,7.220890552162018e-13,4.6160519865081575,37.72171289500259,825.6851700254765,1.0
0.24219355794063002,32.24273058127513,522.8193291507465,22.86524281853894,5137.431689578337,598327.6744067952,0.12519911839998452,0.00336168908003259,0.05798007485363045,0.15575324366938723,-0.755947617950141,0.0013683251861052544,0.01034133755067699,0.12082725888742091,-0.001690456964621013,0.12251771585204192,-2.0079424234431542e-16,9.883980539813512,106.40760443517394,0.13878168819732345,0.007383158542377297,50.69397388013422,686.0871540712277,26.19326543352752,-6159.885486910625,914634.1934653631,0.09789591198009932,0.0019629639972826695,0.044305349533466834,0.3756551888682013,-0.4980216543998614,-4.171276012642544e-05,0.008053963020962548,0.062662167510791,-0.06909852622309105,0.13176069373388205,3.1943306506854174e-17,-1.200059664872159,51.41220511385577,0.10715244594799468,,,,,,,,,,,,0.006668642993133955,0.06003303417667566,0.7856742013183862,0.0,0.7856742013183862,-9.211381657436846e-16,12.713574890652339,164.77569109752395,0.7967608565799623,,,,,,,,,,,,0.04938270093451755,0.22950611292566422,2.3570226039551585,0.0,2.3570226039551585,2.1510571102112408e-15,9.012060368223008,83.35773450018208,3.0966816145350595,,,,,,,,,,,,0.6944138552708969,2.3691823382035055,28.75567576825293,0.0,28.75567576825293,1.0702549957386509e-13,9.907826539642665,114.14360623446527,32.56640886564377,,,,,,,,,,,,0.1685488416228773,1.7375871388253814,20.333333333333332,-5.290909090909091,25.624242424242425,-1.5987211554602254e-14,9.019738334655976,105.2906047186105,23.027928547790413,,,,,,,,,,,,-0.19925343995078898,0.9201647063305004,7.413793103448276,-3.3333333333333335,10.74712643678161,1.2490009027033011e-14,5.476771830814685,45.51633433094393,12.419117259245203,532.0,43.88086182900192,635.170708884896,25.202593296819597,-21.752211549669944,726930.5922717034,542.2949634163184,64649.91128965759,254.2634682561724,0.2041203894757804,-0.8087853620309482,3.005649717514124,44.8920232713053,387.0,-291.0,678.0,-4.04121180963557e-13,3.655659294771123,50.861439338838686,598.5866687456379,442.0,43.46024903242382,645.7944649629732,25.412486398677583,237.03983612866608,748759.0805512532,860.621486356151,83728.52085849321,289.3588098857424,-0.265216810281469,-1.264326374149614,2.4971751412429377,68.05366147003238,790.0,-20.0,810.0,-3.304023721284466e-13,10.236670241788458,110.22682162023561,906.0044150002802,1.0
0.0017696856351132122,40.01969585519462,505.6661044464447,22.487020799706766,-783.5505936881616,467574.72777341836,0.005496987522155342,2.5900777139554734e-06,0.0016093718383131579,-0.014897001410883239,-0.7518787339938043,1.1200541994387416e-05,0.00045415616361886774,0.004946829641153393,-0.0019931638886329073,0.0069399935297863,2.490276864927643e-18,7.461736883450267,91.42966124193288,0.0057103902799063066,0.020377529974696884,37.78971247962389,538.0624321514373,23.196172791032517,877.6270714445462,513100.0419265949,0.046120402224130295,0.0003955648084063888,0.019888811136073187,0.04252651868651087,-0.47092431172384747,-0.0001289717087006132,0.003968972255728594,0.018951259266271635,-0.037839475141464796,0.05679073440773643,4.060337135958214e-17,-5.77516375937786,59.607504092428044,0.049915540325687895,,,,,,,,,,,,0.006519909825155275,0.057788477915174316,0.7132913886021733,0.0,0.7132913886021733,8.083811398051921e-16,11.904961384282538,145.21447299418026,0.72635715388877,,,,,,,,,,,,0.05540898476204907,0.4036343565798183,4.993039720215213,0.0,4.993039720215213,-3.8719027983802334e-15,11.886872071945712,145.27055832810817,5.088670996146094,,,,,,,,,,,,0.6359889786820325,3.02194951765514,34.95127804150649,0.0,34.95127804150649,-3.8191672047105385e-14,9.88823798670963,108.55882236938648,38.57096181648484,,,,,,,,,,,,-0.12187096236475717,2.180247211364533,8.720588235294118,-24.714285714285715,33.43487394957983,1.7486012637846216e-15,-8.846903570860675,106.00081937610479,27.273788657323824,,,,,,,,,,,,0.2827500215991265,4.845913038368888,57.285714285714285,-8.978260869565217,66.2639751552795,-4.5630166312093934e-14,10.650634941808395,124.23288566003481,60.62837649997781,532.0,39.49642124814963,510.45323712294623,22.593212191340704,-14.07440713512941,474118.3031024491,626.8920742180195,35475.31462440141,188.34891723713577,-0.1519489392775495,-0.4124349934342098,3.367088607594937,51.81849462493762,593.0,-173.0,766.0,-1.2363443602225743e-12,9.317004878998747,107.92635095936001,652.7219928882433,442.0,39.24976460388747,443.5252135059367,21.06003830732358,105.55193555474777,385955.4063358834,820.755045068096,148755.68764083728,385.6885889429933,0.5211052203876887,0.10096946576431658,2.7974683544303796,72.1045091984914,463.0,-413.0,876.0,-1.4805934256401088e-12,2.8022228930300286,30.14873844481821,907.0214991939276,1.0
2.599950342504261,45.2674965393449,648.9954387060795,25.47538888233268,-1533.3928970229376,758420.544979244,2.8199075993376703,0.040652313903551264,0.20162418977779245,0.32953839866112855,-1.480637699924552,0.014688984985899779,0.21189720937445655,2.8120467998492287,-0.2754246521923219,3.0874714520415507,1.2108369862318114e-15,13.094977922475591,173.51680556233717,2.8258744258805817,0.47621803637169846,41.20949420084703,578.2994221796896,24.047856914488026,1391.3292139409684,649503.8257587113,0.43303864264348585,0.0039247265055407385,0.0626476376692748,-0.7934230357227812,-0.6441203701892888,0.0026904973806310645,0.03279499496498909,0.4290876713733882,-0.039246805237251575,0.46833447661063976,-2.975050761300224e-16,12.538526417987635,163.1427812964071,0.4377748660565893,,,,,,,,,,,,0.011350970173478322,0.10906499929695204,1.4142135623730951,0.0,1.4142135623730951,5.759281940243e-16,12.396782498438427,158.30782125508202,1.4505872101382182,,,,,,,,,,,,0.07759265392987243,0.5002699672729395,5.656854249492381,0.0,5.656854249492381,-8.049116928532385e-16,9.886649319941027,101.26056592202322,6.697078879433259,,,,,,,,,,,,0.84376928080312,3.5186152730055555,38.826590530606786,0.0,38.826590530606786,9.547918011776346e-15,8.828390653810773,86.17149163761475,47.86653326453276,,,,,,,,,,,,0.2573562020348448,2.5455977303182986,27.454545454545453,-2.742857142857143,30.197402597402597,-1.2989609388114332e-14,8.595402801183358,82.97332871795673,33.84675026324257,,,,,,,,,,,,-0.11274565194860105,1.44641007403122,14.436363636363636,-1.3333333333333333,15.76969696969697,6.522560269672795e-15,8.101104449192867,74.0239577140825,19.192248298496835,532.0,44.28441191026765,637.8470326050459,25.255633680528508,-309.31827236021684,735058.7973254485,599.2527107193614,74659.82505913371,273.23950127888486,0.06499660903634975,-0.7879725210769695,3.005649717514124,49.36391980232291,488.0,-288.0,776.0,-3.6859404417555197e-13,5.517423834242566,65.98222055461488,657.9604851356956,442.0,43.54196354051541,642.3876853156142,25.345368123497718,91.37212033324248,746795.909951864,869.3571012178373,102089.2078348463,319.5140182133584,-0.21948203383628764,-0.9819023086607624,2.4971751412429377,69.42150990304003,794.0,-129.0,923.0,-4.156675004196586e-13,9.728695967136323,103.41248364852964,924.1904565618496,1.0
0.05641069558493695,42.88844255956533,567.2664195981763,23.8173554283043,-1399.6484636644975,585810.4910148184,0.06469354795355385,2.8143968947856752e-05,0.00530508896700675,-0.12273783148597724,-1.558116458608008,0.0003377885963169877,0.005007879528394057,0.06382640788422261,-0.010822527808681258,0.07464893569290387,2.721347452938616e-17,12.246301656026096,156.51761115902832,0.0648631179532759,0.16596458150059984,37.3433179820753,657.8057541624323,25.647724151714364,2270.521740158885,721070.9867967819,0.08581623652689441,0.0007619469949712489,0.02760338738219005,1.5846816729721753,1.816052835952061,0.0009937998892251487,0.006954821068469396,0.07045879135406936,-0.02488887930370329,0.09534767065777265,-1.1275702593849246e-17,6.255979660871758,61.39847862091141,0.09078903078279742,,,,,,,,,,,,0.0030942519120932895,0.021738137048460737,0.27907802359330175,0.0,0.27907802359330175,2.0122792321330962e-16,12.591678117188968,160.2990732906426,0.28119004880371834,,,,,,,,,,,,0.0443967737284279,0.26169803638880273,3.3489362831196208,0.0,3.3489362831196208,5.384581669432009e-15,12.388675078035893,156.80087871409668,3.399255428153158,,,,,,,,,,,,0.714709609699101,3.222399168508472,40.18723539743545,0.0,40.18723539743545,1.822986206434507e-13,11.383914170520612,138.6740245144517,42.26967306821352,,,,,,,,,,,,-0.1465000843694167,2.3293498747461494,5.573770491803279,-28.416666666666668,33.990437158469945,-3.524958103184872e-14,-10.885707273414198,133.62248054811013,29.889172465072157,,,,,,,,,,,,-0.2679627767629331,1.0746649404185864,5.896296296296296,-11.0,16.896296296296295,-1.0658141036401503e-14,-4.950516746424375,66.54785034077345,14.183802048775325,532.0,40.86282754649404,566.4182333480993,23.799542713003948,525.5707623684544,578870.4256891959,591.1313026696818,86821.34926910531,294.65462709603815,0.03744889159442651,-0.8182065949339516,3.18562874251497,50.957610980306576,419.0,-341.0,760.0,-1.9539925233402755e-13,3.2059743854735903,49.003011079823736,659.8030009025421,442.0,41.030301262917824,575.3788405412095,23.987055687207828,97.86715114883228,594258.5150487019,873.9092769723007,93998.75634464201,306.59216615015134,-0.22381564771211257,-1.0969546516079511,2.6467065868263475,71.45117489128546,796.0,-132.0,928.0,9.166001291305292e-13,9.575101897610546,99.17477390355452,923.9859306288164,1.0
0.9130456263284815,31.382552415926128,410.56404090866164,20.26237994186916,2454.6219132744177,338384.82078680303,0.7196168471525487,0.031402740461208424,0.17720818395663454,-0.4081090741899078,-1.3708603251829177,0.006169227204922173,0.06085391428528014,0.6588116142307239,-0.08816312126184903,0.7469747354925729,-5.776629175002768e-16,9.457847859010805,95.32612270067806,0.7441143868557024,0.003530332219640637,39.25421249214409,374.0158480898448,19.339489344081574,-281.3688694337713,266477.5584172426,0.17572436920325427,0.0021150938403226532,0.04599014938356532,-1.7528644837308405,3.1573098514476126,-2.385359607865313e-05,0.014897947661542555,0.09872143615628379,-0.13793189274083079,0.23665332889711457,3.686287386450715e-17,-3.258819608733405,62.53976954459777,0.1812415879454157,,,,,,,,,,,,0.006762371271730315,0.03511245059977184,0.3167838379715733,0.0,0.3167838379715733,-1.6653345369377348e-16,7.140264547122582,54.394332050976345,0.43057985158275813,,,,,,,,,,,,0.05561522475750524,0.2330092961236179,2.0951312035156966,0.0,2.0951312035156966,5.689893001203927e-16,6.99414418346799,53.22582146512679,2.884618842967557,,,,,,,,,,,,0.6435579983346262,2.1746314760606493,18.856180831641268,0.0,18.856180831641268,2.6201263381153694e-14,6.482016591900355,47.14825852343005,27.308650613215107,,,,,,,,,,,,-0.10055013388684789,1.6004637288993522,10.690909090909091,-13.333333333333334,24.024242424242424,9.603429163007604e-15,-2.1618537490219,46.311339136382394,19.310132033658572,,,,,,,,,,,,0.6461289137300668,5.846300820492586,47.833333333333336,-2.5714285714285716,50.404761904761905,-7.105427357601002e-15,7.131889342684437,52.70400640198764,70.82742265001103,532.0,36.915742287973266,453.45935735914264,21.294585165227865,-34.77110138269256,369692.5276722807,606.8086906262338,17197.69946696211,131.13999949276388,-0.20356317932786777,-0.614500975155004,3.5945945945945947,50.70820577523665,588.0,-120.0,708.0,8.277822871605167e-13,10.404047789471713,120.64085080186842,618.4399728348742,442.0,36.67586176802991,427.0294612600573,20.66469117262722,-309.02667871882375,331252.80982601363,778.5389769178076,122355.22358193551,349.79311540099746,0.09631641862766975,-0.6792289338478025,2.9864864864864864,70.12594716674839,665.0,-240.0,905.0,-8.002487561498128e-13,6.067648033923244,57.138391068755716,853.8922648671787,1.0
1.2757526608238496,36.84946947257988,499.4107658022253,22.34750021372022,-50.146753932940086,436184.38994016836,0.9594497691979641,0.0112025456104586,0.10584207863821742,0.690035993761793,0.16307364553466902,0.008505017738825667,0.0784388438866367,0.9529008589984125,-0.030044560470107895,0.9829454194685203,8.604228440844963e-16,11.774572131076507,141.83969192738465,0.9663064387405693,0.11001662414890939,34.913627282557975,396.425991253712,19.9104492981377,-124.33102813389827,290688.51156187995,0.22065805630625743,0.004131364326666751,0.06427569001315156,-1.0713637537643916,1.4844715069520806,-0.000733444160992729,0.01876538353153247,0.05926959071535471,-0.2102222674096006,0.2694918581249553,-5.963111948670274e-17,-9.062284529705979,105.04335924252963,0.23000355195826985,,,,,,,,,,,,0.0044793732370754045,0.021937675470091508,0.21354624791833735,0.0,0.21354624791833735,-1.1449174941446927e-16,7.5690353618429445,62.89068673275709,0.2733086754103944,,,,,,,,,,,,0.04830586880892486,0.20712137324937002,2.1354624791833734,0.0,2.1354624791833734,1.6375789613221059e-15,8.056840267993001,73.47748980898257,2.5960884639193975,,,,,,,,,,,,0.6144747465662096,2.0477684875627933,21.354624791833736,0.0,21.354624791833736,3.3084646133829665e-14,7.734229380880454,72.44265751173782,26.097304725404143,,,,,,,,,,,,-0.1427102610241401,1.5050253412517112,3.247191011235955,-15.1,18.347191011235957,7.827072323607354e-15,-7.187322780909652,67.41498549527265,18.453581142025,,,,,,,,,,,,0.057275173327215774,2.7849388845101077,25.25,-10.454545454545455,35.70454545454545,-5.219435994519017e-14,6.164908939647244,53.16344762195348,34.00169981566322,532.0,37.40341320364295,459.4407547753728,21.43456915301478,76.94769110044777,380161.60156164365,603.624369919045,29128.020039836043,170.66932952301664,-0.08567571830120353,-1.0088317432025764,3.546666666666667,51.07570677163659,578.0,-151.0,729.0,-1.0231815394945443e-12,9.510752923647184,108.19908483899356,627.0534267508631,442.0,37.254161363495214,459.8100325003115,21.443181492034046,-107.21835174184619,380886.6197735728,840.4752994128789,66682.55107683153,258.2296479431274,-0.05003705111203702,-0.5229105316902414,2.9466666666666668,71.51995401440216,794.0,-158.0,952.0,-4.529709940470639e-14,9.198946128451434,100.94997343955383,876.6801012912292,1.0
0.10378030534346763,49.9682954493,880.976251341782,29.681244100303175,-5372.631342340368,1278156.7468805162,0.07295763998323263,0.00045114329826167766,0.021240134139446427,0.04057638006348043,-0.546609993855281,0.0005433523839972127,0.005483783981495876,0.06965986976942112,-0.010864436678895318,0.08052430644831644,-3.664603343001005e-17,11.023495384429108,134.71693043181736,0.07615851657340166,0.08740123509494516,44.00468338513991,589.6185864319672,24.282063059632456,-234.57456696399964,728654.9735611144,0.0748119252529259,0.0011143790680187007,0.033382316696399315,-0.11263585806175834,-0.9230257950138674,0.0004575980895023305,0.005912125280463618,0.05612164342879563,-0.030844992084467455,0.08696663551326309,5.2475385148298415e-17,4.500477793542214,48.42213566931778,0.08195157519286567,,,,,,,,,,,,0.0033812481208514845,0.0160532194123658,0.17059208788101107,0.0,0.17059208788101107,6.4791921827733745e-16,8.590028948804548,79.39097480994862,0.22553760851650528,,,,,,,,,,,,0.04264353906308682,0.1843975876058253,2.388289230334155,0.0,2.388289230334155,1.2351231148954867e-14,11.22335509961537,139.93960161055733,2.6019527260519464,,,,,,,,,,,,0.6581383313416461,2.5554539347944543,33.43604922467817,0.0,33.43604922467817,2.375877272697835e-14,11.373047034173643,144.31162837643748,36.27808946969398,,,,,,,,,,,,0.20591430362165702,1.8545470437772311,23.642857142857142,-2.981132075471698,26.62398921832884,-1.3378187446733136e-14,10.811943953544143,135.9268101814645,25.6524830725129,,,,,,,,,,,,0.04520665909885119,3.520158661583359,39.125,-12.5,51.625,2.4480417692984702e-14,8.290512303703869,86.90276378499557,48.39817105901039,532.0,47.033088284864135,746.2376559162046,27.31735082170679,492.3459086844263,995344.0515486213,505.1167778184681,52694.95655576202,229.55382060807008,0.30367945128811574,-0.7748469909506597,2.7853403141361257,40.040960634693974,331.0,-316.0,647.0,-4.60964599824365e-13,2.0224463627057823,55.3879551776997,554.7143408998905,442.0,46.95283825274552,749.0285714332633,27.36838635055533,608.3037400930718,1023451.3493158837,930.2131625833644,169970.87215665478,412.2752383501279,0.13576025066272637,-0.7811366358964161,2.3141361256544504,73.42935315581926,791.0,-325.0,1116.0,-7.904787935331115e-14,7.49365149886286,78.41240592818724,1015.3176842742374,1.0
0.0005658518670776484,31.456048238657626,414.1574952692768,20.350859816461732,2627.913246411666,312669.49645187164,0.0005132427359684289,2.9622892819711213e-08,0.0001721130233878634,-0.5961190357414834,-0.599161607695614,4.070876741565816e-06,4.574977219892905e-05,0.0004713520112107019,-0.00013927871579427244,0.0006106307270049743,-2.456395547037471e-19,7.60168023879428,79.63044457009877,0.0005415129762287789,0.0004447559608805867,30.621917130602622,430.5706679280448,20.750196816609833,1952.1428083018143,329560.5230816287,0.012733231091889934,3.2411912645122654e-05,0.005693146111344996,-0.04614161964105153,-0.4189186712522773,-3.199683171802768e-06,0.0011787918072597864,0.005091462004559305,-0.00797225807262719,0.013063720077186494,-6.625491713423137e-18,-1.27072305987266,19.41380531418838,0.013897801640334797,,,,,,,,,,,,0.009516637474608505,0.08649848249611913,0.9951873216699556,0.0,0.9951873216699556,-4.631711680858075e-16,11.13698559069062,126.69022241538711,1.011085936752592,,,,,,,,,,,,0.0476831993017697,0.2893286315709811,2.985561965009867,0.0,2.985561965009867,-4.822531263215524e-15,8.973034014505503,84.86677865665577,3.4070427812433617,,,,,,,,,,,,0.4438604600307139,1.551899777571764,14.299270463994628,0.0,14.299270463994628,5.96189764223709e-14,6.77522968653244,53.31656387439231,18.754457569516838,,,,,,,,,,,,-0.06357794588691162,1.1395878020581778,6.333333333333333,-10.11111111111111,16.444444444444443,1.7263968032921184e-14,-3.643638573009391,51.84308825466465,13.261404124880732,,,,,,,,,,,,0.3470313659558048,4.7105902910892015,48.888888888888886,-4.333333333333333,53.22222222222222,1.8318679906315083e-14,9.113237495610356,88.41054169797798,54.88043707941136,532.0,34.16982068096643,389.20045536685814,19.72816401409057,-19.960627661730708,273521.03359902167,600.3499565246691,11308.089121117751,106.33949934581106,-0.3413991778479426,-0.07402902345418241,3.827338129496403,51.52731036118917,589.0,-91.0,680.0,-4.742872761198669e-13,10.627790580449426,121.1377371368282,609.1715686077281,442.0,34.08454353756863,380.62414030123205,19.50959098241765,36.61215916020782,258758.5463027728,662.904334807123,100400.10376349113,316.859754092392,0.3653982757774432,-0.47314887320560844,3.179856115107914,62.09522181811717,440.0,-323.0,763.0,4.147793219999585e-13,3.8617702013112596,34.514730199390485,733.051157832794,1.0
0.07162462830801075,45.6292381614952,627.5098752062847,25.050147209273735,-8954.723926008108,761337.2551656523,0.044246147141734776,0.0005620555758871854,0.023707711316936213,-0.04632511622877387,-1.5499607795054633,0.0004394148975951579,0.003919683189183958,0.03792131042993028,-0.01032587131231592,0.048247181742246195,1.0928757898653885e-16,7.043317623153147,59.503505441900636,0.05035664093439299,0.036574275993889765,31.458741255573624,461.43513643581235,21.481041325685595,2561.9052448165726,396811.68966307613,0.09390224716527834,0.002178261520445323,0.046671849336032564,0.5014306426219345,-0.1704313217786578,-0.0002243820613122074,0.00818813823852263,0.045311047768958126,-0.058398410128237696,0.10370945789719582,2.2442984970449942e-17,-0.9617925942587604,27.366362442015063,0.1045783949244923,,,,,,,,,,,,0.0012551004822772425,0.0021906042923066906,0.008380524814062786,0.0,0.008380524814062786,2.0513105103425744e-16,1.407743565138782,0.5101376362624541,0.03213396879543175,,,,,,,,,,,,0.021612854508835603,0.03660447373612515,0.1257078722109418,0.0,0.1257078722109418,-3.1155633628543455e-15,1.3055325807987206,0.06991681340500167,0.5410494269085226,,,,,,,,,,,,0.4336016852065461,0.8458287887249625,7.269941594074192,0.0,7.269941594074192,-5.3179682879545e-14,3.874090033231898,25.588045150454057,12.097799606642612,,,,,,,,,,,,0.057547781913607945,0.6696317147669801,5.140625,-2.2847222222222223,7.425347222222222,2.6728619317850644e-14,2.3881966338863356,20.534960321159193,8.554436139292937,,,,,,,,,,,,-0.20795299224778743,0.617298986611624,4.078125,-1.25,5.328125,-1.3711254354120683e-14,2.8666028419864613,20.33576926396211,8.290778172690457,532.0,40.075710997806794,534.6515969075923,23.122534396289527,259.13453755792017,516594.4799834495,523.1770395020394,57899.88410331354,240.62394748510286,0.25784640946769277,-0.8471497510045064,3.263803680981595,44.96622157202596,329.0,-329.0,658.0,-9.769962616701378e-14,1.8080687859116928,46.62579870301783,575.6005559413577,442.0,40.00418920674163,549.0844604087754,23.432551299608317,175.59477911073077,539337.3881037968,855.6308097366904,80184.73224415038,283.16908772701584,-0.24817674265060563,-1.2027602554787096,2.7116564417177913,70.3760908164547,783.0,-49.0,832.0,1.5445422718585178e-12,9.758094715856634,100.69325891698564,899.1685047865055,1.0
0.07294742240915819,33.57810583256902,518.3039354590229,22.76628945302732,3761.539274183172,570929.6495623596,0.03913493792948873,0.00029994641133514145,0.017318961035095073,-0.1179878072979772,-0.7594150387538291,0.0004316415527169123,0.003282238881269573,0.03530910498854827,-0.0033544902966238916,0.038663595285172166,-6.483528991463317e-17,8.371233485195004,79.9582110082417,0.04303649264442547,0.13229717920889877,38.410213624904344,691.8483491269637,26.303010267400264,839.8790793155734,747203.8574837118,0.06028798861170331,0.0007682033583565265,0.02771648170956275,0.3390346674076457,-0.007393176154158602,0.0007828235456147858,0.005089025547172706,0.0301240745654874,-0.03753762109627683,0.06766169566176422,8.500145032286355e-17,0.14087778038071974,29.969617815870627,0.06693547593948486,,,,,,,,,,,,0.004416344242478404,0.022306870202827456,0.23913815340419683,0.0,0.23913815340419683,-2.1076890233118206e-16,8.331163910147259,78.68195441173104,0.2929824091690511,,,,,,,,,,,,0.04353987061715996,0.16338651274458707,1.673967073829378,0.0,1.673967073829378,3.3931191190106347e-15,7.373567522097568,63.99672190455597,2.17855110064294,,,,,,,,,,,,0.5476068639935606,1.4150701448912721,11.717769516805646,0.0,11.717769516805646,6.772360450213455e-15,5.109883476949789,31.741669177944768,19.549456962985154,,,,,,,,,,,,-0.010150664239807351,1.0728678204901263,6.153846153846154,-8.285714285714286,14.439560439560442,1.7631729409828267e-14,-1.650376516524171,30.038896646825112,13.82355358704137,,,,,,,,,,,,0.27078065474624724,4.559649335590751,43.22222222222222,-6.454545454545454,49.676767676767675,6.350475700855895e-14,8.521899917571751,75.00754154573835,58.850473418701604,532.0,41.80275233554012,580.993794565177,24.10381286363585,76.95623914703268,609275.6037530423,594.5067238635826,12778.017185752064,113.03989201052903,0.11757444334295927,0.29293764200377825,3.1479289940828403,46.41269094037008,581.0,-60.0,641.0,1.545430450278218e-13,11.522780288732923,143.53418253994377,604.7511885064799,442.0,41.16170397439816,572.9918418415344,23.937248000585498,-12.900597405901362,588354.2773972027,850.428645685199,120559.95193137132,347.2174418593791,0.043750257899760205,-0.7906152317724819,2.6153846153846154,70.45062058511911,715.0,-284.0,999.0,-1.766586876783549e-12,7.056681708579736,69.08976595992063,916.4889524702412,1.0
0.12571105547938066,33.9450874397899,498.66211357323226,22.330743686076204,3727.639936003331,507432.7842261984,0.09300657550732945,0.0006819462810401032,0.02611410119150386,-0.3066793916680405,-1.3605594001384107,0.0007618851847235198,0.007497721175577699,0.08910339098449908,-0.0014805913493673288,0.09058398233386641,4.92227786308419e-17,10.740168363205344,121.08456351542274,0.096805930382039,0.039332105411751604,43.79236783830152,523.1447576235389,22.872357937552895,-1475.0335262303088,495130.01492522965,0.07117265943262958,0.00029086381610905396,0.017054730021582105,-0.7521004761906437,0.5831138036415846,-0.00023837639643485824,0.00568034792374195,0.019849742447331706,-0.06709272472304553,0.08694246717037724,5.377642775528102e-17,-9.688886457567406,117.92160638560723,0.07302961052742632,,,,,,,,,,,,0.0021130746497247336,0.010259579891869791,0.11475211475303851,0.0,0.11475211475303851,-5.0306980803327406e-17,9.47108062988494,96.9231226828382,0.13291190431751368,,,,,,,,,,,,0.028627180432896134,0.11245013077575386,1.2622732622834236,0.0,1.2622732622834236,6.696032617270475e-16,9.143117229324368,94.30337402597979,1.4723423945314138,,,,,,,,,,,,0.45391238534528905,1.3832433193317297,13.88500588511766,0.0,13.88500588511766,7.216449660063518e-16,7.00835169756032,60.008716063393905,18.472226827899274,,,,,,,,,,,,-0.07380390864076064,1.0267678657282786,5.300884955752212,-9.818181818181818,15.11906677393403,7.93809462606987e-15,-4.8666111733912025,55.71480878494919,13.061836853623644,,,,,,,,,,,,0.42091805779243335,4.530662194110912,41.2,-3.177570093457944,44.37757009345795,-1.1274314815068465e-13,7.307052600634892,55.983969772319696,57.73521958468668,532.0,40.88063654896579,555.083364428343,23.560207223798837,-3.3728637677504003,554360.6165105674,613.9427987404696,15008.30085032906,122.50837053168678,-0.1972854350582108,-0.7379109263723935,3.224242424242424,48.58972974350961,599.0,-108.0,707.0,-1.305622276959184e-13,11.239659293499102,138.44338235488942,625.518984524051,442.0,40.771298115539295,548.4864226368044,23.419786989569406,310.45653690362656,540393.4939721044,896.1820746541746,164940.83541000297,406.1290871262522,0.43754085799399955,-0.4564257356856189,2.6787878787878787,76.36499181096218,598.0,-340.0,938.0,-5.524469770534779e-13,3.65965964659454,32.389891014478934,981.5294188153506,1.0
1.529415443678102,42.33503666258156,631.3431383466257,25.12654250681191,541.4621896857786,718056.4217634469,1.454578957982877,0.0015642927902939105,0.03955114145374202,0.070067617036265,-1.351481866863126,0.008789743929184492,0.11001829048658471,1.4547155662112867,-0.002055430233475736,1.4567709964447624,5.863365348801608e-16,13.160201656642363,173.4435053035168,1.4558651682583859,0.27764083537309475,43.86260843977997,594.202465038897,24.37626848061239,-562.806528235377,655771.2530675887,0.2667749440401928,0.0012210993282379499,0.03494423168761834,-1.4194368339222716,1.5556551370438374,-0.0015956369849028434,0.02035866610653983,0.01894288075645979,-0.26400641697442634,0.2829492977308861,-5.126107871511465e-16,-12.418958892257816,160.2543977268362,0.26937281541829466,,,,,,,,,,,,0.01602567753106708,0.10444391221346397,0.9428090415820632,0.0,0.9428090415820632,2.914335439641036e-16,7.965249012246249,65.2097961952358,1.3857996752311543,,,,,,,,,,,,0.0857483358062245,0.40492806126106745,3.1170421374753934,0.0,3.1170421374753934,7.93809462606987e-15,6.4154440818060054,41.15642608610337,5.428347450662274,,,,,,,,,,,,0.7712228254501813,2.6294063593596815,23.68807716974934,0.0,23.68807716974934,6.994405055138486e-14,7.169186051576495,56.88838256934825,35.9370663974048,,,,,,,,,,,,0.10746510511016145,1.934614296378463,16.75,-15.428571428571429,32.17857142857143,-2.145505995088115e-14,1.0153972811172403,55.61654897476944,25.411343345556144,,,,,,,,,,,,0.07416901408211976,4.6042943636493145,55.714285714285715,-12.625,68.33928571428572,2.148281552649678e-14,10.506847773742866,126.04572833925165,60.392588554578715,532.0,43.31976343487012,622.5133526551698,24.950217487131646,212.2952892593239,694703.1557161164,527.8356152662292,45438.18394617651,213.1623417636814,0.40624515205173084,-0.12195594563883543,3.057471264367816,43.0075792095714,464.0,-190.0,654.0,-1.5631940186722204e-13,7.099487187538528,80.37628108840367,568.7407142099113,442.0,43.0103182082013,621.6975515349292,24.933863550098472,822.8188413222165,688209.0835001259,957.9079728825379,221148.49939611374,470.2642867538569,0.3881214552313846,-0.6378076832670365,2.5402298850574714,80.85758796168525,785.0,-404.0,1189.0,-4.556355293061642e-13,6.068661515793736,60.7933991984586,1067.1110532648418,1.0
0.0033066823826063216,40.47467265004558,510.63738444845086,22.597287103731077,-3193.365358781527,444387.99107507203,0.0025861884035077174,1.197349584339592e-06,0.0010942347025842273,-0.020624962845391826,-0.669670906480505,2.1898558825207428e-05,0.0002277662437593938,0.0018199532526832686,-0.000628878161097498,0.002448831413780767,-3.0493186101154812e-18,5.408726979760312,36.59949699365051,0.0028117447092343923,0.03573658699101602,29.593763270301057,496.92834620838585,22.291889695770205,4242.595424929224,418601.4424181209,0.017905671534867714,0.00012109707400310289,0.01100441157005239,0.7328902721018151,-0.40076239606810965,0.00023666613901335122,0.0017046584291197234,0.010128642030749334,-0.00560346843832464,0.015732110469073975,-2.7050844203513336e-17,2.465710885427488,15.060245167317332,0.021148109949118022,,,,,,,,,,,,0.03642411178550644,0.40436262095040326,4.949747468305833,0.0,4.949747468305833,1.7416623698807143e-15,12.162667440207443,148.26459737058929,4.9558592520414795,,,,,,,,,,,,0.09987620154223531,0.8206391844580009,9.899494936611665,0.0,9.899494936611665,-1.1879386363489175e-14,11.59149041631658,138.17736732668524,10.091093353975934,,,,,,,,,,,,0.5771727627463858,2.112703642628494,19.79898987322333,0.0,19.79898987322333,-1.0436096431476471e-14,6.820377238363838,53.14534809476151,26.73387582946343,,,,,,,,,,,,-2.824778837953939e-06,1.5486518458995298,14.0,-8.555555555555555,22.555555555555557,-5.195545726703241e-14,3.4360462830976664,52.62367904002067,18.90370488641273,,,,,,,,,,,,-0.5312509030142606,13.980314624462423,57.0,-157.0,214.0,-4.690692279041286e-13,-8.930388110276597,108.10767278237307,170.77465342847515,532.0,37.20678293988075,462.23405007153127,21.499629068231183,138.9910860098821,385015.9185229156,604.6336638997719,9236.039145804363,96.10431387718432,-0.11603299616224516,-0.34889505891596917,3.5231788079470197,49.65681354675345,594.0,-77.0,671.0,-9.530154443382344e-13,11.220699453429773,133.91480965754633,611.7270633215437,442.0,36.83209690880584,466.9429002837042,21.608861614710392,190.4242240635274,383375.0919216799,744.9211274843927,106148.5671607142,325.80449223531923,0.0944276848945011,-0.5766427350348012,2.9271523178807946,65.94590391285931,468.0,-314.0,782.0,1.425526363618701e-12,3.6157112116389896,30.650580890640057,811.1547324647746,1.0
0.4341408595447633,36.83473783949121,591.2387792804191,24.31540209991229,3691.4217248635177,716850.6594979737,0.24086737325752627,0.00838339200544607,0.09156086503220724,0.21514902409237754,-0.21637755548524298,0.002509484737252966,0.019534564842699106,0.2135600914062875,-0.021520317010122848,0.23508040841641037,8.075137780672037e-16,8.678192906403245,84.71803950649758,0.25904851966869297,0.17229309365194515,43.1357860549303,705.0724667940319,26.553200688316878,-1775.0523363566394,856126.5722286819,0.1422002127595511,0.005271572593606637,0.07260559615901957,0.18079461158119467,-0.8172518279144314,0.0009959138361384115,0.012103865948749324,0.085232867307142,-0.06635350082346217,0.15158636813060417,1.3314002678121994e-16,2.5142755826309133,25.891624879487008,0.15973949681420335,,,,,,,,,,,,0.004914340778888956,0.03519760644563903,0.452990281697632,0.0,0.452990281697632,2.445960101127298e-16,12.36243086591761,157.14007766815172,0.4620073152776271,,,,,,,,,,,,0.05516405022171776,0.29105536614153543,3.623922253581056,0.0,3.623922253581056,-2.67841304690819e-15,11.286016481751926,135.7738261039353,3.8510796489859134,,,,,,,,,,,,0.7361997513982945,2.6086749311761945,28.991378028648448,0.0,28.991378028648448,4.8627768478581856e-14,8.930100604910917,89.18423550422719,35.237374618656254,,,,,,,,,,,,0.016634798195406218,1.91658831488195,11.733333333333333,-20.5,32.233333333333334,7.618905506490137e-15,-5.947538521720445,85.55968058645196,24.916586544062568,,,,,,,,,,,,0.16633182502602145,3.9437570567694022,36.44444444444444,-8.733333333333333,45.17777777777778,9.381384558082573e-14,7.457512453165399,61.22477659586129,51.31442032999207,532.0,42.92839110397301,601.05279315947,24.516378059563976,16.307424791611428,643377.5585229994,464.26463411401704,45412.77974353603,213.102744570632,0.2513733718343123,-0.9091556417351845,3.0751445086705202,38.72580528434898,373.0,-165.0,538.0,1.9628743075372768e-13,4.923843470611705,54.1435768350089,510.96183810535206,442.0,42.58842337854261,617.7868051020392,24.855317441184276,405.2412457911718,692459.5012509444,998.048903511692,210507.7350363191,458.81121938801704,0.4382526759203849,-0.43701795705089214,2.554913294797688,83.27247317089987,797.0,-339.0,1136.0,-6.012967901369848e-13,5.750839310676832,54.318760663121466,1095.793776218865,1.0
0.0022537139018464565,41.385914275683994,580.4135944802428,24.091774415352695,-2674.452729673119,523962.9004791584,0.0020032994991210974,6.719191098359668e-07,0.0008197067218438354,0.5163421461541118,-0.4403669098342275,1.4827065143726688e-05,0.00017363642962239456,0.0015545682860711024,-0.0008128898966021572,0.0023674581826732596,-1.07742590890747e-18,5.735043025071613,53.60976237281054,0.0021485242926306356,0.02120709766241763,29.504739421064752,534.8064071665992,23.1258817597643,6468.637398548565,561904.5225489454,0.01879930594868527,0.00013536062657861056,0.011634458585538502,0.8380219859849894,-0.01576492365941106,0.00013952037935801082,0.0017891204153272623,0.012967279907643722,-0.006129938789449996,0.01909721869709372,-2.325613659981407e-17,2.860172905577018,21.16375572259841,0.022124726102556506,,,,,,,,,,,,0.002618606018747954,0.012465358654613998,0.1131370849898476,0.0,0.1131370849898476,-2.1076890233118206e-16,7.754762188839137,63.077100467635866,0.1565202282272392,,,,,,,,,,,,0.03229697513702216,0.12662418550832769,1.131370849898476,0.0,1.131370849898476,1.9012569296705806e-15,6.821067772441373,50.858733976576296,1.6057999946307013,,,,,,,,,,,,0.5196477929147931,2.386180187195601,26.641958723415726,0.0,26.641958723415726,3.68594044175552e-14,9.41047408916082,98.17310021754231,30.009121061459847,,,,,,,,,,,,0.06250920126100656,1.7256991212203592,18.838709677419356,-8.0,26.838709677419356,8.548717289613705e-15,7.939188730324262,96.20941016049379,21.219653000006304,,,,,,,,,,,,0.5903632429153214,6.065897982000815,61.833333333333336,-4.3584905660377355,66.19182389937107,5.906386491005833e-14,8.334902470392969,76.2375634870908,74.89119247335225,532.0,37.74778519590547,474.4392643431467,21.78162676071617,-1.1196172330470266,404342.3827223126,592.6752962594709,7084.414256380208,84.16896254784307,-0.24742607014038587,-0.7638138127269211,3.5,48.4245207568058,584.0,-80.0,664.0,0.0,11.418548838224865,137.45767105225354,598.5749744184099,442.0,39.17087328071162,456.61212988454724,21.368484501352622,-1161.648750474091,365050.6902461658,903.0326743166092,271554.48911659216,521.1089033173317,0.25563495766105093,-0.8978023743602614,2.9078947368421053,84.56563592723931,490.0,-383.0,873.0,1.1457501614131615e-12,1.9712063106353679,19.985844417280425,1043.211387974652,1.0
0.008229113427691219,34.55335353069631,383.00904897092954,19.570616979822827,-1212.9881200370912,300177.64842905785,0.0072106154209234325,1.3067868538724081e-05,0.003614950696582746,0.07845117647627188,-1.099519259653552,5.4138904129547505e-05,0.0006537677550878202,0.004903119698564,-0.0030039240686788858,0.007907043767242886,-1.3986208025063007e-17,4.7062392397336925,40.00328812083634,0.008087779755718096,0.08108176679843623,28.020546829165287,510.4034478043924,22.592110299934188,5752.260460602958,521364.84085629607,0.04168247867622775,0.0007187304531733492,0.026809148684233695,1.3448187488594576,1.2102336161474272,0.0005334326763055012,0.004010889340218806,0.025320835418459666,-0.017653530991417105,0.04297436640987677,1.5243882545146192e-16,2.671655107338459,18.649805152289645,0.04988497895543256,,,,,,,,,,,,0.01039777299370065,0.07671608095180553,0.7332959212304938,0.0,0.7332959212304938,-1.2385925618474403e-15,8.647227111992693,74.7688526578289,0.9418246505880011,,,,,,,,,,,,0.06750605286489463,0.3824635838363648,4.1271946820276035,0.0,4.1271946820276035,4.385380947269368e-15,9.345613156087966,92.43727322413356,4.7247907995893765,,,,,,,,,,,,0.7264841436410931,2.7594365359411386,28.890362774193225,0.0,28.890362774193225,-4.440892098500626e-16,8.220483469763977,77.2941559251188,34.71391425082482,,,,,,,,,,,,-0.04728788777310378,2.017151074930765,10.152542372881356,-20.428571428571427,30.581113801452783,-7.7021722333370235e-16,-5.9694747506968735,74.85815360509322,24.54644416828656,,,,,,,,,,,,0.2300015025500278,5.363670133450023,42.142857142857146,-26.428571428571427,68.57142857142857,-2.4730217873525362e-14,4.15559715562799,37.61480514871136,65.31182881195862,532.0,37.74375120783949,474.62157608513076,21.78581134787343,28.525869830708647,406261.7363027241,615.3321796871852,27834.756009838704,166.837513796624,-0.2150192403775384,-0.9327787426964838,3.5,51.530522380838576,599.0,-143.0,742.0,0.0,10.182530439312115,118.87382001638993,636.7746854264858,442.0,37.16669466655853,460.96795908938395,21.470164393627357,21.838388624369326,371472.457128339,913.5419302694936,216562.48374475085,465.3627442595194,0.4901582174939299,-0.48839867607621035,2.9078947368421053,83.15801028472981,627.0,-370.0,997.0,1.0889067425523535e-12,3.5556266091143556,30.69602349955614,1025.867437830054,1.0
0.08937415235286426,32.80607643727514,464.55883341999623,21.553626920311956,3160.2877438591813,430985.45057529263,0.06715909969263441,0.0002938855877801542,0.017143091546747168,-0.19349074090092788,-1.4365289148695302,0.0005692621168972246,0.005514098933481564,0.06494177765178001,-0.00018048904266329427,0.0651222666944433,5.0306980803327406e-17,10.765686117558323,121.49031431974181,0.06945867394166996,0.1866564533802927,41.434131477287224,495.7684884265028,22.265859256415478,-1842.4738985379724,455903.29940832534,0.22955930058879956,0.0010980382543261187,0.033136660277193274,-0.059673202106990106,-1.1304342297505274,-0.001188894607517788,0.018451669383318756,0.042415394420312356,-0.22690677928021327,0.26932217370052564,-1.8908485888147197e-16,-11.692987970365738,144.43469103577613,0.23167817986767103,,,,,,,,,,,,0.0009863055598267243,0.006582012686888206,0.08050735643139018,0.0,0.08050735643139018,2.701831813833877e-16,11.582104467494164,139.90217546913047,0.08259259173089409,,,,,,,,,,,,0.018024790427358654,0.1182163381229094,1.4491324157650232,0.0,1.4491324157650232,-3.2682190287403046e-15,11.646657458197083,141.04929835574256,1.483980907238238,,,,,,,,,,,,0.3962861266914951,2.2155326789609693,26.084383483770416,0.0,26.084383483770416,-5.051514762044462e-14,10.40767294331377,118.62475236019135,27.930389772536763,,,,,,,,,,,,0.07657246635614329,1.5896384904349112,18.444444444444443,-3.9879518072289155,22.43239625167336,-1.2045919817182948e-14,10.097302784741439,117.09776980554066,19.749768009344137,,,,,,,,,,,,-0.0883755846146456,1.1633995761164746,8.910112359550562,-8.333333333333334,17.243445692883896,5.190292640122607e-15,0.649724480573038,41.9762025567918,14.479004037579761,532.0,39.29553754365711,494.20341416950714,22.23068631800438,329.8771280662698,443250.4121992016,561.0743944648942,92213.29310662154,303.6664174824433,0.08022637345337437,-1.2243977538078434,3.388535031847134,50.7538897108765,365.0,-331.0,696.0,-6.679101716144942e-13,2.646246924867087,39.47314173703115,637.3601807455499,442.0,38.72278597794591,505.8342973374213,22.490760265882994,306.3261633980778,458305.83975381043,930.1924513825861,159400.1315959835,399.2494603577862,0.032276511588169264,-0.8833206576933034,2.8152866242038215,80.52896948027318,793.0,-411.0,1204.0,-1.7621459846850485e-12,6.201218574664464,68.40437006993305,1009.6415205408304,1.0
5.368404164998285,43.2973484681871,576.7101729573214,24.01479071233646,-2256.209353622945,645051.1716144145,4.2252541124556435,2.9820881407688784,1.726872357983901,-0.28488492900943924,-0.9967821114074943,0.033138297314804235,0.35598895983072787,3.7496381224990265,-0.8954308468303841,4.645068969329411,-6.772360450213455e-15,8.849103686192683,85.68404147394189,4.550588794407461,0.7694235327906457,37.44727772293771,575.7992424140346,23.995817185793747,1742.2207180116268,649484.4936734941,0.45499322681698373,0.03976995901497452,0.1994240682941117,-0.3435763741574138,-0.9478168563872825,-0.004749527980189169,0.03887428639416329,0.019897000236028854,-0.38353812365572,0.40343512389174885,1.1726730697603216e-15,-8.595095140711297,75.90227585089524,0.4984680949747788,,,,,,,,,,,,0.00205807396848136,0.010355151632874034,0.12445079348883237,0.0,0.12445079348883237,1.960237527853792e-16,10.751789822421172,125.05907594887817,0.13270811482471437,,,,,,,,,,,,0.024527014582262877,0.0699911577538134,0.6222539674441618,0.0,0.6222539674441618,-6.661338147750939e-16,6.181032926194053,46.29773325563475,0.932230220530295,,,,,,,,,,,,0.39865074760685065,0.9492058113703908,7.542472332656507,0.0,7.542472332656507,-3.674838211509268e-14,4.575558402844526,27.894279378391534,12.940881977797268,,,,,,,,,,,,-0.008989020128149105,0.7279259872889208,4.367647058823529,-5.333333333333333,9.700980392156861,4.4939746368655165e-14,-1.0127428172859319,25.757274875361144,9.15058540103523,,,,,,,,,,,,0.03569850268817153,1.814259211675844,15.083333333333334,-2.0,17.083333333333336,-2.7505775435088253e-14,6.2737172701464194,43.56606649588886,22.809298926067047,532.0,40.19714365847955,544.2861250260327,23.329940527700295,214.03059664855527,532089.2816144425,605.3849899804524,9666.865758219607,98.32022049517386,-0.054216018037417026,-0.15411778918892266,3.2839506172839505,48.00031753184613,594.0,-80.0,674.0,1.9628743075372768e-13,11.577933510457038,143.09896028944695,612.3724356957945,442.0,40.53068393801507,539.0312257787705,23.217046017501247,-484.82642051221654,522209.8904254671,793.0633741931384,95366.75611833311,308.81508402008654,0.13710295953649243,-0.5169681231670276,2.728395061728395,66.68175983696756,706.0,-192.0,898.0,-1.2283507544452732e-12,7.725831506040244,79.28895336604617,849.4303973840352,1.0
0.16041114182779717,35.11929892242669,504.89134666186897,22.46978741915172,2468.2449166136266,481083.02938073105,0.12120323633867436,0.0004488054352071105,0.021185028562810824,0.04879838225717218,-1.3850906675921144,0.0010152603913151721,0.009770792606472479,0.12152270736882163,-0.0004918868271994431,0.12201459419602108,-1.8214596497756474e-16,12.024801433323958,148.18767890778395,0.12347819405748357,0.024841899670678607,45.06998234357174,480.50842831772883,21.920502464992193,-3190.392608091388,430206.1658642778,0.07090992956377497,0.0006775642678264071,0.02603006469116831,-0.2834271494725368,-0.03467715467477793,0.00015722721310556083,0.005994956532373791,0.02652202329590859,-0.06417835906455241,0.090700382360461,4.228388472693467e-17,-7.363481918062891,86.54477234637795,0.07538134667815101,,,,,,,,,,,,0.003174166950634639,0.022512637621779078,0.28153325547242175,0.0,0.28153325547242175,3.616898447411643e-16,12.235443054799973,151.6851995975574,0.28396389455197796,,,,,,,,,,,,0.033773282386717306,0.13964121343923264,1.6891995328345304,0.0,1.6891995328345304,-7.632783294297951e-16,10.827378882851146,127.77737578598627,1.79440443675802,,,,,,,,,,,,0.48886383429908126,1.134726682095347,10.135197197007182,0.0,10.135197197007182,-5.440092820663267e-15,5.062027510079625,35.88331992718709,15.43205847192707,,,,,,,,,,,,-0.030601804211292744,0.8731321637366098,3.8940397350993377,-7.166666666666667,11.060706401766005,-2.4091839634365897e-14,-2.5871638104272163,31.543261955667507,10.912113193166942,,,,,,,,,,,,0.2894915826984132,5.270317289882205,63.666666666666664,-3.129032258064516,66.79569892473118,1.4488410471358293e-13,11.374115857705549,135.71447174119382,65.92547121672766,532.0,39.19082613559712,513.3341487655231,22.656878619207966,95.68467548633562,472980.1232872812,598.566321677696,10791.624376017588,103.88274339859142,0.09607736968311219,-0.2001943138593227,3.367088607594937,48.20569776060807,588.0,-52.0,640.0,-1.1368683772161603e-12,11.398806716880546,138.35512317863868,607.4125451453897,442.0,38.84496227636768,512.0685374507312,22.62893142529561,9.310500264482657,468691.6833925195,791.3734211899658,115181.72848725368,339.3843374218287,0.25464076411926984,-0.5418759301720362,2.7974683544303796,68.38820309603622,679.0,-238.0,917.0,-1.4805934256401088e-12,7.19611795792815,67.37292102655735,860.3452795244476,1.0
4.923016906920566,40.456409422569614,588.1768109499236,24.252356812275455,619.5962645827071,629455.2621181954,3.416480574263518,0.5308270987203831,0.7285788212131774,0.11014603275400223,-1.086151454891308,0.029130277555743,0.2679194275969208,3.345193126579078,-0.024282757967990766,3.369475884547069,-1.033895191682177e-15,11.565289208900044,140.80640983550086,3.503479324255086,0.564113806650133,43.63567858774812,581.254377918466,24.109217696110882,-2164.8925209875424,628519.5819402563,0.40058488198131803,0.02363611435835656,0.153740412248558,0.08507527415594936,-1.0959100700445836,0.003337951518639838,0.032907885343689505,0.36867583466391274,-0.12662586073600673,0.4953016953999195,4.475586568020162e-16,8.479277968355515,94.28018645870432,0.4299976414408342,,,,,,,,,,,,0.028134051746714454,0.25086603950576863,3.181980515339464,0.0,3.181980515339464,3.920475055707584e-15,12.029217685459646,150.35531810871663,3.271979446811891,,,,,,,,,,,,0.10755888750701262,0.5848891058719613,6.363961030678928,0.0,6.363961030678928,6.106226635438361e-16,8.926744147989911,86.77648327537113,7.708150382258209,,,,,,,,,,,,0.8449118727506155,2.7006502686023373,26.263966158357483,0.0,26.263966158357483,8.348877145181177e-14,6.697802893038414,53.24770178057767,36.677529564173554,,,,,,,,,,,,-0.006271854008791539,2.000913450615913,10.866666666666667,-18.571428571428573,29.43809523809524,2.0435042547006788e-15,-4.086530073928018,51.216387335665914,25.9349298719972,,,,,,,,,,,,-0.11848899261561918,6.6514253636066965,47.57142857142857,-49.125,96.69642857142857,-1.1013412404281553e-13,1.7704425120546825,46.799376265445325,86.2260043925976,532.0,41.95466785800808,579.9182738422655,24.08149235081301,103.6943435974774,607828.61086366,513.7369522532996,40436.605794253,201.08855212133037,-0.029338116861260824,-0.7144687630992251,3.1479289940828403,42.31197892795472,462.0,-145.0,607.0,1.1102230246251565e-13,7.612253717005623,84.37544690195386,551.5759240576042,442.0,41.76871257044076,582.6346257077281,24.137825620957,1107.1125197534507,604377.5255165003,1063.6055728880524,238031.48294052482,487.8847025071854,0.35624675982961507,-0.785219973345255,2.6153846153846154,89.74605857410012,796.0,-393.0,1189.0,-1.539213201340317e-12,4.620898491869439,43.989665788278444,1167.1940712666424,1.0
0.1934846749998506,34.20315370694874,477.71625533810743,21.856721056418948,2757.654767611961,472377.58872684307,0.12687712934779136,0.002756365247369731,0.05250109758252422,-0.9433635645679903,-0.330878922558369,0.0010869925561789353,0.010291785449553177,0.10819500580923432,-0.019188640910131755,0.12738364671936608,-3.0357660829594124e-18,9.19609625038764,87.97635585291293,0.13807326786570442,0.1848777886545442,33.84035358190027,622.3405959064403,24.946755217992585,8252.891467070183,835238.2753555787,0.15034649480923531,0.004204282422102484,0.06484043817019194,0.6982316741630133,-0.41951251431238074,-0.0010386392621041806,0.012261009298212448,0.012549716870900778,-0.13155762710883087,0.14410734397973166,-1.8604909279851256e-16,-8.927580235139237,86.57754306286203,0.16416814384623896,,,,,,,,,,,,0.020902469789641654,0.24936504400903123,3.2998316455372216,0.0,3.2998316455372216,-8.527900607901984e-15,13.179371055978038,173.7937047212918,3.300886530092535,,,,,,,,,,,,0.0901333426370815,0.7533927902222876,9.899494936611665,0.0,9.899494936611665,2.4202861936828413e-14,12.818219351395905,166.99904087130372,10.008801154564475,,,,,,,,,,,,0.7732569178411586,2.9221674777507065,29.698484809834994,0.0,29.698484809834994,-3.019806626980426e-14,8.244673454667517,73.57825359849532,39.87274872702265,,,,,,,,,,,,0.2304985718356239,2.1249388045043314,21.0,-5.705882352941177,26.705882352941178,2.3425705819590803e-14,7.73859720679587,70.31512884967624,28.194291009425,,,,,,,,,,,,-0.09745201651472774,2.0535832692728064,25.941176470588236,-1.2666666666666666,27.2078431372549,9.992007221626409e-16,11.852171758974864,149.98587974243637,27.119107622645558,532.0,44.54096670387231,656.9175294059556,25.630402443308526,187.96325221509946,776447.0788145064,520.6603740906851,58786.39282927603,242.4590539230821,0.2831513524745643,-0.839349073275253,2.9887640449438204,42.69989195103084,371.0,-272.0,643.0,-1.056932319443149e-13,3.823951729160809,51.12961858480677,571.0814302706751,442.0,44.217257861847635,660.7566998370074,25.705188189099246,-41.348474577326684,784357.305230985,862.3969774643359,91032.77910307421,301.7163885225233,-0.28418615788863877,-1.343538052733698,2.4831460674157304,68.14741330868017,788.0,-20.0,808.0,4.014566457044566e-13,10.181381276861503,108.87719734153531,909.8032754392567,1.0
0.0009683793840135767,33.449990286036595,357.8745099043803,18.917571458947375,-109.92755878732241,229085.17323292297,0.0006927642023448439,1.0306604993016837e-07,0.0003210390162116878,-0.378553807525991,-1.1037586993934034,7.173180622322788e-06,6.547093549122735e-05,0.0005448772244045067,-7.865270564509131e-05,0.000623529930049598,5.404070203482436e-19,7.602311506210351,59.53120609556338,0.0007652556556050296,0.006146724677898096,32.869742768301855,354.1221998226398,18.818134865672523,170.43909609026213,235624.8513877521,0.01004819709064448,1.984412026595953e-05,0.00445467397976098,0.3283831900398606,-0.3947705469341973,-4.5531293910356266e-05,0.000942477009435168,0.0035152687185066745,-0.004149481158159718,0.0076647498766663925,-2.574980159653073e-18,-0.5088623960281705,8.374444347957958,0.010963364521225491,,,,,,,,,,,,inf,,inf,0.0,inf,-inf,,,inf,,,,,,,,,,,,inf,,inf,0.0,inf,-inf,,,inf,,,,,,,,,,,,inf,,inf,0.0,inf,-inf,,,inf,,,,,,,,,,,,inf,,inf,-3.7142857142857144,inf,-inf,,,inf,,,,,,,,,,,,0.3546356812226945,4.6424167535873355,46.75,-4.428571428571429,51.17857142857143,-5.218048215738236e-14,8.701916909179753,81.35420816813036,53.2896966704671,532.0,33.12401753333128,367.99619197526096,19.183226839488213,-9.68370918269695,244041.35780947172,595.0315023880206,5466.212658392295,73.93383973791903,-0.2532264263732113,0.057044659191508994,3.9407407407407407,51.41447597896962,588.0,-27.0,615.0,-3.7481129311345285e-13,10.9871903891868,125.00035215151179,599.1343755786343,442.0,33.465942070787314,363.97480362251497,19.07812369240002,-74.28907544763194,227337.25988129806,815.1582358349424,165429.4087594205,406.73014242790083,0.4752552142494037,-0.3607348843556019,3.274074074074074,78.11505565791362,432.0,-388.0,820.0,6.634692795159935e-13,1.7695483831871046,20.806749136786753,908.4118008920844,1.0
0.15686427042751983,42.81641051102754,737.3576847127151,27.154330864757377,-4105.217839548217,791193.3317491595,0.1092412909892585,0.0026759065412538295,0.05172916528665265,-0.33648275556622176,-1.2129084515228152,0.0009682979656019743,0.009433058256695666,0.09033948204854039,-0.010785796059726047,0.10112527810826644,-5.594483210025203e-17,8.734932956690594,77.20455685419742,0.12069412008028128,0.22313834238367308,37.23969268038643,783.0194238449232,27.982484232907613,1938.3422124168933,848237.6612871917,0.09138777736996576,0.0029152207720498672,0.053992784444311326,0.5323236685517669,-0.177326976685097,0.0013773971752078585,0.008282571581803944,0.07988427444150384,-0.012327136385134219,0.09221141082663806,-2.5500435096859064e-16,7.471962756234212,63.144385433913314,0.10686772584708765,,,,,,,,,,,,0.13146198020695324,1.5742995825524242,19.97576656851997,0.0,19.97576656851997,-3.902433931557425e-14,12.63599716036798,159.77480939940534,19.982798314008683,,,,,,,,,,,,0.3057149487343689,3.1550540884660694,39.95153313703994,0.0,39.95153313703994,-2.609024107869118e-14,12.521801105806913,157.75423297516915,40.09554175920537,,,,,,,,,,,,1.1812819836266113,6.622101618259974,79.90306627407988,0.0,79.90306627407988,9.769962616701378e-15,10.868784681176864,126.6328680479958,85.0859865946463,,,,,,,,,,,,0.3003529801800633,4.74695866539809,56.5,-16.625,73.125,-1.4210854715202004e-14,10.218687759913973,124.75945478056626,60.164878105022076,,,,,,,,,,,,-0.7734580877943389,15.136841127346203,43.0,-182.0,225.0,-1.3322676295501878e-15,-10.555671808316664,130.23274696030094,191.71737395576633,532.0,40.11321561807561,540.1551168846503,23.241237421545573,82.08820925236158,526653.260570129,623.1091163923427,27287.621661346795,165.18965361470674,-0.14331910634729994,-0.4451265095741489,3.2839506172839505,50.52397904427854,598.0,-133.0,731.0,2.0516921495072893e-13,10.11665731662938,119.74068249254749,644.4222218390672,442.0,40.24395812485362,534.6404327326851,23.122292981724048,857.768942698503,514854.2790968801,949.6003774646136,221602.72805733638,470.74698942992336,0.6306671055919155,0.2806155800794391,2.728395061728395,83.23386839527188,642.0,-364.0,1006.0,-1.2283507544452732e-12,4.009999304411003,31.448974273409192,1059.9632069086172,1.0
0.07098370863345982,37.14860614345429,603.5855323524829,24.567977783132314,3471.6637841736238,658444.5084313259,0.05169812969553458,0.0001060916083847449,0.010300078076633443,0.48489823874446725,-1.0638797807545632,0.0004200219445766854,0.004042924778003655,0.05136765226859764,-0.001368496043183706,0.05273614831178134,7.036472099430924e-17,12.051533850183455,150.93699994339923,0.05284089707673581,0.13985952110933847,43.451229267665596,694.5676356551767,26.354651119966977,-4512.173168993753,815390.5634205076,0.06594157867015998,0.0005393310744426555,0.02322350263079744,0.40666840353294365,-0.7086261186504291,0.0008275711308244878,0.0053618761766276776,0.05296934552706768,-0.020091825699425386,0.07306117122649307,-7.892991815694472e-17,5.501149226925176,54.63075195293437,0.07052975066310951,,,,,,,,,,,,0.0019384857147708534,0.005641286479329027,0.06620032622219735,0.0,0.06620032622219735,2.0946785972419946e-16,9.167213360112372,101.61610822136494,0.07708545440856253,,,,,,,,,,,,0.03415187454783364,0.10435952973916102,1.1916058719995521,0.0,1.1916058719995521,-5.9674487573602164e-15,8.903592845844873,93.53089570422385,1.4190006170115437,,,,,,,,,,,,0.6401407064439076,2.025642598367647,21.44890569599194,0.0,21.44890569599194,-2.5091040356528538e-14,8.229503358512874,76.76437653579235,27.453093561226915,,,,,,,,,,,,0.02295683935629528,1.5019910165213555,15.166666666666666,-9.76923076923077,24.935897435897438,-4.170275236248244e-15,4.546144398729902,71.97881847915608,19.4122686216923,,,,,,,,,,,,-0.1811036279555125,1.154100844916675,10.975,-4.115384615384615,15.090384615384615,-1.4210854715202004e-14,6.13860283926498,56.32533229794659,15.096780997200604,532.0,42.15520416963806,570.4813291866418,23.884750976023213,-219.7553270442477,586077.0143119952,596.5454805096126,51211.537302603116,226.29966262149645,-0.6563247182377737,-0.06635823789951673,3.1479289940828403,48.933556072618615,497.0,-254.0,751.0,-4.440892098500626e-14,6.287201539117,70.50759706739184,637.4511746008474,442.0,42.549613245552614,584.0781173450938,24.167708152514045,-716.891189939209,616062.0783633046,875.1539042995844,90752.56045586063,301.2516563537214,-0.1904547259218986,-1.0376123106801656,2.6153846153846154,70.98537227431501,792.0,-107.0,899.0,-1.4273027204581012e-12,9.583742631301917,98.93025449522133,923.4359750410421,1.0
0.0004795096390014107,35.695845420994836,391.3123224384691,19.78161576915468,-828.1108005143898,278356.3739362258,0.000698437361131325,4.468857995750507e-08,0.00021139673591970398,-0.2921710650397215,-0.4713546989886125,3.2619703333429307e-06,5.9981905194768656e-05,0.0006519298797857745,-0.00014427919165257774,0.0007962090714383522,2.82061971435682e-19,8.512223553783032,94.14152898094376,0.0007283165534187229,0.0009076455775188258,32.604171143046585,449.665363461734,21.205314509851863,1785.1931855708488,364152.22417769156,0.013932220932839993,3.245808845328518e-05,0.005697200053823385,-0.14119778326197663,-0.93080771304675,6.174459711012439e-06,0.0012372440598807462,0.004472806214387792,-0.010072712748910629,0.01454551896329842,1.9397054492123478e-17,-2.98944022601752,32.657301482688524,0.01500097380793821,,,,,,,,,,,,0.011838446406514472,0.11813412231232721,1.4142135623730951,0.0,1.4142135623730951,9.870576578308032e-16,11.827155065680389,140.79470049603304,1.419754278915476,,,,,,,,,,,,0.06273712584380786,0.4753971163941162,5.656854249492381,0.0,5.656854249492381,5.953570969552402e-15,11.533824671901709,135.85074692034212,5.7342119099840225,,,,,,,,,,,,0.5277032494102987,2.0680225687480207,22.627416997969522,0.0,22.627416997969522,-1.354472090042691e-14,8.85098293787055,91.84724222707942,25.5223802415327,,,,,,,,,,,,0.10747341132541632,1.5053383333997565,16.0,-2.85,18.85,5.773159728050814e-15,8.404827766787974,87.5705796085577,18.047048140809327,,,,,,,,,,,,-0.053408663985587065,2.9297900596413067,24.5,-21.928571428571427,46.42857142857143,2.0386470289679437e-14,1.5701226434740931,56.55299096559209,35.0410143387934,532.0,36.311619697988604,435.3811256544946,20.865788402418314,-149.54464087373668,342439.7929574727,611.3875194236421,13502.6435587591,116.20087589497379,-0.4737841188979675,-0.12634459884519358,3.619047619047619,51.1542064200699,597.0,-114.0,711.0,4.147793219999585e-13,10.664359531186362,124.62977431994894,621.7620123487765,442.0,36.242650650076484,443.6062737983281,21.061962724264994,189.73159251276488,350772.3608531339,647.4352406260432,96484.47220919636,310.6194974710962,0.3733804734366423,-0.5799571235345199,3.006802721088435,59.025475486810464,432.0,-307.0,739.0,2.1760371282653068e-13,4.181760872315342,37.203117700863054,716.5737924317356,1.0
1.2738500766129646,41.32724548580423,618.6459346716504,24.8725940479004,661.2460090259812,682396.174476244,1.1326641646083746,0.002974707201336479,0.05454087642618588,0.25851441352162424,0.16290360904548912,0.007449415652707395,0.08646342286773345,1.1320411537260875,-0.009458495177173221,1.1414996489032607,-2.688821387764051e-16,12.982252886557449,169.30646509578497,1.1348446396642533,0.061773026965337915,43.9636490793978,485.4911294170882,22.033863243133016,473.74128058154866,458256.80876158254,0.24843819632995348,0.004990573364279777,0.07064399029131761,-0.7983814521199475,0.16964551585770038,-0.00036124577172712226,0.01969385296937503,0.05746426667379158,-0.24106769259570784,0.29853195926949944,3.0899761915836876e-17,-10.539035530723913,131.9775289639542,0.25757386649671654,,,,,,,,,,,,0.12113317409897957,1.5273728239491302,19.79898987322333,0.0,19.79898987322333,2.5729418595688003e-14,12.920934984424587,166.9666282860892,19.799983464572392,,,,,,,,,,,,0.15557688179151516,1.5338506373997114,19.79898987322333,0.0,19.79898987322333,4.884981308350689e-15,12.704056369700583,162.962946501995,19.92341899995862,,,,,,,,,,,,0.7311942797853527,2.48322637541347,23.65593595242268,0.0,23.65593595242268,-8.770761894538737e-14,7.652479558294853,63.747783556559945,33.45260434045118,,,,,,,,,,,,0.15487392171361128,1.8238813616962657,16.727272727272727,-2.3947368421052633,19.12200956937799,2.0650148258027912e-14,7.30241359862309,60.129235180648266,23.654563377483562,,,,,,,,,,,,-0.17333093175007555,1.524327501625478,11.394736842105264,-10.0,21.394736842105264,2.6700863742235015e-14,2.708226832434336,37.29034056962889,19.825594484577,532.0,42.30171096659844,592.8270495691663,24.34803995333436,16.154450225356427,636642.1971882549,632.9114941547282,42553.33468447669,206.284596333504,0.05997752012740291,-0.7588471322087502,3.111111111111111,50.75678094812282,592.0,-173.0,765.0,1.6608936448392342e-13,9.2098348028033,108.01956076768202,664.9766913208312,442.0,42.02755520732596,602.0094271643173,24.535880403285255,79.31071966731308,651048.4926416855,858.6813778583462,94765.89131929252,307.84069146117207,-0.28439925242686975,-0.9874193419861598,2.584795321637427,69.55302241249133,782.0,-102.0,884.0,-8.180123245438153e-13,9.685934438932359,100.79605076920161,910.1516357179171,1.0
0.0010408766564051876,36.57490904605991,440.3728651538173,20.98506290564356,-400.5982870081028,338240.38625368784,0.000703625163371945,1.0466070791576306e-07,0.00032351307224865437,-0.27702629171195775,-1.1091489542255673,7.17845969934612e-06,6.40911461906725e-05,0.0006037017802445179,-7.724967019573515e-05,0.000680951450440253,-5.573476792933296e-19,7.9546457580373415,67.42641860017832,0.0007765853263067413,0.013645371431938452,35.615347211414544,478.1777824960365,21.867276522146888,-221.59621809611,378699.59941078303,0.01089298183892535,2.9742450711929866e-05,0.005453663971306801,0.14665871252605553,-0.8634470672046528,-9.410600987543761e-05,0.0010081600146649365,0.0031679629866096415,-0.005908858018968289,0.009076821005577931,-8.538092108323347e-18,-2.048629630911868,13.101850719390185,0.012192627717529273,,,,,,,,,,,,0.0024637104938696366,0.015577869309978206,0.18230096702465678,0.0,0.18230096702465678,-4.423544863740858e-17,11.010868267250567,126.65288102211343,0.18793898795184566,,,,,,,,,,,,0.02851312480116464,0.13094411463397057,1.4584077361972543,0.0,1.4584077361972543,-3.3792413312028202e-15,9.554852838033367,101.60278457175924,1.5969436561552777,,,,,,,,,,,,0.4100899069152632,1.3095516537754155,11.667261889578034,0.0,11.667261889578034,-5.3179682879545e-14,5.993760935048206,43.500405289044764,16.352372785735923,,,,,,,,,,,,-0.04939482672125885,0.9690767688491052,4.571428571428571,-8.25,12.821428571428571,-4.8933079810353775e-14,-2.832465693608725,42.08043104273496,11.562873685284227,,,,,,,,,,,,0.42979099908592483,4.860030810045924,50.625,-3.765765765765766,54.390765765765764,3.452793606584237e-14,9.02630594578121,86.66359024663022,58.139969112510904,532.0,35.6142950546791,424.854027500916,20.611987470909156,18.367917269423828,324789.94051069417,604.473118043904,7135.485673391632,84.47180401407107,-0.5609385464695171,-0.013645182478205342,3.668965517241379,50.51146065548445,596.0,-66.0,662.0,-3.597122599785507e-13,11.227610119586327,132.00845569897348,609.8409628747482,442.0,35.602696537777796,366.78000334119275,19.151501333869174,213.1423385619964,266339.38134370296,849.251393817916,139887.45898721585,374.0153191878855,0.18330107267146858,-0.4983561358607631,3.0482758620689654,76.7969405851187,431.0,-418.0,849.0,-8.872902412804251e-13,1.5113714526537263,22.923828883391195,925.4858183678451,1.0
0.12070777080246989,35.48269960594075,515.8407766243682,22.712128403660635,2379.0550223842606,491584.7062500711,0.0960430823238631,0.00022745372926893164,0.01508156919119929,0.23505543023804273,-1.4488452872993824,0.0007639732329270247,0.007717796830977808,0.09611352879727247,-0.0006263306275946234,0.0967398594248671,-1.5829351718288365e-16,12.089137519276411,149.2385800929507,0.0974853363226034,0.027996312893803364,45.23996998881665,492.99743156129983,22.20354547276853,-3873.679043135723,489267.90231765195,0.06201670007531365,0.00037079694141944626,0.01925608842468912,-0.05245068045071424,-0.3829864007215642,-0.0001771918537582491,0.005143820153654774,0.020221567522964567,-0.0579394117764629,0.07816097929942746,-6.689527404235562e-17,-8.654586845028634,102.70879344462946,0.06469516729043184,,,,,,,,,,,,0.00617534901268749,0.06142047859854257,0.7693321779309636,0.0,0.7693321779309636,-6.140921104957897e-16,12.416305800227084,154.73808191950107,0.7710091956426954,,,,,,,,,,,,0.043533753543569836,0.30927202227995465,3.8466608896548182,0.0,3.8466608896548182,3.4416913763379853e-15,12.045694841839444,148.34303118479696,3.9008873283120002,,,,,,,,,,,,0.45641178713793723,1.7253416457359496,19.23330444827409,0.0,19.23330444827409,-4.18554080283684e-14,8.729512570348922,90.91569088941034,22.29076087028187,,,,,,,,,,,,-0.08186625835143388,1.259307616398066,4.306569343065694,-13.6,17.906569343065694,3.7914116290949096e-14,-7.68722964271755,86.35889509407305,15.761948169184057,,,,,,,,,,,,0.31411011127850513,4.145643212880961,41.6,-7.129032258064516,48.72903225806452,-4.118927421359331e-14,8.495568140706032,77.13292268789826,51.92748365210939,532.0,39.23126768667077,514.0749978144887,22.67322204307294,162.90078473796152,474488.53517975536,598.8190055755537,8458.98843492297,91.97275920033589,0.025794315616492352,0.025116256094808262,3.367088607594937,48.04828194486164,590.0,-68.0,658.0,-1.1937117960769683e-12,11.616019913403699,142.1882567126801,605.4386839309163,442.0,38.92286596014264,508.1224442549298,22.541571468176965,-44.886595179035524,459336.50521912915,666.1612931810647,73303.10615087577,270.745463767864,-0.06530444561512384,-0.650186825981227,2.7974683544303796,57.041818935889715,560.0,-221.0,781.0,-1.4228618283596006e-12,6.6488691623407155,63.35028019371835,717.8662828131713,1.0
0.3302033218261725,43.60235431682949,701.8597329761111,26.492635447914786,1510.9978811742471,913009.3942764365,0.2698997404222262,0.0013044207394437488,0.03611676535133993,-0.2716232164628165,-1.0256622242056148,0.001804389736755041,0.020074328789861536,0.2697807804529634,-0.0059217249430688875,0.27570250539603225,4.2760933682828295e-16,13.12603493431879,175.34113633844905,0.2726553011761544,0.1871608369598376,41.17072759539793,701.3561641983947,26.483129803676807,2689.431948676753,848187.2046801002,0.14355493601686353,0.0014339948561793731,0.037868124540031994,1.0226063844008169,0.745762945361687,-0.001022736813988184,0.01094486089556512,0.04070367678714092,-0.1318061477103414,0.17250982449748234,-3.5561831257524545e-17,-9.263805742610673,113.0610760768836,0.14870434634654806,,,,,,,,,,,,0.23609284230802483,2.8339326117230916,38.18376618407357,0.0,38.18376618407357,7.549516567451064e-15,13.377301217457434,179.58165319882465,38.25874294738107,,,,,,,,,,,,0.3124696276853929,2.8569523817259035,38.18376618407357,0.0,38.18376618407357,-5.972999872483342e-14,12.996004940503905,172.3705462738952,38.665570815923765,,,,,,,,,,,,1.017185765898007,3.528433246379413,38.18376618407357,0.0,38.18376618407357,8.348877145181177e-14,7.517067003402606,70.46788183378649,49.40340026988728,,,,,,,,,,,,-0.23014526613291497,2.5863656324516695,9.0,-27.0,36.0,1.4988010832439613e-14,-6.472489437703022,66.32101831457604,34.9334793445106,,,,,,,,,,,,0.05803050333137144,5.1510227437485465,42.55555555555556,-25.0,67.55555555555556,-1.2378986724570495e-13,3.7882706780568,40.20331165602418,69.30432104215171,532.0,45.635332347625436,679.2990417879906,26.063365895217576,-411.86680700438774,828668.6209726288,635.7572849278876,47542.56477101094,218.0425755924997,0.060381916153224184,0.02068037159063829,2.907103825136612,49.547759195940884,580.0,-116.0,696.0,4.805045250577678e-13,9.157408539448916,103.63493039514607,671.4223707920373,442.0,45.20660001207017,624.1802458538882,24.98359953757441,1049.6405654162268,763782.5145727138,1170.0103773887024,330377.95856098895,574.7851412145142,0.4098556484969164,-0.5125832020426085,2.4153005464480874,96.09923255746484,704.0,-670.0,1374.0,1.3207213100940862e-12,0.8341850133279173,32.934641518518994,1300.4168562426435,1.0
0.02630993490733105,38.44238107130664,605.8999542178683,24.61503512526172,264.7791893500685,649846.4711421436,0.017761109014906774,6.86221152520676e-05,0.008283846645856477,-0.3260742488954233,-1.1604919155487707,0.00016651857536285468,0.0015493682373316662,0.013396679810839838,-0.0034576210191207797,0.016854300829960617,-2.6129272356900657e-17,7.443273200825446,61.12005444663781,0.019587412248311654,0.02124084564273409,37.224324568194994,462.9180030912945,21.515529347224867,1604.2174555209967,363344.27486692066,0.04629859059803114,0.0007238338349167742,0.026904160178618738,0.6270440119615689,-0.1573142817116476,-0.0001344357319160385,0.004256440556609005,0.014780247506492438,-0.03292548630052992,0.04770573380702235,6.613633252161577e-18,-3.4500636558001787,26.995814846369488,0.05352930739434211,,,,,,,,,,,,0.0037717208591256657,0.019932039289746246,0.22309267444843062,0.0,0.22309267444843062,-9.80118763926896e-17,9.346719804444394,97.72867000348776,0.25092099648800686,,,,,,,,,,,,0.04014113436296894,0.17461080570297435,2.0078340700358757,0.0,2.0078340700358757,1.5265566588595902e-16,9.729372505924617,106.5932480910238,2.2161537295135285,,,,,,,,,,,,0.5338927242568553,1.678800328563867,18.070506630322882,0.0,18.070506630322882,-5.551115123125783e-16,8.00270973383022,78.95279195944879,21.790411505583922,,,,,,,,,,,,-0.0845053960456994,1.242805226147459,4.837398373983739,-12.777777777777779,17.615176151761517,-2.6645352591003757e-15,-6.660028316711252,72.52587891940084,15.408147740443757,,,,,,,,,,,,0.18083408836455345,2.9098115399686924,27.714285714285715,-2.009433962264151,29.723719676549866,7.321920847402907e-14,7.582707339154736,62.83272443040816,36.06181827562768,532.0,39.40335803389287,513.8035287300809,22.66723469526181,18.261965720265838,475447.94636888354,612.3438822471985,15946.159747846681,126.27810478403087,-0.142064116992217,-0.4035248155138294,3.367088607594937,49.56268942120719,595.0,-115.0,710.0,-1.1937117960769683e-12,10.80870448347053,129.92814391863112,624.4293394772542,442.0,38.99894283366378,495.44087878657785,22.25850126999969,-263.3364687758551,446505.84796094435,786.171323642854,87443.2827930354,295.708104036794,-0.06361900917849793,-0.7814274447299598,2.7974683544303796,66.78188182753027,685.0,-213.0,898.0,-1.5365486660812167e-12,7.222495161975058,72.1894214409708,840.1714110822862,1.0
0.11732971174689122,41.70203211396462,620.8892558014167,24.917649483878222,218.91558110787554,683197.3326532915,0.10335929701931172,4.276708115938684e-05,0.006539654513763463,0.16193700030296046,-0.9552805244371374,0.000690174774981713,0.007913872922772144,0.09974490767550928,-0.017697587997050557,0.11744249567255984,5.442694905877232e-17,11.63443214709492,145.99118706087657,0.10357593058151725,0.11078753430510631,33.29855089302254,574.9964707101637,23.97908402567045,7427.477697618259,689938.1867670894,0.1239613155123678,0.002988767387749492,0.05466962033661375,0.7343439763501044,-0.4379751688666418,0.0006516913782653311,0.010384019348993821,0.11493991263980542,-0.02652177379643399,0.1414616864362394,-2.168404344971009e-17,8.15105484719121,88.80720736136479,0.1356574182039934,,,,,,,,,,,,0.001620334765747209,0.002908309093569914,0.021213203435596423,0.0,0.021213203435596423,3.642919299551295e-16,2.9752560261433736,14.371502303402238,0.04276468377735346,,,,,,,,,,,,0.0283229830997079,0.05401465635447229,0.4988745032720908,0.0,0.4988745032720908,3.1086244689504383e-15,4.504680098902845,34.20178248092162,0.7834301423899165,,,,,,,,,,,,0.5646979958061698,1.3969717123383065,15.465109601434815,0.0,15.465109601434815,-1.2434497875801753e-14,7.6817582109701465,78.47610277796497,19.355058140038008,,,,,,,,,,,,0.10865229664769692,1.0599063987936075,10.935483870967742,-3.1869158878504673,14.12239975881821,-2.2745694217007895e-14,6.417108913877087,66.0575590209141,13.686092861080759,,,,,,,,,,,,-0.2190443019151012,0.7431976398248471,5.697841726618705,-1.9,7.5978417266187055,7.271960811294775e-15,4.3198202290234065,32.956163191223965,9.952553329525289,532.0,42.53217492079881,598.6599186356905,24.46752784070533,162.4443897642843,646765.3320693675,551.8315222798641,74463.21807711133,272.87949369110044,0.10837174782269171,-0.8451797150606762,3.1294117647058823,46.69721952556381,348.0,-341.0,689.0,3.4017233474514796e-13,2.2435747899477523,49.095368173242136,610.2229100910585,442.0,42.00225124131411,605.4888034186521,24.60668208878743,89.57809273030517,653561.3843508576,865.8729993228515,83125.94904364937,288.315710712492,-0.2640090015184858,-1.236576414489296,2.6,69.60192695101283,792.0,-20.0,812.0,-1.0471623568264476e-12,10.026845864006802,105.81903970167035,908.1310478119334,1.0
2.5391401306237955,41.19719298573479,531.6866855119424,23.05833223613413,-1176.5833828403577,512294.08739944565,2.8184277450196658,0.04371645690981892,0.20908480793644219,0.07474966614834573,-1.517990307742446,0.015771056711949033,0.22204080473290877,2.796685123017073,-0.38367715347450276,3.180362276491576,1.9984014443252818e-15,12.28063935915092,154.68920038533298,2.824479788668372,0.4191911242905276,39.79403562385825,513.1113259317328,22.651960752476437,-398.54357820766546,492869.01584109466,0.40990770708384294,0.0009727565631443811,0.03118904556321628,-0.1014239144813734,-0.6419410976412684,0.002603671579444271,0.03229785808669918,0.39699081025131755,-0.07440465956105563,0.4713954698123732,-1.0321604682062002e-16,11.379303704072933,139.73888102478065,0.41114334431172384,,,,,,,,,,,,0.0025110590466110457,0.008764252057818023,0.0722513315111724,0.0,0.0722513315111724,-1.8041124150158794e-16,6.768349149772271,50.09343845335129,0.11423420009769387,,,,,,,,,,,,0.03669394594019544,0.10979631315917213,1.0029371692339806,0.0,1.0029371692339806,-3.3306690738754696e-16,6.659370090906553,51.71419078757073,1.4505389137025608,,,,,,,,,,,,0.6331694950035895,1.7783218663832174,14.04112036927573,0.0,14.04112036927573,3.3861802251067274e-14,5.830512765967776,38.91048059672894,23.65255094842813,,,,,,,,,,,,-0.048468183045111204,1.3339104055978412,9.507936507936508,-9.928571428571429,19.436507936507937,6.50868248186498e-15,-0.7959083571197861,37.29880282604527,16.724879167993837,,,,,,,,,,,,0.0076629571337939175,2.9781015517993286,30.142857142857142,-12.0,42.14285714285714,-3.2111466263806676e-14,6.960573650919303,70.62514730413008,37.31562901891695,532.0,39.80817660317003,525.5734159916848,22.925388022707157,-75.14182573903476,496124.28480202035,626.9333307911555,29086.623743107462,170.54801008252034,-0.15053052865130462,0.34574530821550853,3.3043478260869565,51.045594462359276,599.0,-139.0,738.0,-4.39648317751562e-13,9.906210738580672,116.4542035388248,649.0516158211148,442.0,41.71791107984181,504.99849181227853,22.472171497482805,-1224.6000506783093,472415.47353248013,905.4424005561581,238212.28427510156,488.0699583820967,0.44383839909768164,-0.533570109380943,2.7453416149068324,80.8136634028253,665.0,-442.0,1107.0,1.397104654188297e-12,4.273482017767371,42.035105173728624,1026.001949315887,1.0
1.4166044816096646,42.71538615699654,569.2889943987045,23.85977775250022,-1251.9312752273163,589077.9995760486,1.5874597108632953,0.013123453332032565,0.11455764196260573,-0.10609612168296573,-1.4817524064371912,0.008482661566524937,0.12279146465713638,1.5821114288390592,-0.1640467631225141,1.7461581919615732,1.8908485888147197e-15,12.700772539257487,163.42894959688456,1.5905973059711869,0.3150165037481501,38.501524691432024,573.8902091863822,23.95600570183565,1754.7482832383075,601394.8986666108,0.26916703405048675,0.0009160946626789993,0.03026705573191749,0.31171340128201913,-0.8819582070866548,0.0018863263697494015,0.020897191113925392,0.268512385008149,-0.006503428176247603,0.2750158131843966,1.691355389077387e-16,12.568570619602491,160.518581806796,0.2711491979434892,,,,,,,,,,,,0.006525507486367823,0.048680092778549594,0.5892556509887896,0.0,0.5892556509887896,1.0234868508263162e-16,10.973575004862338,127.75243319056318,0.6289854717438101,,,,,,,,,,,,0.05148086127769164,0.29189559618509475,3.5355339059327378,0.0,3.5355339059327378,1.824929096727601e-15,10.739529160081585,125.40511312082472,3.795779785053895,,,,,,,,,,,,0.5851638952191349,2.316431708717937,21.213203435596427,0.0,21.213203435596427,-4.1744385725905886e-14,7.519092697269858,61.46697194001822,30.596678150563925,,,,,,,,,,,,-0.023487676256925688,1.68925565021255,13.386363636363637,-15.0,28.386363636363637,-2.5451862839531714e-14,-1.2196090592627078,61.12444042454636,21.635118602046024,,,,,,,,,,,,0.5865913051740392,6.152944330705385,48.166666666666664,-12.423076923076923,60.58974358974359,0.0,6.470508336192872,44.839126668317675,79.15340409960085,532.0,41.38585088240825,565.5253658536941,23.780777234011804,21.313459505919944,576558.2272620989,600.1378058430697,9968.228455697326,99.8410158987644,-0.26008976785327464,-0.4610579028737315,3.18562874251497,46.937163085309166,589.0,-90.0,679.0,6.039613253960852e-14,11.7098013076189,146.81624385377023,607.9572353381445,442.0,42.54305870548123,560.6709092831953,23.678490435059313,-1069.6065348821842,562857.6444386741,859.8329753221955,170775.0376811111,413.2493650099309,0.7145538482339315,0.40617788079121414,2.6467065868263475,73.60023739257414,571.0,-323.0,894.0,8.668621376273222e-13,3.4595987963857158,31.43517141070756,951.7394601465256,1.0
0.7914839568495963,45.279975737647185,581.8426799323222,24.121415379954847,-2437.506734315848,637152.0948881977,0.9425900232990376,0.01744746007656548,0.13208883403439323,-0.37712367521620455,-1.2625041334894889,0.004655787981468214,0.07270066215639083,0.9308523542404247,-0.18324804326387678,1.1141003975043016,4.805184028455756e-16,12.16913868420959,156.82936751278788,0.9498424336436196,0.40720982701780173,36.12182532194516,541.4443959370029,23.268957775048776,4295.438345839341,600776.9572991603,0.26073234292922326,0.006801983246855205,0.08247413683607246,0.30407271288575094,-1.0249968829006062,0.002395351923634127,0.020945654625395292,0.24340053479227658,-0.032676911845564455,0.27607744663784106,-2.0816681711721685e-16,9.698251778205776,106.28615817995075,0.2748779491868126,,,,,,,,,,,,0.0014074027743402624,0.002370248830019148,0.01590284124047487,0.0,0.01590284124047487,2.209604027525458e-16,2.069146466689481,7.061136642730522,0.035623166174084606,,,,,,,,,,,,0.025871847579650043,0.050533951630892214,0.492988078454721,0.0,0.492988078454721,5.0862092315639984e-15,5.041882746515052,42.50185637871391,0.733652827767471,,,,,,,,,,,,0.5477425624422,1.420605546684816,15.28263043209635,0.0,15.28263043209635,4.2743586448068527e-14,7.395204607664209,70.99053106206922,19.675612307500494,,,,,,,,,,,,0.03336671497688003,1.0760844201654756,4.742857142857143,-10.806451612903226,15.549308755760368,4.010680676458378e-15,-5.485999484704418,63.42220208310966,13.912758886631092,,,,,,,,,,,,-0.18196112119615906,1.041961928131814,8.853932584269662,-5.5,14.353932584269662,-1.8735013540549517e-14,4.025630689946929,40.772584481947256,13.668894726846878,532.0,42.36531816503661,585.3270030185205,24.193532255925767,55.99037596555872,615270.2284138676,531.1130135607867,48962.02564990895,221.27364427312384,0.15026262699747267,-0.6402644242519693,3.1294117647058823,44.087690221486504,332.0,-335.0,667.0,3.5793590313915047e-13,1.3988736553568262,46.590720834750606,576.2794461023228,442.0,42.420801625719605,603.0088960734588,24.55623945300784,664.6476930821754,653481.4434700825,929.7519517136737,205672.93181402635,453.51177692980184,0.3352985814884006,-0.6764475342192626,2.6,79.06560195030903,788.0,-352.0,1140.0,-9.210410212290299e-13,6.6854560910120675,65.7091026096635,1031.4465570256173,1.0
0.6566636784377023,48.523918832677154,667.1000731488152,25.828280491523536,-3533.252982942879,825612.1798989486,0.8093933223505756,0.016169796209738768,0.12716051356352243,0.17512614756256595,-1.5180109693310848,0.0036481315468761236,0.06081180802523952,0.7810854297772621,-0.2319214385762976,1.0130068683535598,1.1015494072452725e-16,11.383834577969184,150.8460057465544,0.8173428134110788,0.2826418845134392,41.85288005230231,682.0051739475759,26.115228774559412,1192.6026668661805,834443.1930045316,0.24414184937591005,0.001574119601189769,0.03967517613306548,0.4483041574942079,0.08200584044873058,-0.0015702326917413285,0.01840614228292868,0.037140437079298594,-0.22154102143306323,0.2586814585123618,-3.9898639947466563e-16,-9.95566661465012,115.47106919109397,0.24784129357355456,,,,,,,,,,,,0.004826689690388716,0.03299675983090262,0.41902624070313926,0.0,0.41902624070313926,9.8879238130678e-17,11.610311207820796,143.03345266821032,0.44241001832709537,,,,,,,,,,,,0.04642809157167019,0.20606138288223097,2.5141574442188355,0.0,2.5141574442188355,3.2751579226442118e-15,10.304423522075561,118.84592772711277,2.8022433105655136,,,,,,,,,,,,0.6393900021859197,1.8822357204498887,17.071578002932362,0.0,17.071578002932362,6.106226635438361e-14,6.697588940773104,52.03548820783752,26.372088185674198,,,,,,,,,,,,0.205716511952589,1.3905021243516573,12.071428571428571,-4.142857142857143,16.214285714285715,-2.19824158875781e-14,5.875489950974787,47.90605229407267,18.64788239013986,,,,,,,,,,,,0.11491268142188296,4.134466862489943,52.142857142857146,-3.6320754716981134,55.77493261455526,2.3869795029440866e-15,11.628149859360294,144.27972582241762,54.87108277046027,532.0,44.55984482724044,662.7590318895027,25.744106740951466,274.4053798310867,785261.3293829865,502.2672982244913,53486.96113427001,231.27248244067,0.19575055899627497,-0.7949090604110735,2.9555555555555557,41.123367542368015,338.0,-341.0,679.0,5.044853423896711e-13,0.8400783854857232,56.424827681713914,553.1509739664209,442.0,44.356717597211265,673.8428898964854,25.958483967606533,377.5805530539226,812172.8282002751,944.5824792592578,215421.33987643445,464.13504486995424,0.33734772435504323,-0.621856738866062,2.4555555555555557,78.39680564795005,783.0,-385.0,1168.0,-1.8474111129762605e-13,6.345193797712762,64.46472870450596,1052.319343165372,1.0
1.3192457088975853,46.83628223891875,708.7181468567699,26.62176077679254,-1417.0734456288203,903795.4235436455,1.3780846102164837,0.0056614465871204335,0.07524258493114411,0.15310112096424341,-1.7328851355692734,0.007169813635312967,0.10143061339667135,1.3754847520244475,-0.0953628019710174,1.4708475539954649,-2.6940255581919814e-15,13.44632997710282,181.93534555471365,1.379304862360957,0.31864617164038006,44.56888062125205,652.316163691821,25.540480882156878,-643.1266553484093,792709.3052625676,0.29119022233523933,0.0016296554033635702,0.040368990616109914,-0.5350883065391211,0.03704380897850767,0.001731772671958587,0.02164627067790274,0.2828723063589219,-0.0448803188243601,0.327752625183282,-2.909998630951094e-16,11.9954701651616,156.17353909793508,0.294562477305071,,,,,,,,,,,,0.001737383467404562,0.005344204719192868,0.06706935885058643,0.0,0.06706935885058643,-5.885049392251318e-16,10.226176285082916,123.88594388244898,0.07560293378047726,,,,,,,,,,,,0.02985950533002611,0.09072643664394087,1.1401791004599693,0.0,1.1401791004599693,5.5164206536062466e-15,10.257302918389952,124.44014759024803,1.285006078586257,,,,,,,,,,,,0.5588127964297719,1.619199934281024,19.38304470781948,0.0,19.38304470781948,5.573319583618286e-14,9.043024161886025,101.51435654817796,23.044923747365857,,,,,,,,,,,,0.04214273021584036,1.2104809269891956,13.705882352941176,-3.6724137931034484,17.378296146044626,2.2648549702353193e-14,7.998843442134484,90.28849522047159,16.295221853689302,,,,,,,,,,,,-0.1493919251497056,1.0778851969408783,10.380952380952381,-2.086206896551724,12.467159277504106,2.1815882433884326e-14,6.608488943184896,57.2637624465788,14.640080415087947,532.0,46.077334219896734,709.263339557111,26.631998414634808,62.1357078200425,901023.8655339783,625.2221646569484,57030.657865158,238.8109249284002,0.03485498888952213,-0.6884081532848539,2.891304347826087,48.94516819465463,567.0,-213.0,780.0,-2.1582735598713043e-13,8.499852110019942,100.37745257591621,665.0819498377625,442.0,45.55028053859675,708.9941696447825,26.626944429370457,94.80771830457289,899775.7525473065,873.5068539292633,98492.10222555717,313.8345140763794,-0.2204048794466039,-0.9819258023772527,2.402173913043478,67.95915649708896,790.0,-121.0,911.0,-1.127098414599459e-12,9.931397856401388,107.05117511509751,922.4185600908082,1.0
2.9242771873193347,43.56231961910993,704.6087812919238,26.544467997907283,-537.0471055654373,824603.3132393298,2.5090850452325815,0.12475145494353002,0.3532017199045469,0.029730847497862128,-1.4126828703539234,0.01671015535611049,0.1909909799458048,2.486242926333871,-0.06228299210385061,2.5485259184377216,-1.547373340571312e-15,12.548537138587655,161.55976673717862,2.536224980107193,0.07369822292052114,41.137581111363914,510.3405315687816,22.59071781880296,1065.1574821843672,523675.35821029334,0.4295935345714652,0.011326817956765309,0.10642752443219428,-0.9619054188476657,-0.3687111400968944,-0.00042113270240297753,0.03336020926132795,0.1606419983008594,-0.4003921199753268,0.5610341182761862,1.5200514458246772e-16,-9.227811493796624,121.75434449078848,0.44134924954587695,,,,,,,,,,,,inf,,inf,0.0,inf,-inf,,,inf,,,,,,,,,,,,inf,,inf,0.0,inf,-inf,,,inf,,,,,,,,,,,,inf,,inf,0.0,inf,-inf,,,inf,,,,,,,,,,,,inf,,inf,-3.177570093457944,inf,-inf,,,inf,,,,,,,,,,,,-0.23160140077166536,0.6285734477153848,4.727810650887574,-2.1666666666666665,6.894477317554241,2.4202861936828413e-14,2.936994253525976,24.5544899977281,8.759862313420602,532.0,43.351289655977304,619.4183264572414,24.888116169313445,127.81396387267867,694018.2138360974,549.4832885942172,63806.770728097996,252.60002123534747,0.2804378589528321,-0.8805790399272672,3.04,45.58500505335377,347.0,-340.0,687.0,2.753353101070388e-13,2.167722214083158,50.47686049112124,604.3724017524295,442.0,43.18972497187487,630.4372335355421,25.108509185842596,391.5028684904161,712860.9314374953,866.2728546431341,91672.98498659644,302.77546959190147,-0.20534867279093286,-1.3360315264020037,2.525714285714286,69.17016839590875,799.0,-20.0,819.0,8.562039965909207e-13,10.18339932728059,109.15693530798418,915.6451277651184,1.0
1.546905434904947,39.81251162878938,637.2391901331188,25.243597012571698,3084.20066191068,760131.4360370737,1.2247753380688615,0.040131772508459645,0.20032916040471901,-0.14685763505504384,-1.168162473808421,0.008641929803938249,0.09250100093721554,1.206995184832639,-0.008372813819814138,1.215367998652453,-1.3877787807814457e-15,12.413535042913635,159.31380527778413,1.2429682797227835,0.1025564553080697,47.44293035918286,511.9494346994739,22.62629962454033,-267.78094151321966,547156.010507523,0.2701910426010746,0.007653117851769059,0.08748210017923129,-0.7138550624261185,-0.5901918004859005,-0.0005729410911065345,0.02116782149985867,0.06142360536411293,-0.2606435798876814,0.32206718525179434,-4.83554168928535e-17,-10.19833900771422,128.71533254359827,0.28330986959393556,,,,,,,,,,,,0.0023257095923967927,0.009131608092420791,0.09553798288031576,0.0,0.09553798288031576,8.81239525796218e-16,8.7637925828236,81.60897330376214,0.12536645838790517,,,,,,,,,,,,0.04037621930049742,0.16313715266420345,1.618748581724576,0.0,1.618748581724576,-3.1225022567582528e-15,8.700566696600344,78.75861680852609,2.2358852006747156,,,,,,,,,,,,0.7375064713631285,3.1362532926798354,35.61246879794067,0.0,35.61246879794067,2.2115642650533118e-13,9.486397803607069,96.98790973826588,42.86327204581026,,,,,,,,,,,,0.17787035428184558,2.2712028514955467,25.181818181818183,-2.675,27.856818181818184,3.091971123581061e-14,9.223899133528448,93.48537868804773,30.308910327436212,,,,,,,,,,,,0.01439320806220104,2.826824953441442,35.68181818181818,-1.375,37.05681818181818,1.9262369477246466e-14,11.608934723263799,144.72712472840362,37.608947436550885,532.0,44.52697426344895,652.5310872145141,25.5446880430064,-70.03824040780547,765270.8155639681,612.9197345572561,54923.81472059988,234.35830414260957,0.13388639054987092,-0.653848244055278,2.9720670391061454,48.909268428238235,554.0,-214.0,768.0,-4.591882429849647e-13,8.110768331723216,94.37849974459019,655.5684556169554,442.0,43.87473377028108,660.9500719907652,25.708949258784678,195.871845793403,783209.8712605825,862.7379255256518,97615.38421924545,312.43460790899184,-0.1609497315996678,-1.159047980703846,2.46927374301676,68.39045724725997,785.0,-110.0,895.0,9.494627306594339e-13,9.856922933830631,104.772851622745,915.5981651357762,1.0
0.0030147684830358146,38.59352820734891,415.51335720905496,20.38414475049309,-1042.2970524384011,321314.982221273,0.004180876889722766,5.986718368591365e-07,0.0007737388686495829,0.04315031639248661,-0.7875135548562431,2.0233345523730298e-05,0.00034715596012994704,0.0037962221931931,-0.001486707027613374,0.005282929220806474,1.2265037076242269e-18,8.282337103659676,96.85470566909179,0.004244769804100028,0.04356613251884295,25.13319936257061,413.2089475440221,20.327541601089447,4842.370001417442,357839.2768717051,0.020481615890909348,0.00020116083019817876,0.014183117788348892,0.7952745356114496,-0.3639170921945778,0.00029239015113317424,0.002034091875045295,0.015506345524603107,-0.005784572780498231,0.02129091830510134,-5.2258544713801314e-17,4.0445487432539435,25.356610276103176,0.025084462157561604,,,,,,,,,,,,0.002796913719047956,0.017486243269739347,0.20163591807272643,0.0,0.20163591807272643,3.5258254649228604e-16,10.500285016170293,116.68281283321693,0.21397277580543858,,,,,,,,,,,,0.03040883272147289,0.14038305196541048,1.6130873445818115,0.0,1.6130873445818115,-1.3877787807814457e-17,10.124130824099339,112.11572889317705,1.7355939514887806,,,,,,,,,,,,0.4371725645243132,1.3745699534590898,12.904698756654492,0.0,12.904698756654492,-4.207745263329343e-14,6.732980936352483,54.05488209873702,17.428772520929105,,,,,,,,,,,,-0.03738844638064689,1.0192562524409126,6.1020408163265305,-9.125,15.22704081632653,5.016820292524926e-15,-3.315886533654429,51.447816382931535,12.32400323730673,,,,,,,,,,,,-0.11942380948654688,6.8574835712509845,45.375,-66.45454545454545,111.82954545454545,9.806044865001695e-14,-4.14490412383875,72.95136928881428,82.87185333110634,532.0,36.68096776136694,449.1279381736994,21.192638773255666,96.00025031667265,363325.65459199005,606.1751439348859,8608.073253898747,92.77970281208464,-0.11783936290579243,-0.42145411149912737,3.5704697986577183,50.06924802476912,598.0,-73.0,671.0,4.3076653355456074e-13,11.32735733033545,134.9106539341952,612.7250606919877,442.0,36.98535682411902,446.2942812093945,21.12567824258891,501.7306123511256,357504.5845792305,1064.511786320078,188854.2378667173,434.5736276705218,0.1140398735943214,-0.5774139589211036,2.966442953020134,93.87864622056746,477.0,-731.0,1208.0,8.881784197001252e-16,-1.021401651051204,33.672079757044735,1146.5068687103449,1.0
0.007336416218248407,42.95220334795281,572.5331862471209,23.927665708278376,-1556.5397839875293,590001.0591331486,0.008132691292374424,1.1070528342785897e-06,0.0010521657826970947,0.8093135906921323,0.345632066288959,4.44631285954449e-05,0.000636468278859014,0.007947452599056031,-0.0016439758705525341,0.009591428469608565,4.7027269231558755e-18,11.600276860749583,145.79632310967585,0.00819550843857239,0.019486287770630377,35.074574758182386,624.5829331511613,24.991657271000683,4533.095439314228,709581.4226143716,0.02428985813385753,0.000154730045804911,0.012439053251952537,0.6535901889791143,0.3463375119250987,0.00011809871376139624,0.002118051928654829,0.019866298107431138,-0.007151367425986633,0.02701766553341777,-6.123031769111886e-17,4.896269421081806,47.5577791707187,0.02724912954537512,,,,,,,,,,,,0.0025498079727446733,0.016287665366199865,0.1862338847569508,0.0,0.1862338847569508,-1.1622647289044608e-16,10.017576430929674,106.34454218323626,0.20918441569210589,,,,,,,,,,,,0.027916103124554916,0.14033578056537024,1.676104962812557,0.0,1.676104962812557,-7.73686670285656e-16,10.48649555009542,120.1084539485126,1.8155505664698368,,,,,,,,,,,,0.40337827504948953,1.4396599640576737,15.084944665313014,0.0,15.084944665313014,-4.546363285840016e-14,7.806589675835081,72.40299432672198,18.97073825731843,,,,,,,,,,,,-0.05511418982796453,1.0557603177453814,5.910891089108911,-10.666666666666666,16.577557755775576,5.599687380453133e-15,-5.1893775027669795,69.20260194144512,13.41433766586493,,,,,,,,,,,,0.3087312587092158,4.062363511571407,38.333333333333336,-5.173913043478261,43.507246376811594,1.1435297153639112e-14,7.970998263354869,67.78989581889054,51.69425576145182,532.0,40.894232380643054,553.349436871133,23.523380642907878,-132.2829343802861,550212.8025116113,609.4448507787813,11474.266542155905,107.11800288539693,-0.04970654597392229,-0.6986913901173277,3.224242424242424,48.02629980449191,597.0,-96.0,693.0,-9.85878045867139e-14,11.532742204196783,143.11616620113634,618.2976629423728,442.0,40.49323184827099,489.2827680398215,22.119737069861873,-36.11131583838784,446755.4516837125,918.7692202954735,217247.72959374555,466.0984119193559,0.4946781462248659,-0.5477245467433427,2.6787878787878787,79.96029225762427,473.0,-391.0,864.0,-7.229772336359019e-13,1.9795499071847944,21.729547367726905,1027.6847765730502,1.0
0.0067949111145266475,37.30250972220759,363.61249647845653,19.068625972483087,-3249.9286854516918,274758.3831417229,0.005765230689791655,6.840242172294228e-06,0.0026153856641601115,0.12408245352509911,-0.868093539067737,4.853507938947606e-05,0.0005349986247811926,0.0050092617608885675,-0.0014744214759040424,0.00648368323679261,-4.472333961502706e-19,7.19490773189568,61.47222154712482,0.006356184826047399,0.04288933370293373,29.676572579588395,389.9172236356202,19.746321774842528,1445.9468586667635,277552.61470150977,0.022689070739523406,0.00013410526102589337,0.01158038259410687,0.4529069047434205,-0.4131277671407361,0.00030635238359238374,0.0021490553407926966,0.016929648983314484,-0.0053742571954764696,0.022303906178790953,4.0766001685454967e-17,4.241209988453215,28.829280908686236,0.025685028512756742,,,,,,,,,,,,0.004179502754766787,0.02516394986811604,0.26799965467711717,0.0,0.26799965467711717,-8.500145032286355e-17,9.25309570719537,91.6477125763627,0.2996591080568358,,,,,,,,,,,,0.04155278334014852,0.18846756961386868,1.8759975827398203,0.0,1.8759975827398203,-1.096345236817342e-15,8.151841666290526,72.4285738407949,2.267165385834719,,,,,,,,,,,,0.517145169184355,1.585454859201762,13.131983079178742,0.0,13.131983079178742,7.771561172376096e-15,5.678739834935528,38.02993564842187,19.590626856934726,,,,,,,,,,,,-0.02694195482122608,1.1789093473880865,7.111111111111111,-9.285714285714286,16.3968253968254,-2.819272593157507e-14,-1.8133061942963105,37.13477077292069,13.852665098233844,,,,,,,,,,,,0.29164517547351076,4.017101719861896,38.285714285714285,-10.035714285714286,48.32142857142857,2.042810365310288e-14,7.428550752479187,64.51539134916696,47.31446409694417,532.0,34.6462925219168,400.738283574036,20.01844858059775,88.88219784724464,288388.4982585359,595.5192728633002,10069.309934080438,100.34595125903405,0.007275701699837254,-0.6968817718692085,3.8,50.89628108783029,586.0,-65.0,651.0,-5.311306949806749e-13,10.791100451756959,123.77516429986353,603.8890626596908,442.0,33.80638117690338,393.66165983410434,19.840908745168512,192.90173080647193,276737.8357459818,693.6351979700866,102761.21213699886,320.5638971203695,0.5447042839148283,-0.17157114302218454,3.157142857142857,64.49399434150777,464.0,-281.0,745.0,1.2247980407664727e-12,3.8523614258670165,30.48058730122866,764.0170155173247,1.0
0.5578392794573818,40.70657230078684,628.6939613163182,25.0737703849325,923.512615150836,690689.8359759994,0.47186458773715595,0.0013198423153420891,0.03632963412067467,1.1172012502914073,0.018553640167003477,0.003262218008522699,0.03608520052071368,0.4714987501868427,-0.00176616191980568,0.47326491210664834,3.5388358909926865e-16,12.895186333017671,167.6896461427048,0.47379956043177823,0.10151066476919217,44.503544458468866,717.0791008547238,26.778332675032697,-2474.077668968105,811338.9384948497,0.1480248963195506,0.0018503892437512271,0.043016150963925484,0.12020463532218165,-0.8622813936761223,-0.0005936296185332877,0.01175351173556169,0.020293469433061387,-0.14141423178779816,0.16170770122085953,-4.7921736023859296e-17,-10.354592215367783,122.2151594576022,0.15389301886498827,,,,,,,,,,,,0.004193792189920673,0.021454683405266628,0.2320194125768359,0.0,0.2320194125768359,3.5995512126518747e-16,8.719403625728646,83.2125179078108,0.28418943553370546,,,,,,,,,,,,0.04734679681071336,0.19259130993218185,1.8561553006146871,0.0,1.8561553006146871,9.853229343548264e-16,8.089590332129784,69.26941241028602,2.5782356911669764,,,,,,,,,,,,0.6528436158372184,1.9845578274319124,18.974031961839025,0.0,18.974031961839025,-3.519406988061746e-14,7.109640378850391,57.90171265538163,27.15934461948887,,,,,,,,,,,,0.03829371667446706,1.4767771903180282,13.416666666666666,-10.5,23.916666666666664,7.729927808952652e-15,2.4860310320811756,54.721201228805924,19.204556753022953,,,,,,,,,,,,0.4088710526668003,5.932004666396476,61.666666666666664,-3.5185185185185186,65.18518518518518,-1.5104584250025255e-13,8.954716548340242,83.91305643601282,77.2990263721094,532.0,42.39615815058844,591.1478469440323,24.313532177452792,-26.85272017911538,632337.639362635,589.2563530826401,34661.07976351176,186.1748634040368,-0.19533778656954465,-0.6094389079150966,3.111111111111111,47.11879281960782,557.0,-150.0,707.0,8.43769498715119e-14,9.572133326353013,113.47038637922715,617.499797570817,442.0,43.63271170651083,599.5254510405748,24.48520882166568,-1305.0502192060133,641974.0625325243,1057.807188882433,267668.3864427627,517.3667813483609,0.47203565293260646,-0.12128533305834323,2.584795321637427,89.78582444763629,794.0,-380.0,1174.0,-6.492584248007915e-13,4.595406200147093,43.55223706552339,1174.5884385605027,1.0
503.48262378113765,40.48704037110635,560.2752178403352,23.670133456327093,10.035609502646244,564956.5694124474,502.8359371542323,0.10660784557622696,0.3265085689169994,-0.33767854668978203,-0.5046320019190436,3.051409841097804,39.02692915657955,502.83974332467665,-0.04731047593023566,502.8870538006069,-2.2026824808563106e-13,12.845215531949073,164.99970613636853,502.8399643353937,4.139975643669446,40.5881371596004,555.5707997328828,23.570549415168134,9.167962369383762,554734.1709675115,4.282455731912502,0.013194711383747884,0.11486823487695753,-0.31858980383480473,0.15802119922488145,-0.025090761476784525,0.33249646884633294,0.0843038418443952,-4.280425259622105,4.364729101466501,3.8719027983802334e-15,-12.820456050982754,164.57460956905763,4.283137744413133,,,,,,,,,,,,0.0311427138437383,0.24867987688087193,3.005203820042827,0.0,3.005203820042827,-2.987193825632062e-15,10.937301867890776,127.5885204978315,3.199731647488471,,,,,,,,,,,,0.15012767696442134,0.8579209476874288,8.432903094150678,0.0,8.432903094150678,-1.634803403760543e-14,7.965501159808198,67.37998712847889,11.119638821251147,,,,,,,,,,,,1.2059727413611119,6.3809838004253985,75.8961278473561,0.0,75.8961278473561,9.614531393253856e-14,10.325911656858445,117.10780162941626,82.90914241393493,,,,,,,,,,,,0.30955996109226336,4.581466456014619,53.666666666666664,-17.857142857142858,71.52380952380952,4.9182879990894435e-14,9.447552855868754,115.06343417702143,58.625616823254596,,,,,,,,,,,,0.617927472920495,7.572955247117181,87.0,-10.272727272727273,97.27272727272728,1.000310945187266e-13,9.691578262839359,105.94304610972522,97.00635104193265,532.0,41.05473310321795,543.4473216512188,23.31195662425655,-21.452691798007,531539.8254486325,511.87919998257985,26800.818771535447,163.7095561399378,0.046709815975358046,-0.7230447424954568,3.224242424242424,41.711178868594736,483.0,-125.0,608.0,-4.529709940470639e-14,9.2389429086474,107.36611490214663,537.3881278926806,442.0,40.70899371096081,561.8616208057626,23.70362041557708,246.17596372836414,568423.5765261324,849.9875658900708,99899.22319812664,316.0683837370113,-0.0557021064934457,-0.4596929737527071,2.6787878787878787,70.38396751660996,783.0,-188.0,971.0,1.2967404927621828e-13,8.595669780279362,93.41895458940655,904.7530049687595,1.0
0.3016803775842134,45.36764792700841,719.3879764114927,26.821408919210278,-7603.698434973725,813379.0605057147,0.22717580208763133,0.015690262237054303,0.12526077692978876,0.2985639193156865,-1.0439342793796187,0.0018737911651193371,0.0203816231339736,0.188511399886712,-0.05552874955156143,0.24404014943827343,3.165870343657673e-17,7.944676045375774,69.44112099485048,0.25970442129435334,0.24859446405611704,34.68917047393113,635.2266508837153,25.20370311846486,4862.744771396326,657129.2977489741,0.13760540864972942,0.002938825105953414,0.05421093160934807,0.08021143253620286,-0.5549931495443239,0.0015440649941373735,0.0116198079394385,0.10546810844845331,-0.023925252814397134,0.12939336126285045,2.1597307275911248e-16,7.711581765250514,64.35302002361442,0.14873485063745134,,,,,,,,,,,,0.004470659258823141,0.03182225757091377,0.37319524562623346,0.0,0.37319524562623346,1.196959198423997e-16,10.543640580234268,117.53157365824704,0.40392768367203624,,,,,,,,,,,,0.040900630025253085,0.2081881272107579,2.2391714737574007,0.0,2.2391714737574007,1.1934897514720433e-15,9.09383521759124,88.2138643732243,2.6669073737161697,,,,,,,,,,,,0.5079309290509377,1.7190366546169233,13.435028842544403,0.0,13.435028842544403,-2.886579864025407e-14,6.142342809772245,40.44585210899629,22.53146187177584,,,,,,,,,,,,-0.07196072809096153,1.26544935809939,7.779220779220779,-9.5,17.27922077922078,-1.8041124150158794e-15,-3.0172616304751165,40.04344448388326,15.932149479578836,,,,,,,,,,,,0.32798465785428627,4.641423730030287,53.333333333333336,-3.8867924528301887,57.22012578616352,-7.605027718682322e-14,10.108326127103787,110.71694736410332,58.48727495824387,532.0,39.81603054569493,527.8472036770945,22.974925542362364,64.18973025689404,500940.6521963214,609.8634104983852,9141.633035278148,95.61188752073744,0.11573957890366679,-0.12992725309150507,3.3043478260869565,48.4997334280001,599.0,-77.0,676.0,-3.7569947153315297e-13,11.585593474983575,142.87164121178833,616.8192603996733,442.0,39.55328616608717,524.7481116484105,22.9073811608488,-308.6348153687116,490691.7346483795,721.2626833592747,91961.06659337865,303.2508311503509,0.04658191039187763,-0.2745054992488513,2.7453416149068324,61.47152848029064,642.0,-206.0,848.0,1.482369782479509e-12,7.829655042468618,77.84965903660462,780.7637286657213,1.0
0.0616933854877765,38.94632562391245,571.8957763761081,23.914342482621347,1743.4830069290772,599442.3746425314,0.03245860942769317,0.00019530764081130883,0.013975251010672719,0.15103851356317166,-0.9617511576580035,0.0003738993059865243,0.0027428143740832354,0.02356048309141046,-0.0043877021515799485,0.027948185242990406,-3.176712365382528e-17,6.770931844709582,48.522373676563035,0.03555794113808679,0.1222776405441037,36.36253483891252,625.3616478355256,25.007231910699865,1455.8768844281567,686373.3755344227,0.05271907121255876,0.000869100514736269,0.029480510761115877,1.2288272120215635,1.7438903669785208,0.0007410766093582042,0.004688017907152713,0.03181201832063632,-0.012717799779483696,0.044529818100120015,-4.12647346847983e-16,4.037863757921474,23.981210193116972,0.060966437999846974,,,,,,,,,,,,0.019917566325537348,0.11462017907708101,0.9231671865491037,0.0,0.9231671865491037,5.204170427930421e-17,6.783632216583577,47.411018985169264,1.480739063373108,,,,,,,,,,,,0.10887020154668994,0.5521456487194399,5.539003119294622,0.0,5.539003119294622,-1.634803403760543e-14,7.617226688324381,64.69002533416206,7.162977117505666,,,,,,,,,,,,0.8385174877598861,3.039918120952732,33.23401871576773,0.0,33.23401871576773,2.2315482794965646e-14,8.401364662635183,82.65325983794783,40.13679893836708,,,,,,,,,,,,0.05172072393653838,2.229222251459791,23.5,-10.6,34.1,-3.164829509572087e-14,6.3762416482003506,79.03522560447321,28.381002704440384,,,,,,,,,,,,0.20366435504746627,5.660719424171596,67.0,-11.153846153846153,78.15384615384616,1.2667644710973036e-13,10.510776713742755,121.7903897155709,72.09581276420359,532.0,40.90934263271125,551.0569817006076,23.47460290826253,39.35964254928327,547346.9115401506,586.3220925816092,24668.086677552168,157.06077383469167,0.06704321117013437,-0.8317465063915727,3.224242424242424,47.11100386355771,561.0,-129.0,690.0,-2.398081733190338e-14,10.150648956175313,120.5891278226405,606.5673911446279,442.0,40.435471684279904,554.8463004040289,23.555175660648953,-248.47698707197583,552014.6004809457,879.4375821969295,117301.77072693553,342.49346085281036,0.2133851902175511,-0.5269078337816115,2.6787878787878787,73.24984127638486,799.0,-147.0,946.0,7.283063041541027e-14,8.802216785194712,90.05560321529872,941.5402274996007,1.0
0.17133050983642678,28.072061383809142,374.9701688321129,19.36414647827559,3620.8628424558683,324664.44915591413,0.10217456692325574,0.0029307332358030377,0.0541362469682101,-0.27275432459587334,-1.220592347892339,0.0010446982307099196,0.00902920371238242,0.0938910479025699,-0.005329879831561624,0.09922092773413152,-9.540979117872439e-17,9.058531555161355,84.62520386184036,0.11640162330467556,0.01617932654886689,37.48369741431539,539.3015911566469,23.22286784952812,2850.6017987604455,536008.5671828119,0.14353816925163948,0.0008945842491799182,0.02990960128754508,0.40898856974973846,-0.318080992307852,-9.865443017601747e-05,0.011426809529594455,0.04361766749927453,-0.11987243603144761,0.16349010353072213,-4.6349642873755315e-17,-6.95781566023445,76.51405054228475,0.1463400158208436,,,,,,,,,,,,0.0011407358568123096,0.0020162715917005176,0.007123446091953367,0.0,0.007123446091953367,-4.8138576458356397e-17,1.426953880164154,0.46096860450958443,0.02948548739796521,,,,,,,,,,,,0.019919063909948777,0.03370736746092345,0.1068516913793005,0.0,0.1068516913793005,2.4424906541753444e-15,1.3028113313547955,0.04810658045193694,0.4983360592687275,,,,,,,,,,,,0.4245532967721432,0.8668609182806106,7.049960146755429,0.0,7.049960146755429,5.206945985491984e-14,3.8312116371120193,22.48354959384168,12.285533088053946,,,,,,,,,,,,-0.017523694642884773,0.68230462173963,3.0267857142857144,-4.985074626865671,8.011860341151387,-3.3986702341337605e-14,-1.5605826903213238,19.413380685399144,8.687183757054651,,,,,,,,,,,,-0.17464440727633745,0.7653193974353332,5.815789473684211,-2.6417910447761193,8.457580518460329,3.1308289294429414e-14,4.479520229426917,35.33792702062342,9.9913332819778,532.0,41.2065052667349,542.8916123024259,23.300034598738815,-37.754753197312226,535897.1207221182,557.6299968498407,77340.83539373438,278.1022031443375,0.2664619273542011,-0.6813055773981077,3.2439024390243905,48.51503688840351,348.0,-334.0,682.0,-4.3165471197426086e-13,2.375389287631159,42.67175945819017,622.6829048560752,442.0,40.3208679469273,531.2599156850623,23.049076243638535,81.80494842544311,523053.18164332537,873.2802268083207,109627.62107536396,331.10062077163786,-0.15669679437189887,-1.0237126168733959,2.6951219512195124,72.913863151113,798.0,-177.0,975.0,-1.1368683772161603e-13,9.235841549801949,94.46047064908578,934.3907105702625,1.0
0.0016298294149030448,39.065637978829855,599.8832636204772,24.492514440548508,3087.8710754525296,616624.229232446,0.001743442686614231,3.7034025600477647e-07,0.0006085558774712282,-0.7499628088627863,-0.12532440928886115,1.0060675400636083e-05,0.0001441291695970603,0.0015018616713273405,-0.000722029046700503,0.0022238907180278434,-1.2874900798265365e-19,6.33506766786515,75.14145346508373,0.0018389286077380267,0.025105083656553798,29.63406741861547,584.133074008468,24.16884511118535,6991.097290991149,632814.377464086,0.017294697830350255,0.00013227493508407667,0.011501084082993076,0.9532369552443596,0.1559174910903582,0.00015496965220094936,0.001631800928551363,0.009811059243409997,-0.00589250217737213,0.01570356142078213,-3.61039323437673e-17,2.661939147471751,15.470435814633518,0.020862884697254756,,,,,,,,,,,,0.001986747502152455,0.011205539831308245,0.13385560466905838,0.0,0.13385560466905838,9.974659986866641e-17,10.637474607202911,122.00877352267685,0.14395070742353108,,,,,,,,,,,,0.025756823934612864,0.1068355194431836,1.2047004420215255,0.0,1.2047004420215255,-7.632783294297951e-16,8.99247032312351,94.31688197128338,1.3900930727915197,,,,,,,,,,,,0.4261625363566187,1.691166791429342,17.45199715268926,0.0,17.45199715268926,4.651834473179406e-14,7.988707020014489,72.61575352933369,22.06049727028764,,,,,,,,,,,,0.024936169345423698,1.2329671525924883,12.340425531914894,-7.666666666666667,20.00709219858156,2.8144153674247718e-14,4.821536398520725,71.13786664789976,15.59912721616771,,,,,,,,,,,,0.03570813875326338,5.2374676613019755,43.55555555555556,-45.111111111111114,88.66666666666667,-6.791789353144395e-14,-0.15794637726910726,64.09399301203977,66.25084763153728,532.0,40.164554101328676,539.5498811143963,23.228213041781675,78.76033972146331,525970.5376136801,588.8309308600008,6487.171899582249,80.54298169041328,-0.20932990076436184,-0.40469901489371596,3.2839506172839505,46.519937201506714,580.0,-69.0,649.0,1.9806378759312793e-13,11.858529605975576,147.41151793322888,593.5756059677655,442.0,40.978533288310615,548.3341169877866,23.416535119179922,654.5005806486907,523286.7403262114,815.2343212432585,173433.273071983,416.4532063413404,0.34496866912981233,-0.7317502051732324,2.728395061728395,71.4441009747539,436.0,-406.0,842.0,-1.1146639167236572e-12,2.4338038403888405,27.78855193576202,909.9978021951482,1.0
18438.80210635524,40.45550338602458,560.2550323231651,23.66970706035808,32.29174730319044,564881.1683343076,18388.99449675695,1212.6262230687173,34.82278310343269,0.015191951907920052,-1.499708363828754,112.43172016070272,1431.5804773040923,18389.562234573947,-0.01614859672489226,18389.578383170672,7.361222742474638e-12,12.80610934471166,163.99760558039648,18389.628135724404,43.69496712931122,40.55895687036337,560.2795751152555,23.67022549776946,-42.04451731253243,564901.8761688796,43.885726809581925,0.012127031453314023,0.11012280169571614,0.06309359958406646,-1.413100740412145,-0.2664327263982392,3.4163678376358337,0.11741185039272793,-43.88350795706351,44.000919807456235,1.509903313490213e-14,-12.806079278014646,163.99709773025668,43.883699916432256,,,,,,,,,,,,0.0017807635322317152,0.0042691900225523775,0.04419417382415922,0.0,0.04419417382415922,-4.640385298237959e-16,6.691801646238969,61.163157188785576,0.05887555144059976,,,,,,,,,,,,0.030731057546749763,0.07019235168414403,0.622861637334244,0.0,0.622861637334244,-6.022959908591474e-15,5.317111027681428,37.16327518539014,0.9752748276914239,,,,,,,,,,,,0.6321271967267216,1.9691399282885038,19.93157239469581,0.0,19.93157239469581,1.0857981180834031e-13,7.738254330650904,68.1382368546494,26.322797907963903,,,,,,,,,,,,0.08118429483240915,1.4601224384562355,14.09375,-3.3636363636363638,17.457386363636363,-1.2184697695261093e-14,7.169389083745962,63.104927811113484,18.613028900524345,,,,,,,,,,,,-0.11193303480045326,2.0180162946219475,24.53125,-2.5,27.03125,2.8449465006019636e-14,11.339709555085108,138.6059105722489,25.724634898897506,532.0,40.62245247383155,544.4632306870344,23.333735892201968,-331.08221073332453,534844.4476417713,599.6444093757408,96677.70425563861,310.9303849025351,0.11201318624672195,-1.0406990853055011,3.2439024390243905,52.70408901978194,451.0,-333.0,784.0,-4.511946372076636e-13,3.718030387889447,49.50193617090868,676.218899469691,442.0,40.30130075568726,554.1519041216305,23.540431264563328,54.54120883544328,548006.9221523501,861.2488897765471,97095.88644403129,311.602128433089,-0.21058276778182214,-0.9817054076968219,2.6951219512195124,71.48566102584607,785.0,-131.0,916.0,0.0,9.341257949265762,95.17810297865944,916.1135300823802,1.0
0.12476834542730332,38.02480768182319,684.5007899661771,26.16296600093684,3017.189125510273,799749.7324945393,0.06825748251547252,0.0004950060837790409,0.022248732183633314,0.8707844898242223,0.02105433991367748,0.0007009457608275468,0.005377460481500818,0.04723567522792371,-0.0067068463985439685,0.053942521626467684,-1.457167719820518e-16,7.714402432485652,60.59879951411452,0.0723512011080058,0.10725040456563277,40.89756519284453,811.0550468354867,28.479028193312473,5046.949638908384,1080950.8892366462,0.0781672488910716,0.00128283654937163,0.03581670768470533,0.4625649967784795,0.20863844857972727,-0.0006025303627282742,0.006419047492060478,0.027177410925038774,-0.05440232352892392,0.08157973445396269,1.216474837528736e-16,-4.0435773360743665,35.3497104962283,0.08601723089424601,,,,,,,,,,,,0.014212250827317146,0.08802768653313472,0.9428090415820632,0.0,0.9428090415820632,-7.875644580934704e-16,8.297669165365381,76.69621246097898,1.1829419486652635,,,,,,,,,,,,0.08866138013645102,0.3959601354312531,3.1747651400212336,0.0,3.1747651400212336,-3.191891195797325e-15,6.27979363055155,40.279087170921485,5.383081587288524,,,,,,,,,,,,0.8421933379513509,2.652070049466345,22.223355980148636,0.0,22.223355980148636,1.092459456231154e-13,6.074765472795764,40.9112563800124,36.91512791762776,,,,,,,,,,,,0.11525324518710586,1.9642044884270207,14.0,-15.714285714285714,29.714285714285715,1.1379786002407855e-14,-1.0873178038880247,40.78176445944657,26.102937278923424,,,,,,,,,,,,0.3619298512130185,6.659411507194897,69.33333333333333,-20.8,90.13333333333333,-1.5332179970073412e-13,8.317382843125714,80.52865210630314,88.47745956867873,532.0,44.49885064662025,648.9740638815123,25.47496935977573,1241.5110957198328,746047.5620541308,517.2790354810171,61207.18596868258,247.40086088912983,0.033822475897494396,-0.9763334364770089,2.9887640449438204,42.9678464530104,403.0,-296.0,699.0,-1.056932319443149e-13,3.207936340033854,57.36600436697395,574.6477181717509,442.0,44.20519726301521,664.3893743000044,25.775751672841754,191.26040024291035,798446.9183981414,985.4298251533017,220001.3181252994,469.04298110652866,0.22973726812636294,-0.7827456544482455,2.4831460674157304,81.6440083408908,784.0,-352.0,1136.0,-7.94031507211912e-13,5.407261940488229,54.195019114514565,1089.7706180660223,1.0
0.00018584996624600416,29.018673824670216,384.70353176161774,19.613860705165052,2807.100569561797,279521.9849503262,0.00010784032776288965,2.2149728551074738e-09,4.706349811804764e-05,-0.03451851871363617,-0.8485748199878531,-1.2906247655972511e-06,9.795246214327054e-06,3.7726852193845816e-05,-8.221618362651653e-05,0.00011994303582036234,-9.529120656610879e-20,-5.566664024342054,45.04614282631079,0.00011855888300173923,0.011440953756050592,33.0350920681,395.20877691077834,19.879858573711694,1405.0595961217555,301147.69357711426,0.010631952681327819,7.865541012579273e-06,0.00280455718654109,0.14002290328391548,-0.4039630800267503,7.945106775035136e-05,0.0009143244923435395,0.002939201323745202,-0.009340731195222003,0.012279932518967205,4.553649124439119e-18,-7.1520701975646315,79.21080067060824,0.011013239846797836,,,,,,,,,,,,0.000824021391619555,0.004473249150544373,0.05069851017253726,0.0,0.05069851017253726,7.546047120499111e-17,10.092512208830595,111.47492039068815,0.0538187299212546,,,,,,,,,,,,0.01629272184924099,0.09286187431670305,1.0646687136232824,0.0,1.0646687136232824,-2.84147705365001e-15,10.447207227290862,117.29579208215712,1.1155398998518593,,,,,,,,,,,,0.35375230644373584,1.992960991868649,22.358042986088932,0.0,22.358042986088932,2.2148949341271873e-14,9.95594029477061,107.70155074225937,23.949630254335993,,,,,,,,,,,,0.08854518322480509,1.428522612785625,15.80952380952381,-1.3333333333333333,17.142857142857142,7.771561172376096e-15,9.83635105316826,106.366901927127,16.93494595975148,,,,,,,,,,,,0.0003074563158596761,1.7767810538178452,18.857142857142858,-8.80952380952381,27.666666666666668,2.020736009078483e-15,7.740566198668589,95.35443113798097,21.023157257723167,532.0,35.75248837108003,413.85774569920176,20.3434939403044,297.78131382097587,311987.9630972503,374.98942379265503,22688.182043652618,150.62596736171562,-0.08787176442363344,-0.982755705740915,3.6944444444444446,33.525338215581634,332.0,-20.0,352.0,-4.511946372076636e-13,8.017188043411329,71.09231097100903,404.73942234479705,442.0,35.63568687643199,426.7741162732207,20.658511956896138,-14.478697451986516,326409.59736486187,804.9056010561902,17227.278943928788,131.25272928182784,-0.18526218305871464,-1.2917996165800112,3.0694444444444446,67.82838360092018,792.0,-185.0,977.0,-1.1191048088221578e-12,10.891749541348805,128.98798086490532,814.7735881826312,1.0
631.5008155476224,40.56510552914391,561.2607519595174,23.690942403364147,-47.78538355819458,566208.3543759506,632.0415605222624,4.848300384183833,2.2018856428488363,0.7970387817321771,-0.8307908530430478,3.8506147289489174,49.201687007966854,632.0089931630365,-2.232137015504935,634.2411301785414,-6.10178574333986e-13,12.805832770136194,163.99286280053929,632.0157047638945,5.796348370392888,40.50704976650279,540.8569533089972,23.25633146712949,27.167666909529693,539388.6064435943,6.134728848798566,0.062054344219391204,0.24910709387609017,0.0352546880703961,-1.4810292437899364,0.035343587624346876,0.4781141198873089,6.131184682705585,-0.3144106588797533,6.445595341585338,-4.85722573273506e-15,12.75164608869252,163.0938066413382,6.13955487431876,,,,,,,,,,,,0.003428544892854228,0.014751738208419362,0.12221598687174895,0.0,0.12221598687174895,8.066464163292153e-17,7.163060178718139,52.268415571591845,0.19156980983528996,,,,,,,,,,,,0.04431890040761323,0.15749283454923155,1.5229992210171792,0.0,1.5229992210171792,3.635980405647388e-15,7.495222744455362,61.62116687238983,2.069518122373092,,,,,,,,,,,,0.6660604849243591,1.9273098546609508,19.79898987322333,0.0,19.79898987322333,9.614531393253856e-14,7.262196642567982,64.41391352398907,25.793518086374753,,,,,,,,,,,,0.08667969298902072,1.4392937690231151,14.0,-7.0,21.0,4.135580766728708e-15,5.145193782560441,58.74184521044892,18.23877154953345,,,,,,,,,,,,0.20509259339669245,4.26566233751962,43.888888888888886,-3.6923076923076925,47.58119658119658,3.519406988061746e-14,8.769605317097277,81.42443401200156,54.01916422840998,532.0,40.82237965739855,549.7680171175689,23.4471323858072,26.730019015162817,537085.4861560408,507.8280545630331,35337.71577921293,187.98328590386149,0.02438594367934787,-0.438781718363953,3.2439024390243905,42.16071485937929,462.0,-162.0,624.0,-5.577760475716786e-13,8.010198678249077,88.67671608941498,541.5163894103299,442.0,40.76983710952813,563.1142371014947,23.730028173213253,64.96319345436598,579975.7882430275,892.7578310668212,127579.69897130465,357.18300487467855,-0.04122264789526685,-0.5489542506900297,2.6951219512195124,74.74080235841875,796.0,-242.0,1038.0,9.947598300641403e-14,8.204635454507452,82.80121804440728,957.7713714660717,1.0
0.006367239922228464,30.609961660045812,532.2122413811334,23.0697256459875,6709.985295866426,543895.5608808529,0.004311560845615336,4.3443291976350655e-06,0.002084305447297748,-0.37900081440395605,-1.0230978278604168,4.244826614818975e-05,0.00039022466274223863,0.0030274956628237146,-0.0010909200362797815,0.004118415699103496,-3.604972223514302e-18,6.2349441659140705,43.94374201873244,0.004807449574014515,0.00986608489618072,33.57382560064989,414.6967539551097,20.36410454586967,2402.784700033684,337598.4302601913,0.02587327890774562,0.0001546763857877778,0.012436896147663926,0.13951311040284556,-1.013118040725059,-6.577389930787147e-05,0.0023397889944311036,0.013732407618287703,-0.013770105439775082,0.027502513058062783,-1.9217483507305566e-17,-1.0211816693821738,20.38914291490196,0.028667766073478033,,,,,,,,,,,,0.003801592682711319,0.02126034747589563,0.23861216484484318,0.0,0.23861216484484318,-1.1362438767648086e-16,9.667599128714345,102.98249043331055,0.2618564660515311,,,,,,,,,,,,0.0413977646656145,0.19145543489319922,2.1475094836035886,0.0,2.1475094836035886,-5.273559366969494e-16,9.467971385905603,100.89227914997977,2.3749182922807424,,,,,,,,,,,,0.5572606831297412,1.935156264998692,19.327585352432298,0.0,19.327585352432298,4.374278717023117e-14,7.29369615845335,63.80948881172872,24.41596359192296,,,,,,,,,,,,-0.11228639041631708,1.4195338622203537,7.096385542168675,-13.666666666666666,20.76305220883534,8.271161533457416e-15,-5.295705082086888,60.80152170259731,17.26469342505258,,,,,,,,,,,,0.6339177883291914,5.339598656700657,43.75,-3.0606060606060606,46.81060606060606,-7.616129948928574e-14,6.713215384349871,46.43663672128459,65.19382900105609,532.0,37.41232491912932,465.8937072677113,21.584571046646058,-13.29583291180117,391532.2389359978,610.0531527370719,19534.350835558882,139.76534204000248,-0.044635951883435845,-0.2778862572634053,3.546666666666667,50.705500906925316,589.0,-123.0,712.0,-8.526512829121202e-13,10.311789243316499,119.86162338946475,622.5303205467185,442.0,36.93223713776195,412.6630052947668,20.31410852818225,-312.62846773192996,314546.2619892936,771.9038693830685,158649.21643144696,398.30794171274937,0.28988113019983897,-0.38833971301289966,2.9466666666666668,70.9216268535597,526.0,-303.0,829.0,6.652456363553938e-13,3.3058380896196162,28.40145581159748,869.3583840971455,1.0
0.13701606507485645,41.13738596189459,732.5532187270653,27.065720362241706,-1032.0188532823192,807162.5863249432,0.061311764444605156,0.0011175444104855404,0.03342969354459505,0.8897541389947766,-0.09983067801203328,0.0008405893562874631,0.005452954738404522,0.03951235956226878,-0.010135968488705903,0.04964832805097468,2.1033522146218786e-17,5.325406059282827,30.399985516188824,0.07044098844233888,0.0793303182067446,39.513204454725894,590.2879125403415,24.295841465986346,570.704143984908,603018.8281117862,0.11642851541219745,0.001325535836810326,0.03640790898706387,0.424688328407436,0.16191433033107036,0.0004866890687530343,0.009525503297627611,0.036232035469483025,-0.098849685517185,0.135081720986668,4.0375688903360185e-16,-6.1501406135436225,74.80835125406215,0.12177211885160566,,,,,,,,,,,,0.0470375551554854,0.5572915194349181,7.0710678118654755,0.0,7.0710678118654755,-8.951173136040325e-15,12.632193747777269,159.70801975441154,7.074306967940642,,,,,,,,,,,,0.12131500812517189,1.1224218022100974,14.142135623730951,0.0,14.142135623730951,1.582067810090848e-15,12.319002294885681,154.0182102459586,14.280325112674289,,,,,,,,,,,,0.6270182790729326,2.6565388270419144,28.284271247461902,0.0,28.284271247461902,1.4210854715202004e-14,8.498803321530954,80.75469389722497,34.52616506216199,,,,,,,,,,,,0.029936947470371962,1.929839115085136,20.0,-11.555555555555555,31.555555555555557,8.527900607901984e-15,5.6188361521557475,79.49663195593271,24.4136854438208,,,,,,,,,,,,0.17442088134894357,3.606262364871608,42.5,-9.090909090909092,51.59090909090909,-1.609823385706477e-15,10.300350513830196,120.24445070403591,45.66933481125374,532.0,40.24630111276939,538.4563810820638,23.20466291679463,53.496449070101505,521122.4993389371,604.3111248689113,14380.38534732526,119.9182444306339,-0.013008997479079347,-0.6051888594397586,3.263803680981595,48.107985411765505,591.0,-104.0,695.0,-1.0391687510491465e-13,11.250758074246434,138.1224117541964,615.6135151212975,442.0,40.29774363638601,539.732351794184,23.232140491013393,-32.813471690951594,526554.4873839698,811.3237188725587,19543.489861468108,139.79803239483775,-0.041626452695750805,-0.4822570954300944,2.7116564417177913,64.28614367836454,796.0,-100.0,896.0,1.6013856907193258e-12,11.648252631675321,143.77987999829986,821.4803710375556,1.0
2.643865583555157,42.83774068161435,628.849728151566,25.07687636352594,-613.8581358731617,734698.9552373928,2.047833187450759,0.15744414214838565,0.3967923161408064,-0.02978316809778428,-1.0677238454498619,0.015461202243012619,0.15904723785705122,2.016454559111873,-0.08458155111421523,2.1010361102260884,-2.7547408798511697e-15,11.932421175652493,148.42455563548785,2.0896165730232505,0.613044792157379,41.72795472588799,603.1637515301157,24.559392328193216,-636.5456344655832,678951.0427104068,0.35203895008506436,0.0233592078725508,0.15283719400901993,0.5365184223799208,-0.14080723706014753,0.00358505726407824,0.029262802120129387,0.27672938062347735,-0.06938646368467845,0.3461158443081558,-6.678685382510707e-17,6.90323725352145,55.534845909758005,0.3855218310549542,,,,,,,,,,,,0.5961538678742242,7.560019137805854,98.2878425849301,0.0,98.2878425849301,1.284528039491306e-13,12.959362162737316,167.96296091269258,98.29323739755887,,,,,,,,,,,,1.2481600936002348,15.12211410033703,196.5756851698602,0.0,196.5756851698602,1.3145040611561853e-13,12.943008948853905,167.6737635762968,196.6715232694395,,,,,,,,,,,,3.0357562512131886,30.323623344969327,393.1513703397204,0.0,393.1513703397204,8.215650382226158e-14,12.794192301060095,164.96744260092,395.00376630580513,,,,,,,,,,,,1.4823247707284264,21.498178705794178,278.0,-23.333333333333332,301.3333333333333,-7.169820293029261e-13,12.770219756082733,164.83207292852003,279.3098417490611,,,,,,,,,,,,2.768061577691698,31.11310127254583,399.5,-4.25,403.75,1.1235457009206584e-13,12.476842455339074,159.12480925182888,404.8647374080912,532.0,42.50795783576759,591.6442461105466,24.323738325153613,-35.85355795673232,627687.3437537632,586.0696088323492,29844.472426626617,172.75552791915695,0.056719023128425354,-0.5471222493321527,3.111111111111111,46.587582669627174,556.0,-140.0,696.0,1.056932319443149e-13,9.80297213546297,117.34098765427684,610.5685874658145,442.0,43.08198916065289,604.3955747457148,24.584457991701075,-67.59338744423665,661044.4687517047,909.8113869976838,140102.7577364101,374.30302929098787,-0.06860976906469732,-0.5317834950126131,2.584795321637427,75.01265080313915,799.0,-257.0,1056.0,-7.061018436615996e-13,7.268750925694373,77.26556398199408,981.4998726439042,1.0
1.0055724630219784,44.51672582693156,769.5567273995559,27.74088548333589,-1755.1426301912018,961061.6197226451,0.6469502965511045,0.05018935046479256,0.22402979816263854,0.047164854586672834,-0.10241026773201434,0.005779152086333211,0.051496588127474145,0.6001179788470166,-0.03165489372035762,0.6317728725673741,-9.992007221626409e-16,9.854527874550989,106.11555123074312,0.683550810579388,0.41818581521454345,41.71838335884379,773.3203492380303,27.80863803277734,732.7176246008999,984051.5665968293,0.21585482221547705,0.007112477371956806,0.08433550481236717,0.5649017055231625,-0.009393371997171664,0.0024033667541065716,0.017454448758216695,0.1715247857730953,-0.015762642826263547,0.18728742859935885,-1.0148132334464322e-16,7.814508151082832,64.86258421567703,0.23241236597518816,,,,,,,,,,,,0.006643809293590136,0.05172061877464987,0.6678230711206282,0.0,0.6678230711206282,-2.203098814490545e-16,12.3019019877707,156.899427283917,0.6838830080052488,,,,,,,,,,,,0.05561584790950449,0.3162346192890676,4.006938426723769,0.0,4.006938426723769,4.579669976578771e-16,11.56183527210626,143.10071365215666,4.211028686651545,,,,,,,,,,,,0.6192438888073215,2.119145406038358,24.041630560342615,0.0,24.041630560342615,8.881784197001252e-16,8.650943195798646,89.3343772306869,28.954607962645504,,,,,,,,,,,,-0.052957015833543335,1.5602293669051863,7.285714285714286,-17.0,24.285714285714285,2.0441981440910695e-14,-6.74971972696915,83.84426169638657,20.473999636984644,,,,,,,,,,,,0.5111938753034395,6.448497031551195,62.166666666666664,-3.787037037037037,65.9537037037037,-8.881784197001252e-14,8.844451882161284,79.48296084205973,84.83656346635243,532.0,43.366572437847395,618.8505238788616,24.87670645159567,-45.9563249721226,690347.1096935135,612.8580862790029,20277.08102496711,142.39761593849494,0.4737288542001502,-0.3735262631623393,3.057471264367816,47.6406221722787,591.0,-102.0,693.0,2.1316282072803006e-14,10.868327900643687,134.5638150180989,629.7158089170066,442.0,45.684206456480425,614.83822719289,24.79593166616028,-1293.613109597056,681120.899270652,1050.6154091725693,244070.6872965115,494.03510735221187,0.346156806714582,-0.4765523267728434,2.5402298850574714,87.81089982845423,714.0,-409.0,1123.0,-4.556355293061642e-13,3.567435844697992,35.20610358436509,1158.7898860449206,1.0
0.00044285426679762567,36.2540569401266,450.14676698236707,21.216662484527745,-173.99688417294865,322334.4787525219,0.0006612361628710359,3.048581757208486e-08,0.00017460188307141724,-0.09452523654593062,-0.9585572782828036,3.1632447628401847e-06,5.742458247594683e-05,0.0006328745665723191,-0.00018399143647529104,0.0008168660030476101,-3.5151867311053464e-19,9.317042563500149,105.05183625753797,0.0006804869069977067,0.015154242694258625,30.858575033444833,405.93166723154883,20.147745959078122,1829.7799646540186,289577.64857042633,0.01212822989338829,4.261113106121499e-05,0.006527720203962099,0.333571546535336,-0.5906885794495045,-0.00010824459067327586,0.0011638821889190887,0.004583257131789996,-0.007058021841382175,0.011641278973172171,8.402566836762659e-19,-1.8272724082717342,14.897724553998925,0.013830669172279288,,,,,,,,,,,,0.005128279860179899,0.03727153183593079,0.37565047750535335,0.0,0.37565047750535335,1.0061396160665481e-15,8.844516756172908,80.54518934822369,0.4435649007994631,,,,,,,,,,,,0.03765609436292175,0.2034565231996483,1.878252387526767,0.0,1.878252387526767,1.7486012637846216e-15,8.098242078978249,66.95370844045443,2.439455435183639,,,,,,,,,,,,0.4543725380618547,1.698539198223161,15.026019100214135,0.0,15.026019100214135,6.0285110237146e-14,6.685341722229685,49.950982158405445,20.729618514654447,,,,,,,,,,,,-0.05046210730810051,1.2422554010141034,7.881578947368421,-10.625,18.50657894736842,5.7870375158586285e-15,-2.3339320179193086,49.66440059254755,14.658053823122366,,,,,,,,,,,,0.33789194945938245,4.6310452816736785,51.375,-4.303030303030303,55.678030303030305,-3.3639757646142243e-14,9.979978981742796,107.84894651104293,54.74435532992051,532.0,34.608322420214286,404.1646647165881,20.10384701286269,106.24728977221616,293677.45440579666,610.4467086952893,9708.044414517253,98.52940888139568,-0.028786218899602638,-0.27166225810895295,3.8,52.05576680006606,599.0,-85.0,684.0,-4.840572387365683e-13,10.76768728166073,123.57888281979204,617.571048544214,442.0,37.61481611366177,388.04014736199804,19.698734663982812,-1183.0866295510498,281248.73749952257,855.5581681950453,138253.0779775961,371.823987899646,0.9489148788042625,1.4745686383578005,3.157142857142857,78.62235881810234,426.0,-426.0,852.0,1.098676705169055e-12,1.5256973232039548,22.127469656768803,931.0220190736629,1.0
0.009044667228151821,38.07581500787139,473.7711319025422,21.766284292514012,-1100.5465402452423,385943.33372240094,0.008619035553563133,3.867413562668249e-06,0.001966574067424934,1.194752965198712,0.721887974768095,6.237701536656432e-05,0.0007316310835179059,0.008425627251155568,-0.0011255860557665787,0.009551213306922147,-1.6642503347652493e-17,10.417376450878907,119.06426784865744,0.00884196615523186,0.06406695744737201,26.733175275730485,487.6095752309799,22.081883416750934,6234.903290194099,462720.6523258783,0.025641204833192342,0.0002915764679400089,0.017075610324085312,0.8956843485299074,-0.14429150081607062,0.0004418410858439449,0.002549513402699861,0.015546127473516072,-0.005032782543316999,0.020578910016833072,-8.673617379884035e-19,4.045085945138962,20.194602424270492,0.03115782581751275,,,,,,,,,,,,0.00549461703305497,0.03356639985277861,0.28808054048340825,0.0,0.28808054048340825,-4.735795089416683e-16,8.051118905764481,64.98890631901489,0.403883716153219,,,,,,,,,,,,0.046574299761996125,0.21984886164354306,1.9337205852856605,0.0,1.9337205852856605,-3.788636071533347e-15,7.760035123630107,62.04375971801655,2.668497502034388,,,,,,,,,,,,0.5475937717430206,1.7775305123090421,13.536044096999623,0.0,13.536044096999623,1.4210854715202004e-14,5.704658490418142,35.345585552838145,22.085873000785753,,,,,,,,,,,,-0.07243275688824691,1.3131985098416283,8.123287671232877,-9.571428571428571,17.69471624266145,1.354472090042691e-14,-2.1798061365696264,35.21071794781314,15.617070567280491,,,,,,,,,,,,0.5719032200250632,6.101039069407185,60.166666666666664,-5.0,65.16666666666666,-6.283862319378386e-14,8.363477779348562,74.32990527920464,72.76341727647635,532.0,35.782088165454205,422.64191350078636,20.558256577365366,24.26922820469173,320404.13944858167,601.9015212202432,10054.530974979341,100.27228418151918,-0.16441632091944805,-0.6838027554763326,3.668965517241379,50.49903449707489,593.0,-67.0,660.0,-2.602362769721367e-13,11.059569696467191,129.4339785654821,609.6917253825903,442.0,35.07817343245166,428.61084602310353,20.702918780285632,640.7594779342695,338413.0627902016,705.4492570202336,113021.59576960078,336.18684651485216,0.1799231721701901,-0.683532571109787,3.0482758620689654,64.67257917407774,522.0,-280.0,802.0,-9.903189379656396e-13,4.613940294272751,38.322917266682644,779.6255511461897,1.0
0.0008290292785688556,30.597466135707727,280.78593300382744,16.756668314549508,56.713369547447456,161481.10457095745,0.0009123458408015979,1.8282962966601608e-07,0.0004275858155575511,-0.7811169004420482,-0.5165270251623892,5.563954889723863e-06,8.22661872629955e-05,0.0006949220173175707,-0.0003033544848324986,0.0009982765021500693,-3.5575383784680614e-20,5.90031184877657,49.60397955666045,0.0010064808944833313,0.0028173642088026854,30.414518685145797,426.324652112827,20.64763066583735,2667.185596481918,345630.91148781514,0.013680746975444764,4.257849060642547e-05,0.006525219583004504,0.16441296698781255,-0.9804795690153617,1.8908484622836828e-05,0.0012375539858129182,0.008004570494350539,-0.007090679134326257,0.015095249628676796,1.1336688966051556e-17,1.0640500201568346,21.931509666451387,0.015108034696486307,,,,,,,,,,,,0.007422446110744891,0.08149231727864818,0.9951873216699556,0.0,0.9951873216699556,-4.805184028455756e-16,12.15520909742019,147.83070546607183,0.9955005732259496,,,,,,,,,,,,0.03269767329925682,0.24563187022359875,2.985561965009867,0.0,2.985561965009867,2.636779683484747e-16,11.861399648610538,142.94206357584218,3.0146002586233105,,,,,,,,,,,,0.34413394845969175,1.1412059331407869,8.9566858950296,0.0,8.9566858950296,-4.984901380566953e-14,5.89341844488838,40.50578812761087,14.500872909417975,,,,,,,,,,,,0.017403834455641327,0.8426664136568739,6.333333333333333,-2.4,8.733333333333333,-3.001071613439876e-14,5.239964731763439,39.73474048278666,10.253665567373751,,,,,,,,,,,,0.04460463006144335,2.072777829370329,21.2,-6.0,27.2,1.9609314172441827e-14,7.8480689447341625,77.44217196775762,25.222268542637284,532.0,36.79682549407219,449.54241113826856,21.20241521945716,-107.18267930803063,363430.76549948537,597.5745336659503,9912.325362570791,99.56066172224244,-0.370499309056855,0.13980391316516266,3.5704697986577183,49.4631928823326,586.0,-79.0,665.0,4.3431924723336124e-13,11.059841219932277,130.49119825497382,605.3461819488085,442.0,36.435071979902986,449.3552896602507,21.198002020479446,492.3261715966885,363735.2859412569,650.7815011352787,101395.16750984306,318.42607856430834,0.2785140595177343,-0.6962332626937012,2.966442953020134,59.154491862255355,437.0,-330.0,767.0,-5.595524044110789e-14,3.753165692539872,37.01606325385095,722.9799443968,1.0
5.2490082288758675,44.89322061517152,648.0945678672091,25.457701543289588,-1209.199581088325,755406.1118278179,5.480177894574132,0.10473473013206012,0.32362745577602053,0.3178844612786608,-1.1449407841888388,0.02982391039134016,0.41246912076024106,5.467339657611552,-0.4254379426818686,5.89277760029342,4.85722573273506e-17,13.121310078958652,173.5358534618977,5.486306813628758,0.6105451462210613,41.07807191172068,717.4894353470834,26.785993267883185,2194.302650877123,866225.2304709096,0.3626561833536566,0.006646781228977744,0.08152779421140832,0.47279577885620444,0.00579026018693505,0.003469006512619665,0.027966899186510987,0.3535575529586547,-0.00753010979983427,0.36108766275848897,3.209238430557093e-17,11.456056597245414,141.05226753799465,0.37386620107677465,,,,,,,,,,,,0.0085729926896504,0.08239034829452034,1.080302026812781,0.0,1.080302026812781,2.914335439641036e-16,12.84725030677775,167.34303289009716,1.089526578548961,,,,,,,,,,,,0.06474031567733922,0.4959278772336416,6.481812160876686,0.0,6.481812160876686,-6.189493362285248e-15,12.655648598786975,163.8053993278003,6.578258724406033,,,,,,,,,,,,0.6518459128146359,3.1046027249426333,38.890872965260115,0.0,38.890872965260115,-2.708944180085382e-14,11.095749589563587,134.48110710428242,41.725037843757086,,,,,,,,,,,,-0.16898943913010767,2.236777404291641,7.108433734939759,-27.5,34.60843373493976,3.730349362740526e-14,-10.47777672669622,130.3684325168579,29.504057204585955,,,,,,,,,,,,0.4091338304056202,4.808051093601626,41.166666666666664,-5.642857142857143,46.80952380952381,3.2529534621517087e-14,7.4498878853266595,57.38790115326938,63.46858297698833,532.0,44.03127975241066,631.1406377217945,25.122512567850265,45.74441336167414,722645.8529365987,616.8891301305476,30097.551126776227,173.48645805012052,0.030255810536358053,-0.8163158487636476,3.022727272727273,48.16566517398999,590.0,-165.0,755.0,2.708944180085382e-13,10.27888803818515,127.25694974124342,640.2468274033071,442.0,43.20872288347627,633.541773439073,25.170255728519585,16.900700216635446,706846.2624093291,833.2923087367828,129938.99638194017,360.4705208223554,0.14965376839078362,-0.5360085226070695,2.5113636363636362,68.4258879635117,727.0,-258.0,985.0,1.1732836924238654e-12,7.248428327721225,75.49703921731991,908.3831790604668,1.0
0.15176526409497373,39.24642058619765,617.3952620959928,24.847439749318095,-1832.007731572775,651304.127119594,0.06820884311895552,0.0012583087399261246,0.035472647771573586,0.3725424756956129,-0.6161581095293951,0.0009142485788853836,0.005955907682648374,0.04999663546729931,-0.012240658482336506,0.062237293949635814,-4.662069341687669e-17,6.773195435570429,50.2397867417485,0.07763531417367471,0.15658767465201567,38.26261585303656,539.6321992894568,23.229984917977387,1146.491332724263,604038.0803796285,0.08819413947355384,0.0015501998115798677,0.039372576897885,0.06316646287407705,-0.6100326005683695,0.0009432992448916605,0.007474834520046532,0.05811579090959856,-0.03317082560007708,0.09128661650967564,2.222614453595284e-16,3.7203444612594683,31.556187889519524,0.09707034623510785,,,,,,,,,,,,0.005857169604177449,0.03327178213968799,0.35072496346852755,0.0,0.35072496346852755,8.673617379884035e-18,8.648720094254392,80.44526039768117,0.4326385781385727,,,,,,,,,,,,0.0557651422506749,0.22274726839582829,1.9554557899479832,0.0,1.9554557899479832,4.801714581503802e-15,7.1270450857905985,53.80925570341807,2.9405917522768674,,,,,,,,,,,,0.7263593307318874,2.123895166227379,17.59910210953185,0.0,17.59910210953185,1.9984014443252818e-14,6.324148929757677,45.262382962657384,28.745759390426823,,,,,,,,,,,,0.023938461934012962,1.587038508440452,12.0,-12.444444444444445,24.444444444444443,-1.0470790900996008e-14,-0.5159495616812865,43.400853270525644,20.326321395327685,,,,,,,,,,,,0.4847824953247861,7.222924458676862,82.2,-5.608695652173913,87.80869565217391,1.0036416142611415e-13,10.006719904214403,106.25122158093312,92.70667125821217,532.0,41.115395658385594,547.5644995821056,23.400096144719267,-21.41753357456533,539468.7472380715,525.0217494515397,48948.162602844684,221.2423164831825,-0.04480354032038899,-0.6558583063828489,3.2048192771084336,44.219403426834866,465.0,-189.0,654.0,-1.616484723854228e-13,6.906357393008863,75.9953150897216,571.2214981948771,442.0,41.707319467657214,573.8081691838904,23.954293335097372,591.9216278553334,595090.2190434607,961.8207480463659,176748.0293504212,420.41411649755673,0.15686276209871433,-0.6451740218583133,2.6626506024096384,81.1567391894588,792.0,-387.0,1179.0,3.4638958368304884e-14,6.254903124235293,62.39793365690652,1046.1940546571655,1.0
2.324616317580095,35.27641928234659,454.37855565373934,21.31615715024027,715.368313687452,373654.95711198146,2.1485064273015966,0.015352858590717526,0.1239066527298576,-0.03815145573646607,-1.4862019443576129,0.015601451795839563,0.17571234282292497,2.1461209962563994,-0.0030686660390231595,2.1491896622954227,-2.733924198139448e-15,12.090056147374996,146.9907911134009,2.153280445053646,0.8169978651886859,36.574868881393066,461.6747407028375,21.48661771202805,-121.64964453294074,381376.87980528484,0.841449311025189,0.0006693828785627993,0.025872434724292945,0.08120104064220948,-0.6424251985671393,-0.005483207148917355,0.06873496944219347,0.04606463622052597,-0.8380536109220651,0.884118247142591,1.2472661792273243e-15,-12.045513648395735,146.38240399208152,0.841682645742282,,,,,,,,,,,,0.000882374460817962,0.0025175755366369837,0.023894552349855814,0.0,0.023894552349855814,-6.591949208711867e-17,5.789941157532033,47.409280365534045,0.03223427687539172,,,,,,,,,,,,0.01698891049444162,0.055591641131524316,0.5973638087463954,0.0,0.5973638087463954,5.585809592645319e-16,8.056631305092658,81.42210493011575,0.7023829667273483,,,,,,,,,,,,0.400823331854627,1.4300887148672048,14.934095218659884,0.0,14.934095218659884,-7.460698725481052e-14,7.861580367002499,74.62751000199052,17.945715618482268,,,,,,,,,,,,0.024368120966805615,1.0499108212392787,10.56,-4.036144578313253,14.596144578313254,8.673617379884035e-15,6.791512117622659,71.34076336640186,12.68953720707415,,,,,,,,,,,,0.07233311302811772,2.712360120772631,31.88,-3.963855421686747,35.84385542168675,2.1344037648418634e-14,11.16447232788565,131.1189106892012,32.78522392151244,532.0,36.97725723755453,445.68136825186934,21.111166908815566,37.88465906988128,355955.88212904835,562.3060122942597,82947.21880799797,288.00558815411546,0.38755404489701795,-0.46415019030652876,3.5704697986577183,51.58276792456122,324.0,-335.0,659.0,5.480060849549773e-13,2.074180579300575,33.804388253331076,631.1544977261907,442.0,36.70478368680316,451.28967494752817,21.243579617087327,-66.36842863654225,364450.02843662305,902.4845867407466,133542.96258727566,365.4353056113704,-0.04396891930806688,-0.9495505645329856,2.966442953020134,79.49753413991702,797.0,-329.0,1126.0,6.830092047493963e-13,7.298230655774367,73.93912534228424,971.0664240926055,1.0
0.13923202218545733,36.00004544773729,443.99967714332394,21.071299844654195,0.010043831592125374,354734.4233371191,0.13921251987472472,1.834060530110771e-08,0.0001354274909355841,0.26655108888590456,-0.5665883981557631,0.0009471566135065122,0.011442939276794246,0.13921258707610182,-6.483292917605292e-05,0.13927742000527787,-9.519295074422729e-17,12.124320759876953,146.99943183680395,0.1392127179772298,0.3274152714212461,36.016481451607376,444.16452608734267,21.075211175391402,-23.101202462679822,355022.38930635544,0.33631988835773985,5.288264373713633e-05,0.0072720453613227915,0.0015477034061507264,-1.2702213579674926,-0.002227314771573102,0.027651146432782252,0.0019526810136200968,-0.33618002464635827,0.3381327056599784,-2.454633718507182e-16,-12.10722555198436,146.71752869125976,0.3363381988867874,,,,,,,,,,,,0.0008715459041248354,0.004058385395278744,0.04416874773582445,0.0,0.04416874773582445,1.7531549129090607e-16,8.87486130929023,91.49258930940837,0.04963770796465147,,,,,,,,,,,,0.018493515273813665,0.09424134697472164,1.0158811979239624,0.0,1.0158811979239624,-2.095545958979983e-15,8.99583545168319,90.47288109154965,1.1484564192477462,,,,,,,,,,,,0.44547732634602755,2.329697174387108,23.365267552251133,0.0,23.365267552251133,4.085620730620576e-14,8.247694435771793,73.70902994148412,28.363872674352955,,,,,,,,,,,,0.0075066552959863276,1.6771741520915808,16.52173913043478,-10.030303030303031,26.552042160737813,-1.877057537180704e-14,5.297684900318716,74.5246809701312,20.05628670874679,,,,,,,,,,,,0.05872002612586199,2.2353001897498865,18.73913043478261,-12.545454545454545,31.284584980237156,1.7069679003611782e-15,4.564992365946683,50.554621007715994,26.73952396932797,532.0,36.30010467398656,409.46603390245303,20.235267082557943,-78.85467960795181,283744.08615732484,580.1611694973562,81336.70233896718,285.19590168683555,0.31803470526244737,-0.6731803475319882,3.619047619047619,53.138291321185214,380.0,-331.0,711.0,-3.9968028886505635e-14,2.6782784605904197,36.76846946718899,645.7600173439047,442.0,36.00005952372913,434.0267984220399,20.833309828782365,116.38417297162745,331533.70960993046,935.9453664121705,161090.25739295804,401.3605080136286,0.029438551170747344,-0.7463654644908302,3.006802721088435,83.70782492529007,798.0,-414.0,1212.0,2.1760371282653068e-13,5.87656232346869,63.54138365827337,1015.5579747114391,1.0
1041.8208921218616,41.40087359669702,587.9670032354253,24.248030914600577,75.56037642261215,622126.6740375403,1035.5897211694214,18.20677219186203,4.26693944084774,0.05923526557109086,-1.5000697642081777,6.2013148340586985,79.66269349699984,1035.652698903361,-0.011864400413795504,1035.6645633037747,1.078248601515952e-12,12.96081524351996,167.9883739010505,1035.6703022032839,6.684526187464409,41.553468670710835,590.3569554923009,24.29726230447169,-54.01855076114073,625018.6041042673,6.727928412647677,0.0022984297767436697,0.04794194172896703,-0.21757358343656866,-1.185549872558426,-0.03978884635395482,0.5175225258341879,0.026675083773352717,-6.727346394405989,6.754021478179341,-8.81239525796218e-15,-12.95967514913219,167.9685578179405,6.727654603404954,,,,,,,,,,,,0.0041959130159376495,0.02044417227299527,0.21496046148071044,0.0,0.21496046148071044,3.0531133177191805e-16,7.947682501568776,72.49910750924677,0.2688951426675967,,,,,,,,,,,,0.04571341571811741,0.1937358006896414,2.1496046148071044,0.0,2.1496046148071044,1.9290125052862095e-15,8.647509949697843,86.76344416341203,2.5646566936626565,,,,,,,,,,,,0.6195433342241029,2.122104658670707,21.496046148071045,0.0,21.496046148071045,2.4424906541753444e-15,7.254569205102174,62.436225903013124,28.482782743358374,,,,,,,,,,,,-0.08586558387066388,1.5608357261971122,8.761194029850746,-15.2,23.961194029850745,-9.159339953157541e-16,-4.8266489761298335,59.635241551476035,20.140368824891883,,,,,,,,,,,,0.10911172841931434,2.902424101480725,26.444444444444443,-7.583333333333333,34.02777777777778,-4.210520820890906e-14,6.327450457625957,49.63197092172158,37.42153379628345,532.0,42.004875831604934,580.1368073215178,24.08602929753092,46.40335781943181,608611.3839377362,614.3906558981088,26414.621945091694,162.52575778962452,-0.11502128438768358,-0.7455156005612218,3.1666666666666665,48.83239882089714,587.0,-152.0,739.0,2.0161650127192843e-13,10.181938402690271,123.25476623580502,634.2696587414536,442.0,41.592284337174945,579.546364795348,24.0737692270103,-71.67244485796269,599960.9727357898,846.7650772957644,73702.11815801283,271.48134034959537,0.32194072056188083,-0.48067332423439374,2.630952380952381,68.56987742127876,785.0,-184.0,969.0,-1.6795453916529368e-12,9.093806184678694,102.48387466720344,889.4211600810945,1.0
0.25470445576067846,37.734951051183735,510.5544687432579,22.595452390763455,499.875998824838,468096.6099220354,0.2376212880180459,7.233495136936175e-05,0.008504995671331159,0.516500765220179,-0.9447641936976072,0.0016327208702607598,0.018978836080712255,0.23586372014276916,-0.015393302297428238,0.2512570224401974,3.426078865054194e-16,12.17721061680943,150.56629165342116,0.23792114542705473,0.07010047852679088,41.912439938017656,461.8017351141783,21.48957270664492,-1504.600003405077,406195.81928015896,0.10063564333892903,0.0004378764694694509,0.020925498069805912,-0.8636041483621625,0.5591822519326486,0.00044936204183840326,0.00819876082871198,0.08769366957690551,-0.043434558039357536,0.13112822761626305,4.9764879717084654e-17,6.744900440731696,87.51379217771427,0.10255618186090229,,,,,,,,,,,,0.07631424085298637,0.9057648321674568,11.313708498984761,0.0,11.313708498984761,-9.18709552877317e-15,12.440400675284666,154.83966687105305,11.316635460903916,,,,,,,,,,,,0.18150402462722057,1.8162256668586318,22.627416997969522,0.0,22.627416997969522,3.2585045772748344e-14,12.300786443169892,152.4145685106393,22.724458288512725,,,,,,,,,,,,0.7697870270732105,3.9007859695617433,45.254833995939045,0.0,45.254833995939045,3.352873534367973e-14,9.994207217955283,110.58319988505517,49.50100002367522,,,,,,,,,,,,0.13383775594515773,2.808280448739684,32.0,-8.375,40.375,-1.765254609153999e-14,9.242724014986914,108.62250812309028,35.00249279225619,,,,,,,,,,,,0.3219873135420265,4.231562117054037,44.0,-2.2718446601941746,46.271844660194176,-6.816769371198461e-14,8.911037117755102,83.97556837544732,52.83481840593542,532.0,38.663470829639294,497.781360210186,22.311014324996208,191.84314668559304,447732.7810258875,608.2211117442417,9095.38692090641,95.36973797230655,-0.19115049835093506,-0.28838983925944606,3.41025641025641,49.1184951059449,598.0,-67.0,665.0,1.9628743075372768e-13,11.451923725440729,139.17334538074442,614.9666657632754,442.0,38.3213572192981,498.46162678041225,22.32625420397278,-337.3191684834146,439517.1267292872,715.7512997517873,105057.05126260145,324.12505497508437,0.115892275727563,-0.6831906007145073,2.8333333333333335,62.89519501166632,610.0,-234.0,844.0,3.597122599785507e-13,6.8373444161768235,63.032866694530036,786.3574250937038,1.0
4.039850197489638,40.6953490518351,560.1454745314243,23.66739264328507,-142.37590589266682,564752.6451489277,4.088805794198825,0.001158411611815235,0.03403544640246746,-0.029621447653222086,-1.5091427171614586,0.024633232911522186,0.31829576392230885,4.088079695798955,-0.04814052377285778,4.136220219571813,-3.5388358909926865e-16,12.803530577944919,163.95367946621056,4.08836327606877,0.3968134685428755,40.366227867973606,566.0462873489691,23.79172728805055,-54.98001053867683,575531.2156280044,0.39629436206694696,0.0003033249925165916,0.017416227849812702,0.20567480354172457,-0.2660608052699448,0.0024195943203833875,0.030874166703117243,0.39578674395780505,-0.01429417864348999,0.41008092260129503,2.8015784137025435e-16,12.72607413267563,162.63552116974256,0.3965945680806609,,,,,,,,,,,,0.010096495432567331,0.06833105283750326,0.6109402589451771,0.0,0.6109402589451771,-9.766493169749424e-16,7.890271023701213,63.23439332523387,0.8764374434642458,,,,,,,,,,,,0.07005149812258729,0.40962903671029016,3.8963026718442415,0.0,3.8963026718442415,-1.1379786002407855e-15,7.948837807989235,65.51345605852853,5.273064457881435,,,,,,,,,,,,0.6309055908077507,2.638367684092507,27.27411870290969,0.0,27.27411870290969,-2.5868196473766147e-14,7.892361246014531,70.96303512468569,34.42096991743778,,,,,,,,,,,,-0.2048314537336212,1.9072380622380205,4.111888111888112,-19.285714285714285,23.397602397602398,-3.247402347028583e-15,-7.586137577380729,68.69765369109454,24.33930124363841,,,,,,,,,,,,0.8699849957836394,7.430772475100186,61.4,-5.158730158730159,66.55873015873016,6.8833827526759706e-15,7.255245315977348,53.153952872148146,94.92994158117254,532.0,41.08453562182711,556.2880219001131,23.585758879037858,-3.814581755679303,557215.7384046913,612.5547156292965,23773.84231153113,154.18768534332153,-0.04756379499108496,-0.674249919497296,3.2439024390243905,49.077852780571384,588.0,-135.0,723.0,-6.004086117172847e-13,10.347545797274542,124.29106026519558,629.8745906924647,442.0,42.980768312364226,539.3392486165952,23.22367861938748,-1053.4241867283713,527032.3860141397,819.6652090760817,161590.92064001944,401.98373181015603,0.4170391835642471,-0.4512548296494785,2.6951219512195124,71.14802313287997,533.0,-325.0,858.0,8.952838470577262e-13,3.0067404483163784,28.926901051648827,911.7927396069789,1.0
0.04231789897321873,34.55098511390482,637.1656956605518,25.242141265363202,7952.352196887156,867830.0853842491,0.020866172913203345,7.629828596875162e-05,0.008734889007237104,0.19373218609959075,-0.1158072592803383,0.0002418165655612499,0.0017050705623717385,0.015149639212586849,-0.0033139861884721104,0.018463625401058958,4.618701254788249e-17,6.813773297970632,52.29705440616449,0.022781673620656997,0.031211976304112078,35.83029925544871,608.942413202836,24.676758563531717,5013.782017549618,684445.3323161062,0.05768892546779528,0.0008508826656787568,0.02916989313793859,0.8629450729914826,0.6911269177714143,0.00017835415030921186,0.004872673298844717,0.028790471897405398,-0.03386354660157506,0.06265401849898046,2.358139725155972e-17,-0.4384363623745981,22.476632041073277,0.06450257494113065,,,,,,,,,,,,0.0050434917278043825,0.030024856357480808,0.3507912547292638,0.0,0.3507912547292638,1.8214596497756474e-16,9.679317869948125,104.53530623456254,0.4004481037544959,,,,,,,,,,,,0.05190711037394584,0.24628324916283165,2.8063300378341105,0.0,2.8063300378341105,-2.5673907444456745e-15,9.068022896297897,93.619366153664,3.310515539628901,,,,,,,,,,,,0.6413883326902268,2.1710074854790493,22.450640302672884,0.0,22.450640302672884,3.8191672047105385e-14,7.573352443413835,67.06452455389817,29.775239406088385,,,,,,,,,,,,-0.043380092649048775,1.6001388737295186,9.923076923076923,-15.875,25.798076923076923,-9.71445146547012e-17,-4.5116044763025505,64.04335743521375,21.054273695498008,,,,,,,,,,,,0.4563821891443465,5.5627522550291255,50.142857142857146,-4.103896103896104,54.24675324675325,-2.97983859809392e-13,7.52412865966419,57.66933873750669,73.41241068196963,532.0,43.73248631334543,618.9795230257265,24.879299086303185,-305.80989524569316,685246.2802413116,522.2256394449453,35148.34702355944,187.4789242116549,0.4511308279889055,-0.5512031886457817,3.04,41.82335096228291,484.0,-127.0,611.0,3.2862601528904634e-14,8.694687583909182,101.49852493331498,554.7305652296437,442.0,44.6400114298425,623.5269314430375,24.97052124892545,-415.8370783050993,703172.2448980445,964.5512419943706,203503.75214182978,451.1139015169337,0.11776555310485531,-0.7407665271763111,2.525714285714286,80.26326803662039,788.0,-316.0,1104.0,7.425171588693047e-13,5.7637036648652975,57.85436276837942,1062.308806327049,1.0
2.0108125621619135,36.73042629893217,508.6298037745934,22.552822523457976,1100.5764098134039,474989.69779585797,1.5352902031195208,0.03212189758929791,0.17922582846592708,0.3929042858296981,-0.014226303166845021,0.012889824116422517,0.12336485054782814,1.5286347100115032,-0.002166206509826784,1.5308009165213299,2.4945323584546486e-15,12.032565206229101,147.8585944973512,1.5492144109078945,0.2646599635037428,39.19822643843326,521.7210236346692,22.841213269760196,444.5925324806565,498712.97873706353,0.2600909224280354,0.004689021630838325,0.06847643120693662,0.09490005974923091,-0.12791959777782233,0.0016965382275880951,0.02133851664275297,0.2479537541368354,-0.05149095564042583,0.29944470977726123,5.2909066017292616e-17,9.964121512827845,115.06740292082763,0.2673590158895541,,,,,,,,,,,,0.015454512717409044,0.14263465207601675,1.7677669529663689,0.0,1.7677669529663689,-1.2247147740396258e-15,12.092943017200769,148.7723525101809,1.7861803716612037,,,,,,,,,,,,0.06236439356694908,0.3236830111030803,3.5355339059327378,0.0,3.5355339059327378,8.867906409193438e-15,8.850851511250074,88.40640184376302,4.1039373089227675,,,,,,,,,,,,0.5427850391443463,1.651940589287327,14.70782104868019,0.0,14.70782104868019,1.554312234475219e-14,5.65543823351839,39.19077870759014,21.648235792654198,,,,,,,,,,,,-0.12074152566950014,1.223594352146966,5.175438596491228,-10.4,15.575438596491228,-3.064215547965432e-14,-4.371598822037103,37.08721167165562,15.307614329711118,,,,,,,,,,,,0.09859183778711172,2.7366090086802606,23.875,-9.5,33.375,2.0816681711721685e-14,6.156128875383662,49.63871403454684,34.09261105598354,532.0,38.598364214703686,496.0096637762731,22.271274408445358,81.48189554287102,442711.60006672575,604.4504057563827,13361.09159632901,115.5901881490337,-0.10766923162345583,-0.7006776715608404,3.41025641025641,49.15176285996224,590.0,-104.0,694.0,8.79296635503124e-14,10.959833424890512,131.46217342131249,615.3811826827337,442.0,38.88409556699136,501.04452286085393,22.38402383086772,-112.48766389832319,455006.7461419847,772.2311084639184,50453.345889818804,224.61822252395018,-0.26860265323365645,-0.19232118060427636,2.8333333333333335,64.27842415590004,740.0,-122.0,862.0,1.412203687323199e-13,9.880379194101085,112.19435431413721,803.6168241145776,1.0
0.01011903237062544,41.669792599276406,496.47195787599304,22.281650699084057,-2012.264902645763,491904.32236109057,0.008724775180248754,1.0738266639980853e-05,0.0032769294530064046,-0.1556113210814868,-1.0471444046520597,6.570800240665871e-05,0.0007454976066243652,0.007969322323103122,-0.002048439977969064,0.010017762301072186,-4.445228907190568e-18,8.840882741894692,88.93710266127196,0.009287247727485834,0.051780882546449275,34.85950960009973,566.5972204612086,23.80330272170668,1986.2714777112915,566581.4104712936,0.025108553206841328,0.00016961757330882028,0.013023731159265393,0.2592007264431805,-0.5523561323975084,0.0003362394970548655,0.0022684324874277157,0.01825061040984471,-0.00639491853299341,0.02464552894283812,5.0306980803327406e-17,5.32863041483562,38.91763682053134,0.028458071161046122,,,,,,,,,,,,0.00345578017270726,0.01919515084973153,0.2185227953521109,0.0,0.2185227953521109,2.5760643618255585e-16,9.74360425263945,105.24520141108977,0.2404583693228335,,,,,,,,,,,,0.03835333564924378,0.15541147907988587,1.5296595674647762,0.0,1.5296595674647762,-1.7069679003611782e-15,7.374266290477716,61.93711364653421,1.97352561172984,,,,,,,,,,,,0.5424122845182017,1.702685218926257,14.558080789134802,0.0,14.558080789134802,-2.5091040356528538e-14,5.781430344329024,39.24505787751284,22.031543347079033,,,,,,,,,,,,-0.01894502136877325,1.2634536424968048,10.294117647058824,-7.571428571428571,17.865546218487395,-3.122502256758253e-16,1.8869849295951195,38.68394098177835,15.578653700724951,,,,,,,,,,,,0.5380896445820527,4.9352166076470185,40.57142857142857,-5.436893203883495,46.00832177531206,2.531308496145357e-14,6.923430231190268,50.336881644287374,61.206023570888895,532.0,38.57406027550173,492.78228207872894,22.19870000875567,14.361098800211606,437852.29881731886,629.8153277272826,30762.107505230226,175.3912982597205,0.06681357189664218,-0.5717727386072143,3.4545454545454546,52.20378287893792,597.0,-130.0,727.0,-5.950795411990839e-14,9.74680727588761,110.16844096072944,649.2487966873716,442.0,37.63315374565825,486.98811987400285,22.067807319124455,290.10400494308453,421451.1946783929,918.7942645738091,191893.4370486108,438.05643135172755,0.4100332589630011,-0.5397762958308665,2.8701298701298703,81.94175166675979,465.0,-560.0,1025.0,1.283417816466681e-12,0.4078394953328467,27.42491547865369,1017.4939803261738,1.0
0.0007249025929940978,34.05694273710686,364.3825642560631,19.08880730313089,-243.17173924306522,243893.2734545579,0.0008986594408596341,1.2440470680681423e-07,0.00035271051417106104,0.1100077830349433,-0.6403451746536236,4.931310156422432e-06,7.935339906447257e-05,0.0007068895510210764,-0.0003200083104587725,0.001026897861479849,1.07742590890747e-18,4.9482229235434145,46.12285973897903,0.0009639647945608828,0.017323460259613215,31.310481378542203,505.03278140540226,22.47293441910518,2039.206904114259,422144.2823447511,0.015975159573807206,6.622058538537861e-05,0.008137603172026676,0.5791075243455508,-0.003817890848394552,0.00011784666843274299,0.001473668510674018,0.007033420978214904,-0.010026952040015205,0.01706037301823011,-4.6105697384946076e-17,-0.4614458420775803,20.633871271591143,0.017924319996644063,,,,,,,,,,,,0.004245235231900585,0.03841459266940175,0.46178402036672495,0.0,0.46178402036672495,-2.0903417885520525e-16,11.860726297811023,141.67063163084055,0.4637814410978011,,,,,,,,,,,,0.03853750052874338,0.2699156838004743,3.2324881425670746,0.0,3.2324881425670746,4.295175326518574e-15,11.635184061699453,137.9514780208816,3.271835051530143,,,,,,,,,,,,0.4744094787340793,2.063974692407283,22.627416997969522,0.0,22.627416997969522,3.802513859341161e-14,9.225562998060843,94.72528518480168,25.413540630048203,,,,,,,,,,,,-0.09021245599636697,1.4947874949264062,6.522222222222222,-16.0,22.522222222222222,1.1782241848834474e-14,-7.8323278439621395,92.04079249195257,17.97008691346693,,,,,,,,,,,,0.3883042982101097,5.419286548700926,63.0,-2.6055045871559632,65.60550458715596,8.08242361927114e-14,10.965322546052096,125.48434970888648,65.19816222249867,532.0,36.347204003707965,435.05538271362286,20.85798127129332,-154.3224770158756,341302.43417417904,599.947733717478,12776.853793563418,113.03474595699952,-0.08688345591895683,-0.08961374555489297,3.619047619047619,50.18189137749018,587.0,-112.0,699.0,3.863576125695545e-13,10.734409364048457,125.75223509703292,610.0032786797133,442.0,36.291209471897055,437.04502570168,20.905621868331973,4.075079153503907,343866.3750151545,651.0508048583785,95259.31524668234,308.64107835264304,0.34619202224340945,-0.8141548357822739,3.006802721088435,59.223719347190716,441.0,-284.0,725.0,2.1760371282653068e-13,4.736903938228238,39.325642200838004,718.9742693587859,1.0
0.06192796139005319,43.86198049825823,663.8533585865997,25.76535190108219,-5480.037110224929,715675.8969875189,0.04906611879649923,0.0003798905465361111,0.01949078106531678,-0.049349702838264495,-1.186066377219931,0.0003870497586878325,0.004143443159948315,0.045955879939728446,-0.00794679028797233,0.053902670227700775,5.572799166575493e-17,9.240543025343095,96.40209634036167,0.05263904062259926,0.18359855746790493,29.57717170777649,661.9579379644148,25.72854325383415,9963.015942299333,798676.7412600936,0.06995692773783056,0.0023205718757900993,0.04817231441180815,1.1380292041394853,0.6683593217388826,0.0011474909841744064,0.006703634333907373,0.060902978209973466,-0.008951310378869313,0.06985428858884278,-3.2916377956659915e-16,6.521790190151842,49.47964065564633,0.08602831984085535,,,,,,,,,,,,0.006100886783323571,0.040071290308018696,0.3928371006591931,0.0,0.3928371006591931,6.696032617270475e-16,8.632635507676385,75.9461437881232,0.5094926908070477,,,,,,,,,,,,0.053914513606346776,0.2760670132741927,2.496970821064996,0.0,2.496970821064996,-8.326672684688674e-16,8.202419429429083,68.82218920706433,3.5356645420763106,,,,,,,,,,,,0.626045695825591,2.177213192542563,19.97576656851997,0.0,19.97576656851997,-8.215650382226158e-15,6.674790727887779,50.332662343874134,28.476061856387656,,,,,,,,,,,,-0.1097253542767318,1.5981412941759643,7.425,-14.125,21.55,-1.021405182655144e-14,-5.197675786515366,48.63846074427343,20.135616440139298,,,,,,,,,,,,0.697022517380857,7.1223807657056195,68.66666666666667,-13.625,82.29166666666667,-1.9562129693895258e-13,7.485733709589926,62.13385754550369,89.95462972802358,532.0,39.6854296968798,523.6611209129869,22.883643086558287,157.73779437950137,493647.54291932,611.418615280197,16264.001888846547,127.530395940915,-0.12052994981806468,-0.877486974149613,3.325,49.23928182863743,594.0,-113.0,707.0,5.879741138414829e-13,10.832048076279834,130.81020179447196,624.2515518603058,442.0,40.925138893785686,511.5266487515406,22.616954895642795,-1273.1843642843396,469383.6125675361,875.3236637469496,180528.6836846171,424.88667157798335,0.16419106723009408,-0.9053836899703164,2.7625,76.9217530595214,587.0,-327.0,914.0,9.43245481721533e-13,3.5681188301622306,31.085466320490838,973.6190219998786,1.0
0.046226901350009925,31.795895277222762,576.9579279653758,24.019948542105077,5281.129821135271,573412.0119584344,0.024312717397390923,0.00014850116448973042,0.012186105386452655,0.30857916502813937,-0.9497625911033758,0.0002853512429012958,0.0021356520421506567,0.017193305888695925,-0.0065795946409876035,0.02377290052968353,-1.2468324983583301e-17,5.935400885499213,41.0724154948522,0.02742397612070049,0.08158439960570005,38.45983368050884,577.5462054857359,24.03219102549195,-500.6270592784206,573387.9387925719,0.05701639553240601,0.0002990133744684648,0.01729200319420699,-0.6567170418095503,0.16743695045741427,0.0005036074049734569,0.00466985236829848,0.03905265583434142,-0.02134453498404125,0.06039719081838267,2.8406096919120216e-17,3.667075660743433,35.8393823763908,0.05978214560157241,0.3594431642845465,39.33741237872101,560.4747995688845,23.67434897877626,169.88968355192722,564985.3968591288,0.14764428193111817,0.0002821506510402257,0.016797340594279373,3.4961118116010876,18.738930411257304,0.0022187849647194225,0.011639208960982925,0.1473139127471974,0.0,0.1473139127471974,5.108760636751697e-16,12.069771289372012,150.72522136710722,0.15081067302100593,5.376951150358993,38.91715159009378,569.0099346069558,23.85392912303874,319.4736334874767,580538.0420080784,1.781272690872737,0.08184870231782779,0.2860921220827791,3.7288737886918226,18.95871099539969,0.03319105648369747,0.14129772197581564,1.7677669529663689,0.0,1.7677669529663689,1.2503886814840826e-14,11.530236776036746,141.565987672078,1.8473776493996936,90.89021311264597,38.193161576430555,584.8325600006918,24.18331160119912,723.0546583135437,608129.6911028925,22.167302307065544,38.634217362259,6.215642956465485,1.8070055310389328,6.9730561506006215,0.5610506982262095,1.8014150628660808,21.213203435596427,0.0,21.213203435596427,-6.572520305780927e-14,9.60699916281245,107.65314397868363,24.014570714080048,9.495144288300182,39.23855471580296,570.2838029782423,23.880615632312377,120.87974894239812,573512.1539715887,16.423832694202197,20.895764189922648,4.571188487682678,0.7294452192256182,2.055486264891799,0.05861200177963075,1.332854714737453,15.0,-1.588785046728972,16.588785046728972,7.077671781985373e-16,8.949026398201278,98.38775150822266,16.98086579920987,18.940686861852342,39.232312273261364,568.9033051034438,23.851693967168114,459.7678892247856,577247.720438118,15.620255486764055,42.08810210654598,6.48753436264857,0.16879864998001082,-0.3111360807407581,-0.11691782013489098,1.3180727681111224,13.166666666666666,-1.644859813084112,14.811526479750778,-1.8957058145474548e-14,7.410628456368896,67.83308440244103,16.842198995071755,532.0,40.419791369740395,539.3307553385675,23.22349576051305,-77.17391524463575,523263.5650312075,621.474581524204,40440.282790920646,201.09769464347582,0.10257877124679216,-0.652480631008019,3.2839506172839505,51.0064712834331,585.0,-170.0,755.0,2.0339285811132868e-13,9.268449190881109,106.46572926788116,650.5505360846304,442.0,40.28224837074425,548.608858696317,23.422400788482744,158.1664710249577,537575.6853084039,825.0494473780973,112484.89086257816,335.3876724964383,-0.01788553892547499,-0.7905286725025865,2.728395061728395,69.35122852137627,722.0,-176.0,898.0,-1.0222933610748441e-12,8.449232646705156,80.94465459374013,883.379872987833,1.0
1.2042506212616368,38.25610934704378,564.3929109506573,23.756955001654934,-1363.6375196736817,505054.1118748087,0.8885858052467862,0.049458917616959065,0.222393609658549,0.12486129776901608,-1.4850887424354304,0.008028337475077578,0.07435553222782788,0.85693026825783,-0.06652711387276235,0.9234573821305924,-5.828670879282072e-16,10.473239161141297,115.99700889626338,0.9159584632092198,0.1154235713067267,34.696143086244994,316.6298351356483,17.794095513277664,380.37531144281223,234609.40347546982,0.1897435697492666,0.007025790611305998,0.08381998933014724,0.28784826293139076,-1.0221694304806874,0.0007694904753781779,0.016929055124282277,0.1720221155338461,-0.10283926648717488,0.274861382021021,-2.992397996059992e-17,5.397344770769698,78.93251949377876,0.2075518090716218,,,,,,,,,,,,0.002677609181919254,0.013903981301437997,0.15273506473629428,0.0,0.15273506473629428,-4.0766001685454967e-17,9.377505470621513,95.6355728142713,0.17225725665513134,,,,,,,,,,,,0.03308977976109396,0.13842585010888703,1.5273506473629428,0.0,1.5273506473629428,-6.730727086790012e-16,9.154046490987845,94.29085529325891,1.7314687772076198,,,,,,,,,,,,0.4931032255821745,1.562056848872701,15.273506473629428,0.0,15.273506473629428,-1.837419105754634e-14,6.866284351170142,57.76662479559275,19.927606824404943,,,,,,,,,,,,-0.05585767909137475,1.1569209630659096,5.6923076923076925,-10.8,16.492307692307694,-1.3183898417423734e-15,-4.806292031294981,54.41071175042937,14.09094591835606,,,,,,,,,,,,0.09323571717273763,2.6854276042693646,25.333333333333332,-8.130434782608695,33.46376811594203,2.9726221484338566e-14,7.286551218810536,63.585048280424964,32.689321174901046,532.0,37.059694673551775,460.73636522934066,21.464770327896375,109.43830478504381,381802.11290266225,605.0730150873076,11982.32641315483,109.46381325878808,-0.10716058799972508,-0.9551585562547155,3.546666666666667,50.08334209650488,592.0,-108.0,700.0,-9.094947017729282e-13,10.86053454368256,128.5287149691778,614.9292642247561,442.0,37.26266344958367,459.74818486142647,21.4417393152101,-183.93469270382485,377818.5048676928,725.5301020682284,57953.00432619944,240.73430234638238,-0.008672186398719256,-0.5913614713978539,2.9466666666666668,62.187971684420134,677.0,-187.0,864.0,2.957634137601417e-13,8.830267424834304,94.24830091787736,762.4985245887365,1.0
0.11582013739595019,34.02598542214064,675.8356394039084,25.996839027156906,4242.001454792539,725669.2325687481,0.03978795345913551,0.0005388788143940417,0.023213763468986275,1.3396214243705242,1.5970616790133216,0.0007520788142594169,0.0036785460133071197,0.025892361879098897,-0.0052570813709938435,0.03114944325009274,-1.3769367590565906e-16,5.290758802684584,30.535511974633053,0.046593860008490945,0.07530010390171935,35.707149985811924,542.0120821260429,23.2811529380751,3638.9372534028153,531881.0516567922,0.060437172676416455,0.0010986889795653902,0.03314647763436396,0.7586741042849641,-0.09538233710384755,-0.0004889617136475284,0.0054906721923195095,0.02544190558504511,-0.032270190608586706,0.057712096193631816,-2.5804011705155006e-17,-2.109917923741913,15.611941410658993,0.0684070972989078,,,,,,,,,,,,0.0058326615332679665,0.028354555818162475,0.2651650429449553,0.0,0.2651650429449553,-1.7867651802561113e-16,7.058010508018117,54.77677614686669,0.3557219661579113,,,,,,,,,,,,0.05049857006895488,0.19071538865126977,1.79990817029303,0.0,1.79990817029303,2.761679773755077e-15,6.751728352748295,52.71974789248357,2.4243127319220834,,,,,,,,,,,,0.6126316161585632,1.89254537393388,19.79898987322333,0.0,19.79898987322333,3.774758283725532e-14,7.516461917014118,70.85561363166069,24.44409681123138,,,,,,,,,,,,-0.13590760946670002,1.4000185236084675,4.814516129032258,-14.0,18.814516129032256,-2.831068712794149e-15,-6.476974065517436,64.88163596669331,17.28458661520217,,,,,,,,,,,,0.1151635937356293,3.1436467378718977,27.444444444444443,-8.4,35.84444444444444,-1.1055045767704996e-13,6.533313392877819,50.98780503820962,38.65569036175739,532.0,38.333825571599746,485.4891507970373,22.03381834356082,38.16730376503913,422731.19491623796,625.1062960731559,25488.949778531158,159.65259089200887,0.36136991574872607,-0.4748105894205298,3.4545454545454546,51.830278834038225,597.0,-154.0,751.0,-4.3076653355456074e-13,9.790221944628875,113.27626983236756,644.6239213681106,442.0,38.1262048481452,483.88631965324174,21.997416204028184,64.31140720354858,422204.7417877879,828.9892109187759,107110.03103740817,327.2766888084273,-0.2393523707444393,-0.276837097426388,2.8701298701298703,71.74347350729724,775.0,-199.0,974.0,1.2709833185908792e-12,8.369382848653098,88.76731332785188,891.025252167412,1.0
0.19818436778368376,42.524242037658006,589.39141026701,24.27738474933019,-1617.9891361731286,613759.2663667856,0.1935650283558658,0.0004641211881021819,0.02154347205308796,0.9706822891255482,0.03215624423936274,0.0012011173805071742,0.015116046713598598,0.19260033176639238,-0.02154222429180985,0.21414255605820223,-2.42861286636753e-17,12.401832825187753,157.592850013012,0.19478114885573417,0.1368258531725512,35.81123769517719,667.7366589643535,25.840600979163654,2832.7742422580436,688702.0668529088,0.13710629659644485,0.004039039272951508,0.06355343635832375,0.5595442111973389,0.02748889754112481,-0.0008292475949851591,0.011728951156457843,0.035625980797080445,-0.12848319059477037,0.16410917139185083,9.69276742202041e-17,-8.125910295539194,86.75724269633272,0.1510371849006724,,,,,,,,,,,,0.0014084106685305967,0.002498272998948079,0.018106072129147995,0.0,0.018106072129147995,1.0885389811754465e-16,2.5335133088985464,11.11866177697583,0.036502714300961546,,,,,,,,,,,,0.025310578141738243,0.0510780771868026,0.48886394748699585,0.0,0.48886394748699585,5.974387651264124e-15,4.980434142047066,40.74430670875167,0.7255580226729892,,,,,,,,,,,,0.5153168662108758,1.3027824864480413,13.199326582148888,0.0,13.199326582148888,1.3389289676979388e-13,6.8171982000470575,59.79142862236032,17.83178555542709,,,,,,,,,,,,0.1491443354381951,0.9793634703241079,9.333333333333334,-2.1907894736842106,11.524122807017545,6.716849298982197e-15,5.942663073179306,51.70424268751013,12.608976486906823,,,,,,,,,,,,-0.05215305294018554,2.408100220197992,29.59259259259259,-1.5555555555555556,31.14814814814815,1.0894063429134349e-14,11.658698102536833,143.2968023009745,30.6572991480768,532.0,41.139909182202224,552.5624077279383,23.5066460331528,-373.0161381809461,549665.3968137539,504.705527913248,52452.73253283421,229.02561545127264,0.27034698808582047,-1.0400125784570848,3.224242424242424,43.016466405341134,337.0,-333.0,670.0,2.957634137601417e-13,1.14705677967827,49.95838822660929,554.1064879605724,442.0,40.44182767709457,563.9695303704119,23.74804266398416,196.3262153882798,568699.1084235796,872.9128281706144,86509.51148835034,294.1249929678713,-0.23799349716813606,-1.1610074595106905,2.6787878787878787,71.49248639299051,799.0,-98.0,897.0,1.7319479184152442e-13,9.745840924635958,101.19856059340123,918.9820455264619,1.0
0.0015908178484261026,37.7623207438042,500.7002129608374,22.37633153492407,-1801.0052526900567,398472.6647549492,0.0011785373884344833,2.533329771091084e-07,0.000503321941811708,1.060936168394846,0.8086332795604123,1.1282396088128387e-05,0.00010753973217189753,0.0010863398190328244,-0.00024142592406159281,0.0013277657430944172,4.438452643612534e-19,7.684694263131774,72.74329680947388,0.0012839720364751278,0.010205762556302445,32.61475134287527,467.6328634121386,21.624820540576483,1806.5924427674622,363510.3050943092,0.01392833269158819,5.019052797092352e-05,0.007084527363975915,0.21161043665038037,-0.7174413080201648,7.238129472554926e-05,0.0013113177358233643,0.006084056108687079,-0.006147863064001964,0.012231919172689044,-7.616520261710669e-18,0.42500357951485057,11.149393540918679,0.0155947378660771,,,,,,,,,,,,0.008536781984428737,0.08004338709825778,0.9428090415820632,0.0,0.9428090415820632,-1.3600232051658168e-15,11.576199953263352,135.40830501071179,0.9490495480262123,,,,,,,,,,,,0.04372901165536141,0.2526252677217414,2.82842712474619,0.0,2.82842712474619,-1.1657341758564144e-15,10.057531499248114,108.19112901382971,3.0226997166283707,,,,,,,,,,,,0.43918108522760324,1.2365135560214415,8.48528137423857,0.0,8.48528137423857,5.3734794391857577e-14,4.634122883861463,25.22401702974408,15.470506332329974,,,,,,,,,,,,-0.02046297107581554,0.9276336382096103,6.0,-5.888888888888889,11.88888888888889,-5.748873599387139e-15,0.2694367645492388,25.246394272847382,10.93929993597995,,,,,,,,,,,,0.3542800174552155,3.965142499128242,37.333333333333336,-3.6666666666666665,41.0,-1.6264767310758543e-14,7.492786528716761,61.35335192543362,46.93456980002463,532.0,34.757592524073345,400.6045488781862,20.015108015651233,75.79694344675323,289695.3106293753,590.1899474464176,7985.583076052179,89.36208970280506,-0.5098175334840853,-0.5134792348975813,3.773049645390071,50.09089168408535,580.0,-53.0,633.0,-3.774758283725532e-13,10.902667219108269,125.70133231966886,596.481349247401,442.0,34.76044012409877,398.70707188476814,19.967650635083942,-61.8826242922044,283704.7252359255,771.4567867807485,111067.46898706541,333.267863717859,0.22950405245313873,-0.3646782733097088,3.1347517730496453,70.52007609709321,438.0,-349.0,787.0,3.659295089164516e-13,2.422436549865964,23.686681532801227,838.2064184912927,1.0
0.00039011000096474455,38.69164057116397,519.0233983006867,22.78208502970452,212.68977494895773,469454.1970686715,0.001537502340266575,4.35932970614914e-07,0.000660252202279488,-0.28504483871990355,-0.8975459452808527,2.4690506390173718e-06,0.00013262898002110166,0.0011189003574510917,-0.0007571561140258966,0.0018760564714769882,1.1672114013164259e-18,2.5437010271101945,41.08342188722749,0.001667409284877098,0.008623919394108864,37.14698846527115,534.8140798269885,23.126047648203713,1277.492781572001,493195.83236841066,0.025202750439031876,0.00014072106555286875,0.011862591013470402,0.1796407837069965,-0.5118828043628784,-5.45817683171447e-05,0.002214971270397956,0.006734489493872313,-0.017720757873458507,0.024455247367330818,-9.893344823930228e-18,-3.8728479309237467,31.5294638939915,0.02785020915366905,,,,,,,,,,,,0.0060274969440578885,0.03435867294622392,0.37565047750535335,0.0,0.37565047750535335,-1.4051260155412137e-16,9.027623298132598,90.17044883910657,0.435693084248131,,,,,,,,,,,,0.060759718391149735,0.2901168373878462,3.005203820042827,0.0,3.005203820042827,3.566591466608315e-15,8.290611185354212,75.84715563343599,3.702173083950021,,,,,,,,,,,,0.7261388647662154,2.645411749032011,24.041630560342615,0.0,24.041630560342615,-5.551115123125783e-15,6.671738290838349,50.14222676763347,34.2633190418431,,,,,,,,,,,,-0.050058411759776045,1.9391324456654215,12.6,-17.0,29.6,2.5868196473766147e-14,-2.3384696810306598,49.65599765726035,24.227825240445412,,,,,,,,,,,,0.4493265969653079,6.268454118898242,45.142857142857146,-27.6,72.74285714285715,3.297362383136715e-14,4.752988206650472,36.65076745579311,78.49384806027632,532.0,39.47432687112202,508.22629710954317,22.54387493554609,-74.81143756538955,468524.4338575034,607.8529290323016,23926.816666851806,154.68295532104307,-0.16507115966735966,-0.3610634029514139,3.367088607594937,49.76697019011254,585.0,-136.0,721.0,-1.1937117960769683e-12,10.148013761308167,119.51334642114035,626.9912280088136,442.0,38.91663093919999,501.59790649774266,22.39638154920885,-294.68227725557233,436897.990132176,819.3352301793481,167063.93248568868,408.7345501492242,0.4380686180800835,-0.29720278392322313,2.7974683544303796,72.6759549230041,534.0,-327.0,861.0,-1.6502355038028327e-12,3.3115629316208666,28.752756271163843,914.19910304047,1.0
5.741430117255832,36.218822466532906,454.9446179857322,21.329430793758473,168.89039568914865,372538.3351900006,5.080635575273258,0.06341840142301529,0.2518301042826598,-0.01816506903307999,-0.05368713945268271,0.03879344673821508,0.4170224804264539,5.083299680084692,-0.035149615734620936,5.118449295819313,-9.71445146547012e-16,12.082665386570392,146.6162982717983,5.095201344622968,0.6349891688963342,36.90781639228021,448.8807001833627,21.186804860180374,-183.60046940130948,361271.8982892865,0.4197320312280063,0.009597645245647754,0.0979675724188762,-0.32534143622962397,0.21257658278649363,-0.004290467357407664,0.035396214053013776,0.047001436030823414,-0.410187885636135,0.4571893216669584,-3.0010716134398763e-16,-10.419566079108385,118.15390710875279,0.43376538791828373,,,,,,,,,,,,0.00981730784105358,0.08053411478211694,0.9428090415820632,0.0,0.9428090415820632,7.337880303381894e-16,11.064621099261723,126.92285910611112,0.9735634224260209,,,,,,,,,,,,0.057388326267055284,0.2755021409715454,2.82842712474619,0.0,2.82842712474619,3.4139358007223564e-15,8.536396361092674,78.58600439719483,3.3769895399180783,,,,,,,,,,,,0.6299820977565278,1.815813601143883,14.337199563368618,0.0,14.337199563368618,-2.531308496145357e-14,5.440237613941849,33.37775228770793,23.063914081815486,,,,,,,,,,,,0.02494701465986907,1.3588251856865092,10.137931034482758,-8.142857142857142,18.2807881773399,1.6341095143701523e-15,1.612356211826236,32.64033372056618,16.308650047955634,,,,,,,,,,,,0.054365362971427814,2.617382587524107,21.0,-5.333333333333333,26.333333333333332,-3.566591466608315e-15,6.327905379336812,43.978036850777116,31.415365621170437,532.0,36.66716667447421,451.7930616835934,21.255424288486772,152.05301376554078,367713.30677021184,599.2764083208749,8845.894538140114,94.05261579637279,0.008673572758809549,0.2007475745419094,3.5945945945945947,49.61729725607593,588.0,-61.0,649.0,7.851497230149107e-13,11.13301073348219,131.5312259050347,605.2024454676302,442.0,36.551930772019595,447.142241462523,21.145738139457865,-258.80479379147675,357765.17101910134,823.5228723743548,50982.24083845431,225.79247294463627,-0.06311994628632918,-0.6928231825684943,2.9864864864864864,70.12199663429114,789.0,-128.0,917.0,-3.455014052633487e-13,9.898107996361908,108.55213254654083,853.8442480921213,1.0
0.36318147992054717,38.974352422756425,549.4894749472214,23.441191841440602,-187.05410713985881,525074.1368872534,0.29905179848823926,0.0005230378212227705,0.02287002014041025,0.33063996046375477,-0.4051665052421859,0.0022841602510726236,0.02371068559134691,0.2985719895755572,-0.0022145699777454024,0.3007865595533026,1.240327285323417e-16,12.395585716194905,155.23255838947628,0.3003644883853976,0.23001746780648288,31.030048581261603,360.193861106455,18.9787739621519,2092.801118899417,316572.35670304735,0.1115642852453363,0.0031164682754849012,0.05582533721783417,-0.05209972891794283,-1.156005658167442,0.0014466507409212756,0.009862315402215417,0.0821994278872384,-0.021831370854834862,0.10403079874207326,-9.71445146547012e-17,6.889037789575997,54.581269598432414,0.12568982492619812,,,,,,,,,,,,0.0057502552139055375,0.048623079226714765,0.6060915267313264,0.0,0.6060915267313264,-4.215378046623641e-16,12.130436221931626,149.83039505453826,0.6134910554820252,,,,,,,,,,,,0.05317204151890256,0.34435163262705865,4.242640687119285,0.0,4.242640687119285,4.718447854656915e-15,11.657598301478485,141.2169272323706,4.365848614425021,,,,,,,,,,,,0.6121205371015809,2.525640378609986,29.698484809834994,0.0,29.698484809834994,-1.5543122344752192e-15,10.060435442002957,113.31770602969189,32.5623630472215,,,,,,,,,,,,-0.15730018575317073,1.8308555619068885,3.835526315789474,-21.0,24.835526315789473,-2.4202861936828413e-14,-9.620561944468076,108.23692138353994,23.02506772214858,,,,,,,,,,,,0.14092108032971293,2.765991744956717,25.6,-3.85,29.450000000000003,1.3195000647669985e-13,7.163478065845924,56.477010704475774,34.70272822410148,532.0,39.41708083969551,513.9568726041532,22.670616943615656,49.8482085644709,472837.9170755394,605.9707330010892,27014.78720181888,164.3617571146612,-0.049937940396499104,-0.8215878237343724,3.3459119496855347,49.636158890987765,583.0,-147.0,730.0,-1.7763568394002505e-14,10.021354771271671,118.50774999001693,627.3085365272817,442.0,39.05282534289189,504.7702780512064,22.467093226565968,-68.3620208639808,460263.200340234,811.8920097328482,75458.95946866543,274.6979422359502,-0.3382819224036056,-0.09020518756229814,2.779874213836478,67.7586957726783,751.0,-168.0,919.0,-1.1191048088221578e-13,8.82578225902662,95.32969492516135,855.123382910326,1.0
19.090392521932937,37.22745038034703,481.25313683351425,21.93748246343491,171.88603686389348,416955.69458994444,18.740557714273177,0.05551352035549079,0.23561307339681045,-0.006334439569761827,-1.5339199265904109,0.12477380733289496,1.5102442639170588,18.74131562557325,-0.0071905871967674895,18.748506212770017,4.551914400963142e-15,12.363330922702719,152.89945301509107,18.744336602629605,0.8262636127965377,37.87362147010385,471.2432668106549,21.70813826219685,-108.08536242516911,403345.82202552643,0.9014144331555968,0.0009677594349341189,0.031108832104952428,-1.485597653368581,1.6707071328263268,-0.00540041576991201,0.0726797363403091,0.032089188705748055,-0.9002094157978929,0.932298604503641,3.0184188481996443e-16,-12.316343544705187,152.13376104727934,0.901477016036829,,,,,,,,,,,,0.00694781133648618,0.05711486613746085,0.6940122111645745,0.0,0.6940122111645745,-8.239936510889834e-17,11.749343053645802,141.34645894885722,0.7046680086679978,,,,,,,,,,,,0.058930233830225366,0.35195844422723965,4.1640732669874465,0.0,4.1640732669874465,-3.122502256758253e-16,10.825411943604372,124.84960004795228,4.370598109906872,,,,,,,,,,,,0.6715692894692454,2.535702514687953,24.98443960192468,0.0,24.98443960192468,-5.88418203051333e-15,7.248851558704038,61.08140616720386,32.12660708871939,,,,,,,,,,,,-0.0721701957151771,1.8534259466261227,9.138461538461538,-17.666666666666668,26.805128205128206,1.2295719997723609e-14,-4.561388668965369,59.65320449023897,22.716941728949287,,,,,,,,,,,,0.3386518174188509,4.281532766191783,32.333333333333336,-17.75,50.083333333333336,2.1649348980190553e-15,5.035678986393591,36.8277162534092,52.601627182172315,532.0,37.7325304786914,475.93231614263794,21.815873031869202,70.56411828950479,408208.77832251054,610.240449258442,15365.133562539,123.95617597578186,-0.047602414462169416,-0.7385874102193134,3.477124183006536,50.177734427259125,594.0,-106.0,700.0,-2.4868995751603507e-14,10.71734479441601,126.75248573672938,622.1527143716404,442.0,38.665981619505374,476.4289573262262,21.82725262890926,-743.2937777227186,404634.2568403064,739.0052883717607,113924.36796909747,337.5268403684327,0.190575202022907,-0.4416759788908438,2.888888888888889,65.46660632116107,616.0,-232.0,848.0,-1.3136158827364852e-12,5.787656813234073,54.402085991628304,810.5652348824245,1.0
0.2653685933735131,38.949763752785444,467.47311273896776,21.621126537231305,-1220.2974607484564,399505.0968645949,0.2898001672226984,0.0007369653828167088,0.027147106343341804,-0.040546135994137755,-1.392333882920353,0.001757407903135848,0.023608287270166707,0.2883531960705418,-0.037566068849613644,0.32591926492015544,1.0191500421363742e-16,11.935766158585373,145.69873034350036,0.2909061640214529,0.09873480097381741,34.66901387663663,485.44200512499935,22.032748469607675,2129.4122668424757,418935.3116564272,0.11028839332010373,0.00042276419362882706,0.02056123035299267,0.25998758101795244,-0.5553634929099404,0.0006538728541312412,0.009099501825770863,0.10631313195134319,-0.016775642481583995,0.12308877443292718,1.8474805019152996e-16,10.419912384942258,121.62129035140396,0.11210486591211449,,,,,,,,,,,,0.005964483748165884,0.0320516496303353,0.33145630368119416,0.0,0.33145630368119416,-1.3964523981613297e-16,8.257437357069715,76.73467809817947,0.39257875644149015,,,,,,,,,,,,0.05297768589745242,0.24656069361920158,2.6516504294495533,0.0,2.6516504294495533,-3.122502256758253e-16,8.785331885633513,87.30624720699095,3.0367462146102198,,,,,,,,,,,,0.5975283497719976,2.022210106265257,21.213203435596427,0.0,21.213203435596427,4.440892098500626e-15,7.917628579544297,75.72057438238221,25.391419952142787,,,,,,,,,,,,-0.15131635742100458,1.4833375480004944,3.751592356687898,-15.0,18.751592356687897,-2.2870594307278225e-14,-7.2919657439910255,70.61194147954885,17.954445232115567,,,,,,,,,,,,0.5241934256803085,5.13246029326172,39.714285714285715,-3.7435897435897436,43.45787545787546,-6.328271240363392e-14,6.633389886389543,44.241451327868454,62.12450784004672,532.0,37.26224744517376,463.57644787311204,21.530825526976713,101.4556954468251,387412.6667086855,608.2521132871365,18694.98001506596,136.72958719701438,-0.07229440518890333,-0.7169056932385979,3.5231788079470197,50.565783583025606,589.0,-120.0,709.0,-1.0169642905566434e-12,10.33974663473312,120.39682281237779,622.8691676427724,442.0,37.52674276991485,440.9751629621499,20.99940863362942,-280.56081659155626,359610.34468759864,816.7466167626345,149561.35067345662,386.73162616142037,0.19314049809998787,-0.3296744848702765,2.9271523178807946,73.29646769564623,614.0,-292.0,906.0,1.482369782479509e-12,4.389434145035331,38.48094180331874,901.4000221877077,1.0
0.3580111952955392,33.90390557531861,705.4853811572913,26.56097477799509,8754.348382427092,880239.2849693999,0.1708592849857378,0.007473539197511891,0.08644963387725764,0.2859106657366205,-0.34136244615780126,0.0021059482076208193,0.014669563867415074,0.13915719316257727,-0.008286466158526956,0.14744365932110423,1.6740081543176188e-16,7.72641947233334,62.69320625341828,0.19322859706904075,0.0677350095391657,37.9468586464055,509.05975157583845,22.562352527514467,2253.8446129718145,492938.8030602095,0.14685233669316722,0.0016628853962743796,0.040778491834230206,-0.8865518348944332,0.5708107931096593,0.00039844123258332757,0.011686334289665907,0.10767567161655751,-0.047408974459673604,0.15508464607623113,4.586175189613684e-17,5.268209770189407,52.50525562896381,0.1524596929445922,,,,,,,,,,,,0.003023681741460545,0.013205526825079424,0.13903965838533844,0.0,0.13903965838533844,6.271025365656158e-16,8.870722582799402,83.07417092943321,0.1750693420626698,,,,,,,,,,,,0.04379157212634944,0.15578268710930163,1.8075155590093996,0.0,1.8075155590093996,-1.2351231148954867e-15,9.264992223504041,99.98175871925469,2.0911846438114323,,,,,,,,,,,,0.7527965873911432,2.4585475654355133,23.497702267122197,0.0,23.497702267122197,-3.3306690738754696e-15,7.376791612329526,60.44116501266522,33.22745137975433,,,,,,,,,,,,0.1787351245883889,1.8093184274711467,16.615384615384617,-6.565217391304348,23.180602006688964,-1.4155343563970746e-14,6.450821518768099,56.765786533370644,23.495356192170593,,,,,,,,,,,,-0.051883838068501976,2.3102015845518022,22.055555555555557,-2.3333333333333335,24.38888888888889,-1.444677710793485e-14,8.541921055218033,75.97840717497667,29.861912029948236,532.0,42.35942797645202,591.0826393016188,24.312191166195177,36.26764698840013,628975.7754216195,553.5830584517428,51688.573865802464,227.35121258925025,0.1703559704987161,-0.8017064105468592,3.1294117647058823,45.74244733165565,475.0,-205.0,680.0,3.1885605267234496e-13,6.34624919464825,71.82408049547934,597.8026430185802,442.0,42.03802461789615,591.6454486442916,24.32376304448577,-26.69831989937851,623203.4494180512,858.9330200217156,91784.25535166927,302.9591644952654,-0.19706972998800137,-1.3253428122734392,2.6,69.81836940148605,794.0,-28.0,822.0,-9.050538096744276e-13,10.018364507014478,105.64299069631203,910.951151269924,1.0
0.6756889772242132,41.52189681022082,470.23847174760306,21.684982631941466,-2024.0805485443962,419235.2933769756,0.9244944700897562,0.022299723195818428,0.149330918418854,-0.3508636908842644,-1.3819637340573028,0.004359283724027183,0.07497663076975047,0.9066412317460507,-0.2275003916715214,1.134141623417572,1.3357370765021415e-16,11.161058927683317,137.32989685275106,0.9350279514572584,0.5396409186811056,31.347170822783106,419.518743928632,20.482156720634475,3009.2718092046825,364775.731550145,0.4017338448688073,0.015495002031899819,0.12447892203863198,-0.4304945910023724,-1.1235445137796651,0.00348155431407165,0.03367241524948365,0.35382807740587974,-0.04821357441670108,0.40204165182258084,-6.29704621779581e-16,9.045344005551735,86.5128392225383,0.4214530569615087,,,,,,,,,,,,0.0010500909269657703,0.0019752783990016573,0.006905339660024878,0.0,0.006905339660024878,-1.6002824065886045e-16,1.5639081638328503,0.8678246069928464,0.02748939380883497,,,,,,,,,,,,0.01871283313495344,0.03348867545371997,0.11048543456039805,0.0,0.11048543456039805,-1.2108369862318114e-15,1.4125110610159162,0.34191137966738916,0.47140310525574636,,,,,,,,,,,,0.4108462482668183,0.8156144319315829,4.6467017049401695,0.0,4.6467017049401695,1.2823075934420558e-14,2.4903927828739514,7.461867487033693,11.222176826925784,,,,,,,,,,,,-0.0004132527664843463,0.6457635789258733,3.2857142857142856,-2.3472222222222223,5.632936507936508,3.2136186073339346e-14,1.3609063077031818,7.948598922676997,7.935277333993755,,,,,,,,,,,,-0.12304941053859403,0.8630431355654826,6.762711864406779,-1.8055555555555556,8.568267419962336,5.384581669432009e-15,5.8015373282240725,44.696155915825415,10.712500935979863,532.0,38.02324023399666,488.0018726534333,22.090764419852775,387.8590119507101,430036.0515209408,574.1693478365714,76840.24831661432,277.2007365008512,0.21956531087022949,-0.9842215801284708,3.432258064516129,51.046344452839286,343.0,-338.0,681.0,-4.0234482412415673e-13,2.16581435860635,36.31176070986951,636.9568274223928,442.0,38.06445796639963,490.37685998342977,22.144454384414843,283.2275150818986,431502.6344585537,887.5056728740515,118704.82347352017,344.53566357275724,-0.1072185417709114,-0.7881353092605149,2.8516129032258064,76.22223818658647,798.0,-260.0,1058.0,-8.739675649849232e-13,8.304034341481023,83.63766666681497,949.6230831229831,1.0
0.07909784457934758,40.89263428914838,890.6076003934435,29.84304944863114,361.0598307701395,1071629.6651158086,0.03520202157827302,0.000530257621294785,0.023027323363664847,0.6070222937618519,-1.120439339470465,0.0004764930396346242,0.003234434110147756,0.026114079378097836,-0.004864180983230767,0.030978260361328603,4.9981720151581754e-17,6.176872723915807,41.70244907463155,0.04212254976294117,0.05403822711879945,30.952068019385965,550.3084863805661,23.458654828880665,6771.560408735756,582470.3718442495,0.08525886930265449,0.002047547080721559,0.04524982962091193,0.6837095270639617,-0.1825661623341951,-0.0003255314886674663,0.007491017963691089,0.03535007493140852,-0.05750410828780973,0.09285418321921826,-1.7867651802561113e-16,-3.1233950191570288,29.882745802391366,0.0966061036709782,,,,,,,,,,,,0.08923568281156857,1.0219737672350278,13.0945700219731,0.0,13.0945700219731,5.717648576819556e-15,12.686875214522185,161.8463368192879,13.137447074396045,,,,,,,,,,,,0.3005399256742455,3.067138484641326,39.2837100659193,0.0,39.2837100659193,-5.706546346573305e-14,12.640411325068195,161.03151994540787,39.4666528586644,,,,,,,,,,,,1.418216212452484,9.40702935835507,117.85113019775791,0.0,117.85113019775791,9.325873406851315e-15,11.79025715181257,144.83821897950017,121.83012897543692,,,,,,,,,,,,-0.32040336385914076,6.719308816503111,18.857142857142858,-83.33333333333333,102.19047619047619,-7.382983113757291e-14,-11.45340662353572,143.84768217902234,86.14691035136313,,,,,,,,,,,,0.25392853592164794,4.788717330524519,47.111111111111114,-5.0,52.111111111111114,1.5432100042289676e-14,8.6636977230026,77.63061243968737,61.41166105207928,532.0,41.55711087203124,574.7442683367216,23.973824649745012,177.9704276832694,586758.8801049875,493.18324291500045,58411.566016277364,241.68484854511954,0.19205662823086778,-0.8963894419156374,3.2048192771084336,42.28453790038707,384.0,-250.0,634.0,-1.758593271006248e-13,4.565290070295177,54.79612074418833,546.3606867262688,442.0,40.90998687210606,577.6557672102078,24.034470395875335,436.94524541251377,610436.9284843688,922.4840399434996,154624.93098927883,393.2237670707085,0.35431587553070965,-0.47888113123807663,2.6626506024096384,77.4934551621895,786.0,-313.0,1099.0,9.14823772291129e-14,7.184380577896977,70.26081317281042,999.0225222686423,1.0
0.21708840299414678,27.327195294113796,340.86859783691443,18.46262705675751,2128.9255626403788,235290.2917827543,0.13090426298012955,0.0033518909883491293,0.057895517860617925,-0.5928314427796908,-0.4575929155885515,0.0014668135337442345,0.011765678679112268,0.10167775230772491,-0.006233445323743193,0.1079111976314681,-1.97758476261356e-16,8.311251891841433,69.00166003789126,0.14424370015701946,0.013410287143138112,40.11787994496279,401.2231018492812,20.030554207242524,-3329.148325205306,328851.72431381023,0.07547184496811431,0.0013887646319583286,0.037266132506048016,0.2925405669434552,-0.6239147707149101,9.061004826444678e-05,0.006899232631125499,0.042766025061020736,-0.0502072299567949,0.09297325501781564,6.331740687315346e-17,-1.5152634390673532,32.11219671141045,0.08394002573103318,,,,,,,,,,,,0.004444473775700414,0.020239263719962382,0.15839191898578664,0.0,0.15839191898578664,-6.713379852030243e-16,6.1213157121898645,38.03342111060014,0.25123500558471934,,,,,,,,,,,,0.0423290083337053,0.1443884792324328,1.0901229543292608,0.0,1.0901229543292608,-1.8041124150158794e-16,5.5645040492259135,32.630317760636274,1.82429365744409,,,,,,,,,,,,0.5554425030173363,1.4852733494891228,13.08147545195113,0.0,13.08147545195113,5.306866057708248e-14,5.321369776029076,37.010669346795495,19.22600672626893,,,,,,,,,,,,-0.028693541049930285,1.1209162899754894,4.827868852459017,-9.25,14.077868852459016,4.6226911187829955e-14,-2.9282386621946066,34.478177844532375,13.594839731282935,,,,,,,,,,,,-0.03616716864927504,3.0497920262032823,24.166666666666668,-22.142857142857142,46.30952380952381,-2.4216739724636227e-14,1.4081608931750658,46.41146216304609,36.97936318645361,532.0,36.937941872077076,448.11185866355254,21.16865273614626,-52.75425517272177,360485.0720183966,604.7230714064748,17829.00690871946,133.52530437605998,-0.1831225753314741,-0.32475125023590906,3.5945945945945947,50.74030833272992,589.0,-111.0,700.0,8.29558643999917e-13,10.430633966543056,121.07857144738868,618.8295403420881,442.0,36.89051589074861,449.47598697866965,21.200848732507612,2.165760607938886,370766.75299660384,738.083973133782,56580.75130575331,237.86708747902327,-0.24936894787788602,-0.45968009332527315,2.9864864864864864,63.399525371921655,673.0,-155.0,828.0,-5.17808018685173e-13,8.396569040531412,86.33138969675156,772.1437689964221,1.0
2.715225167332742,37.762305781247235,507.5597032743872,22.529085717675876,479.3976482001421,463696.71187547705,2.579589505743342,0.007259383587652064,0.08520201633560126,0.1748452705004789,-1.4170961675163862,0.017294427817406005,0.20532886781937434,2.5796772484899244,-0.002183770384380158,2.5818610188743047,-1.4155343563970746e-15,12.49855050152024,156.458201878021,2.5818732477374366,0.3576771676642194,37.03914240432116,493.78195997770194,22.221205187336306,772.8018267724605,444846.9837632308,0.3607718226342841,0.0007875837580492604,0.028063922713142946,-0.6083891187344093,-0.46151899720250583,-0.0022781985201542634,0.0287875873637874,0.028719783262572404,-0.3571648817314713,0.3858846649940437,-1.8648277366750676e-16,-12.053766380627376,148.87357628297147,0.3618352025878815,,,,,,,,,,,,0.22299998449853306,2.5963126381647115,32.526911934581186,0.0,32.526911934581186,5.4012350148013866e-14,12.466935325528475,155.60831116850358,32.5473294768727,,,,,,,,,,,,0.2771652019461698,2.610011836642621,32.526911934581186,0.0,32.526911934581186,-1.765254609153999e-14,12.218313434296045,151.27076004255727,32.78233128542214,,,,,,,,,,,,0.7655739223653459,2.9554666769726183,32.526911934581186,0.0,32.526911934581186,-1.2212453270876722e-14,8.586198708095473,87.02139281455659,38.132116734467104,,,,,,,,,,,,-0.15415783819240153,2.1532948510537446,5.0,-23.0,28.0,1.1157741397482823e-14,-7.92830515314363,82.95444966006522,26.963478323938723,,,,,,,,,,,,-0.2113405675966977,10.843675380432058,72.8,-108.0,180.8,-2.7028379534499436e-13,-4.159655828379728,75.92256555923854,135.46318264497287,532.0,38.601668043083116,497.2308834488034,22.298674477394467,100.45441698400367,443650.54551933036,601.2028179637715,7671.530646779146,87.5872744568476,-0.3418974873021304,-0.4322821062456539,3.388535031847134,48.33306021057278,592.0,-42.0,634.0,-8.100187187665142e-13,11.615026875786219,141.63875068226838,607.0980151507663,442.0,38.70570419961304,507.5437829946052,22.528732387655662,35.94828343981605,465390.1781805806,772.8832918052083,87875.54545347414,296.4380971695004,-0.12044365235352383,-0.9560493766394694,2.8152866242038215,65.85351642996534,627.0,-261.0,888.0,-1.7337242752546445e-12,6.424775532418706,58.95170786216766,825.8958772145554,1.0
0.5362031485588007,44.51034074548835,644.7725362675615,25.392371615655783,-1342.7789435288369,739145.2420927101,0.5519533793201474,0.0014438634104179317,0.03799820272615445,0.7431204976601751,-1.136744121167549,0.0030640179917645755,0.04170284499294444,0.5478533619687035,-0.06779823859554611,0.6156516005642496,-9.853229343548264e-16,12.822727746609687,168.2752152757212,0.5531638185771889,0.219420064876358,38.53896871800652,598.7741198732238,24.469861460033314,1799.212495361775,669535.2641887311,0.18376074862865266,0.001911563320410512,0.04372142861813314,0.15600047130851533,0.26694194355949796,-0.0012538289421506173,0.01423791573133802,0.031045209826250142,-0.1572900218913044,0.18833523171755454,2.3765711620882257e-16,-8.609122199101527,88.00418183936723,0.1890788406804151,,,,,,,,,,,,0.0012300198542231063,0.002171085384278996,0.008380524814062786,0.0,0.008380524814062786,-1.7997756063259374e-16,1.4538645756697999,0.7220285995045388,0.032630382475260844,,,,,,,,,,,,0.021076301762141522,0.035689748934443384,0.1257078722109418,0.0,0.1257078722109418,-4.198030811863873e-16,1.3099457243249162,0.1458606672849263,0.542007973576302,,,,,,,,,,,,0.4229653063065846,0.8014808961228822,4.920885967032913,0.0,4.920885967032913,5.1514348342607263e-14,2.730366149856559,10.30786977296777,11.850628185852122,,,,,,,,,,,,0.058814574305543,0.6381038194868771,3.479591836734694,-3.238095238095238,6.717687074829932,-2.4827362388180063e-14,0.5464557926115856,9.783345410128813,8.37965955153647,,,,,,,,,,,,-0.17814414964111855,0.7542332750049564,7.745098039215686,-1.25,8.995098039215687,1.9262369477246466e-14,6.792587339419447,71.32143272601574,10.13425588146982,532.0,43.31191154416582,619.5732473926962,24.891228322296516,-28.872889072569134,688973.8487600397,519.5479663815339,63727.24396214587,252.4425557669425,0.015448172876226436,-1.3136058176315435,3.04,43.539848414986544,341.0,-340.0,681.0,3.4638958368304884e-13,1.5014686991438102,51.64587725411982,577.3802906230867,442.0,43.20345018091583,628.7356137486742,25.07460096888232,364.24163196528116,709905.3913506557,863.0228100423783,97947.00865690234,312.964868087302,-0.20804841070845081,-1.1863789916731806,2.525714285714286,69.197012086019,790.0,-77.0,867.0,6.288303211476887e-13,9.954129549628782,105.16932145509477,916.0,1.0
0.6631100198408172,42.7008025515712,658.3261713333357,25.65786763028712,-1985.4699738934837,799752.4701954713,0.3619015481283417,0.023301847607938977,0.1526494271457937,-0.2952763021995544,-0.6810852090726084,0.003923727928052172,0.030124172096391927,0.2792218223780955,-0.045431932428627725,0.3246537548067232,-7.719519468096792e-16,7.6170169794073885,61.520025941888825,0.39492223807167975,0.05511579934413993,38.373801891316575,492.9401710710338,22.20225599057523,177.98581916540235,424799.9756695842,0.1785953734601498,0.007014741542225355,0.0837540538853216,-0.2604000882412539,-0.7579458232143867,-0.0003261289902020115,0.015128797351139096,0.12405661490769163,-0.11289191930581616,0.23694853421350778,6.353424730765056e-17,-0.31556174121782044,50.41603771465958,0.19672005726489689,,,,,,,,,,,,0.02585889645529369,0.262776653025259,3.3587572106361008,0.0,3.3587572106361008,-3.712308238590367e-15,12.33369754324574,155.86253684013636,3.4224263789561937,,,,,,,,,,,,0.08954450341040263,0.59678960637684,6.7175144212722016,0.0,6.7175144212722016,1.2490009027033011e-15,9.780992579398678,100.3402405571462,7.821865301718873,,,,,,,,,,,,0.6538975901407611,2.230783695717102,23.33452377915607,0.0,23.33452377915607,-8.215650382226158e-15,7.685109271546344,69.74360836670728,30.130852900620308,,,,,,,,,,,,-0.023461543737797456,1.6436053460913356,9.5,-16.5,26.0,-1.6840695504782843e-14,-4.648988813835796,66.69554295464208,21.305730408962976,,,,,,,,,,,,0.46196581059376174,6.238593731666021,59.5,-8.5,68.0,9.425793479067579e-14,8.637476450457315,76.6940094654812,81.0828093907823,532.0,41.73084004658952,578.3542605195829,24.048997079287588,117.5759237078435,600809.1995050202,614.6137564428396,17178.08515312671,131.06519428561768,0.501729730000269,-0.3387144207543209,3.1479289940828403,48.19777437071975,594.0,-99.0,693.0,2.1049828546892968e-13,10.969191156754869,134.8793152627793,627.9060439269557,442.0,43.86473027043021,572.5664865274247,23.928361551251783,-1360.8632712703873,589043.5751061069,974.8219924405834,245644.54733988555,495.62541030488495,0.33231931517852625,-0.526997535742489,2.6153846153846154,83.87247293347406,657.0,-382.0,1039.0,-1.7399415241925453e-12,3.45891523635329,32.849154869030954,1090.8721281616833,1.0
0.0026617950815119697,41.09453871997536,457.78603187025993,21.39593493797969,-981.3551044123479,403874.8757405282,0.0043793856454785235,4.6831197154224804e-07,0.0006843332313589981,-1.0770498750654713,-0.022859909855891383,1.6954108799439304e-05,0.0003526260751205514,0.00401003887839675,-0.0016397306468101938,0.005649769525206944,-9.690056916589196e-19,8.73532955102499,108.45786099018176,0.004423495985488955,0.01192070944319053,29.53516253968698,465.18531929497885,21.568155213067687,5228.923867643729,481406.72153606534,0.02055624483494666,0.00014880456524985817,0.01219854766969651,0.746131960502721,-0.15751173622412487,7.59280856254174e-05,0.0019015992386261437,0.016649193524057394,-0.008028562073151608,0.024677755597209,9.351243737687476e-18,3.927400042563568,41.05068610106532,0.02384595613409653,,,,,,,,,,,,0.023292966770908714,0.2643018498573832,3.2998316455372216,0.0,3.2998316455372216,-4.322930902134203e-15,12.412098277289465,154.35336468227925,3.303285435978691,,,,,,,,,,,,0.08809456292891309,0.7992466984431719,9.899494936611665,0.0,9.899494936611665,9.96425164601078e-15,12.078126614038252,148.33417239918032,10.010802676780806,,,,,,,,,,,,0.5677931874313036,2.72820458109199,29.698484809834994,0.0,29.698484809834994,1.4432899320127035e-14,8.849809737010064,87.76582566895202,34.693671579952884,,,,,,,,,,,,0.062110093274315735,1.9694890216261205,21.0,-9.7,30.7,-1.8055001937966608e-14,7.2256504421369145,86.79510789960602,24.532130438443687,,,,,,,,,,,,0.5799534002864708,6.040488641819516,61.57142857142857,-5.070588235294117,66.6420168067227,5.3734794391857577e-14,8.770326489478908,80.45006466435342,75.54929908119895,532.0,38.91458758632523,499.71235573981005,22.354246928487886,-5.818821613053391,451589.403044687,607.7344020427134,12033.332471221402,109.69654721649812,-0.07260574655303695,-0.5130612310865006,3.388535031847134,49.12905786958722,594.0,-97.0,691.0,-8.100187187665142e-13,11.14748268884115,134.4796083757669,617.0478101411592,442.0,42.380626798476754,487.2867936956431,22.074573465769234,-1918.650712462511,442843.9964226927,810.6835853355662,191364.68857003577,437.4524986441794,0.5539894748527492,-0.31424236788549026,2.8152866242038215,73.28365809230033,431.0,-431.0,862.0,-1.3926637620897964e-12,1.8602817036502757,26.403156279617242,918.9189300476946,1.0
0.22423914665067843,48.631581985997926,818.590705666619,28.61102419814116,-5730.295963319408,1119363.0694616989,0.16213340241501192,0.0022037085547906778,0.046943674278763885,0.3340244129276801,-1.5170172203101087,0.001225350528145784,0.012443371287999253,0.14483048899707904,-0.033445364524443105,0.17827585352152214,-3.885780586188048e-16,9.424475990932173,103.01034276563102,0.1691450030175089,0.12107660711237521,37.88947571278831,516.9146446043583,22.735756961323244,5029.053386213031,640828.9887508287,0.14308754240300742,0.004864064463840297,0.06974284525197046,0.47835706496909197,-0.9390132188682215,0.0006616208038927605,0.011734692305497068,0.10347777162843491,-0.08570665485692462,0.18918442648535955,5.681219383824043e-17,1.8244300696306486,49.096537791049926,0.15899608939684332,,,,,,,,,,,,0.0013133943237421666,0.002568195301489333,0.021751819929078365,0.0,0.021751819929078365,-8.239936510889834e-17,3.4320207006527435,21.086731005925163,0.03870030640862427,,,,,,,,,,,,0.02238084906487641,0.04227439886493076,0.34802911886525384,0.0,0.34802911886525384,1.672273430841642e-15,3.172466784229771,18.298158777752466,0.6417514291110593,,,,,,,,,,,,0.4347269798330254,0.8873470306504264,6.927596870755162,0.0,6.927596870755162,-6.716849298982197e-15,3.785897864271547,21.110995845944224,13.256960962596132,,,,,,,,,,,,0.06998463360366317,0.695189399342942,4.898550724637682,-2.448529411764706,7.347080136402388,-1.9567680809018384e-14,2.572560420654669,17.906293548164097,9.374086994577064,,,,,,,,,,,,-0.20005055518429343,0.5760963437070916,4.696428571428571,-1.3333333333333333,6.029761904761904,1.9817480989559044e-14,3.333004975265255,29.510045109327788,8.181888531091113,532.0,45.68936429723216,680.9253152977836,26.09454570016086,-255.65802789465687,832775.631614419,534.4778446643476,60118.38960690967,245.1905169595873,0.28705780072924825,-0.6781470335830081,2.907103825136612,43.34985524238421,338.0,-333.0,671.0,3.135269821541442e-13,2.121835154899935,52.97958989201464,587.7431411764836,442.0,46.23726874754732,684.4093460542233,26.161218359514972,-1039.4076281898924,846469.0387309395,866.8093592259474,83218.50179127004,288.4761719644623,-0.239060022581139,-1.247058032285055,2.4153005464480874,67.34692974606314,789.0,-56.0,845.0,9.299228054260311e-13,10.280621600994703,111.48511573479455,911.6380860846041,1.0
0.5475454137348036,37.766335074785516,454.471320641188,21.318332970501892,-801.3762327620689,373905.55694459873,0.5940197677635327,0.0013224732302746255,0.036365825032228065,0.01176343383090881,-1.6797375779588366,0.003674801434461769,0.04859122035241195,0.5925686885822732,-0.05138650606714257,0.6439551946494158,1.5005358067199381e-16,12.0583356487436,146.71578069476354,0.5948251997662741,0.18608348660385823,33.9005720620317,481.8285528439312,21.95059345083707,1072.5423655603674,402200.1703618867,0.1518022173202512,0.0010973956100641484,0.03312696198060046,0.49889179391142474,-0.5072483595975061,0.0012488824604285787,0.012686008407178035,0.15000469955195955,-0.022212775892547432,0.172217475444507,1.214306433183765e-16,10.904113961358242,128.30899234996681,0.15560103788001126,,,,,,,,,,,,0.00724034097683326,0.04318692017414344,0.37565047750535335,0.0,0.37565047750535335,3.7816971776294395e-16,8.143222271160004,66.730823700633,0.5291122388415731,,,,,,,,,,,,0.05867633338875387,0.2749192262075362,2.8947183854824288,0.0,2.8947183854824288,4.3021142204224816e-16,8.674653324591812,82.78682479510114,3.3966792582787004,,,,,,,,,,,,0.6424494739945776,2.1398004394199774,23.15774708385943,0.0,23.15774708385943,-2.7977620220553945e-14,8.406342186612317,84.73441880668912,26.995502182548194,,,,,,,,,,,,-0.12348284894780655,1.5749589231483627,4.25,-16.375,20.625,2.2565282975506307e-14,-7.513864842678209,78.56783675660763,19.088702654816075,,,,,,,,,,,,0.46374947085124013,4.752000504167861,35.9,-3.567901234567901,39.4679012345679,-4.873879078104437e-14,6.668778222834186,44.83090230753099,57.69141673633655,532.0,36.80213367587388,449.38865076748795,21.19878889860192,25.959273121221564,364298.2638100913,619.7103754848237,19576.401867810084,139.91569557347768,0.5747515898028012,-0.3509012321345813,3.5704697986577183,51.87158317797914,598.0,-131.0,729.0,3.703704010149522e-13,10.15407463450336,117.17040090530233,634.6715686085205,442.0,36.231213783464966,436.2597265862154,20.886831415660332,-83.20987804197043,336405.93033368996,802.7195342044677,134439.01156872456,366.6592581249307,0.04919557009634664,-0.9175284523778154,2.966442953020134,72.05380317357952,604.0,-289.0,893.0,2.851052727237402e-13,4.585921315596396,39.459940691776644,880.2738210352504,1.0
0.08241534857661115,35.682889096545026,444.04788880068,21.072443826017903,-1140.3813362702313,336744.0845130085,0.07162611754202863,0.00010393051587840747,0.010194631718625615,-0.3306731085242938,-1.480664711265148,0.0005886810612615083,0.006086123137009582,0.07086953533667609,-0.006268174423417488,0.07713770976009357,2.1467203015212988e-17,11.156205535674568,128.70468445517662,0.07234805893942414,0.05649505357805155,34.587726612103644,320.62305203421585,17.905950185181904,-848.6754661400649,221798.1011093215,0.05450850612387588,0.0003849311044699933,0.0196196611711312,-0.0901350876277369,-1.1605773873204694,0.00040353609698608254,0.004892396325282955,0.05031844390736153,-0.02023035772577879,0.07054880163314031,3.848917712323541e-17,7.199929427723523,79.75174485142074,0.05808419445881812,,,,,,,,,,,,0.006888749716338553,0.045801788276044995,0.4198446513295126,0.0,0.4198446513295126,-4.198030811863873e-16,8.243832833265321,68.19511041151148,0.54410081612459,,,,,,,,,,,,0.049363903568401674,0.25000791501097236,2.3955046056523854,0.0,2.3955046056523854,-1.8318679906315083e-15,8.102769935760886,68.83075056642426,2.9936305468482343,,,,,,,,,,,,0.5127581132431429,1.6821578075789447,16.7685322395667,0.0,16.7685322395667,3.1086244689504383e-15,7.251738195527584,64.56777700968486,20.65854439636961,,,,,,,,,,,,-0.07674446696060082,1.2411277826793912,4.75,-11.857142857142858,16.607142857142858,2.7172708527700706e-14,-5.765661249466127,60.65113720068796,14.607796832116303,,,,,,,,,,,,0.21398759258571629,3.1451395848504267,27.857142857142858,-4.25,32.10714285714286,-3.0808688933348094e-14,7.5047348415511275,59.80472059066008,37.032441592749194,532.0,34.65771446248531,404.61435117507204,20.115027993395188,107.14193940874442,295465.65331908467,598.1915969674188,9343.527603283263,96.66192426846914,0.0657320990543291,-0.31637439993785454,3.8,50.954769859440766,586.0,-83.0,669.0,-4.884981308350689e-13,10.742279161733096,123.22080045691442,604.5791924967316,442.0,34.428494969561534,395.88603842189514,19.896885143707674,-125.3584802063849,278374.24607766443,680.5464878783934,72984.13497924128,270.1557605886672,0.23386768301303137,-0.20286373873544386,3.157142857142857,61.86855552916431,603.0,-209.0,812.0,1.2816414596272807e-12,7.03986391646162,66.547178021201,732.9911322792384,1.0
0.4098439377150075,40.66929703784781,525.5013657212452,22.923816560975293,-1314.8540855946756,505563.0185079297,0.4153265948336597,0.001232286249471191,0.0351039349570841,0.12344248268034896,-1.2629354229397243,0.002545614519968991,0.03274685588498587,0.410086519490749,-0.05946419708541686,0.4695507165761658,4.588343593958655e-16,12.051122134329475,150.76503301930876,0.416764576836187,0.144611937457837,39.64711238755282,561.5919869728621,23.697932124404062,-1639.093786456517,538082.1435097598,0.13121502622729214,0.0008081280648972865,0.028427593371534048,-0.5839156413337944,-0.5055198608489588,0.0008982107916635837,0.010548189175493373,0.12071573828390272,-0.029648627255051217,0.15036436553895394,-8.023096076392733e-18,9.388425389170658,105.36098652358274,0.13432588536402523,,,,,,,,,,,,0.8395203447022426,10.429761901557438,131.52186130069785,0.0,131.52186130069785,1.0813572259849025e-13,12.56916407478187,157.9891503256598,131.52409278041424,,,,,,,,,,,,0.8855843050516092,10.432282581108987,131.52186130069785,0.0,131.52186130069785,5.46229728115577e-14,12.54697119329101,157.60692092377593,131.60338577455838,,,,,,,,,,,,1.3695621890837992,10.650882132599396,131.52186130069785,0.0,131.52186130069785,-1.4654943925052066e-14,11.7473635346343,142.8478967449938,134.98179338407945,,,,,,,,,,,,0.4377894562558864,7.58068834527166,93.0,-18.833333333333332,111.83333333333333,9.237055564881302e-14,11.527432185515352,142.45894628866847,95.44654143860404,,,,,,,,,,,,-0.9128036982826566,19.674439890897943,39.833333333333336,-239.0,278.8333333333333,1.949551631241775e-13,-11.186803857522875,137.3388481557505,247.56989660845375,532.0,39.808540137785734,525.3490115089858,22.920493264958015,46.546651646673816,496129.40364001226,614.9120670683678,15898.537273707121,126.0894019087533,-0.1694067911844543,-0.7677738664368936,3.3043478260869565,49.31632507582641,598.0,-113.0,711.0,-3.0819791163594346e-13,10.948578742398354,132.7409842799442,627.1570776129374,442.0,41.130030661759,519.995227585242,22.80340385962679,-1267.1696580677933,478066.101812482,734.307755229081,130454.07061042795,361.18426129944805,0.11523918010654388,-0.5523855798394526,2.7453416149068324,64.29273883666282,571.0,-254.0,825.0,1.425526363618701e-12,4.778765653168299,44.0762748740642,816.5267907423491,1.0
0.006636045359904506,36.57947029622394,435.8731463555217,20.8775752029665,-482.29493343606066,349451.6600036188,0.005529837949288157,9.672443008680898e-07,0.0009834857908826591,-0.23618261695703305,0.038237469894597594,4.394732026426825e-05,0.0004555575567007358,0.0048962759631549805,-0.0016416902301722533,0.006537966193327234,9.215718466126788e-18,8.217981160952455,88.10832078910072,0.005623972992312332,0.05954952988668005,29.095390995936448,486.01282870914713,22.04569864416066,3903.90231441311,425343.3622262723,0.024668286992001395,0.00018858812929926108,0.013732739322482644,0.7173345599822946,-0.22390179152707995,0.00039436774759390753,0.002289963158858462,0.01826412433263333,-0.005894845174752332,0.024158969507385664,3.176712365382528e-17,4.364406753297796,28.023764816587168,0.02855377445417629,,,,,,,,,,,,0.007263355763208569,0.06119206029450147,0.7332959212304938,0.0,0.7332959212304938,-5.637851296924623e-16,11.525023028284464,136.52200413489192,0.7471224887956736,,,,,,,,,,,,0.04242920073106895,0.20937611605179926,2.1998877636914815,0.0,2.1998877636914815,1.9567680809018384e-15,8.55007061458831,81.05799867699015,2.5901493146147443,,,,,,,,,,,,0.4594057388929735,1.3613158556133305,10.606601717798213,0.0,10.606601717798213,1.9206858326015208e-14,5.041714327740597,29.46703925273204,17.419600175543426,,,,,,,,,,,,-0.046303515938420504,1.0148759679132098,5.546296296296297,-7.5,13.046296296296298,9.950373858202965e-15,-1.3417787095241258,29.2257030778928,12.317517409685129,,,,,,,,,,,,0.24932562042963138,3.3353796856642735,33.75,-4.666666666666667,38.416666666666664,3.302913498259841e-14,8.366280502687863,76.89218060422296,40.55215622065055,532.0,37.0797731703085,461.8439987478855,21.490556036265918,110.84011047121514,381790.6316878796,608.9689273401962,8528.912200797502,92.35210988817474,0.0703896686877037,-0.522917791654286,3.5231788079470197,49.957575967191396,599.0,-75.0,674.0,-9.530154443382344e-13,11.308057478720071,135.2201710807909,615.413682005852,442.0,37.52638673891892,468.82533217740394,21.652374746835598,24.017402299721702,400870.647277333,665.2673184089701,71041.06172360502,266.5352917037536,-0.10433787503713761,-0.5888828743917862,2.9271523178807946,58.12866515827402,573.0,-217.0,790.0,1.3988810110276972e-12,6.824595413669747,65.69488994379829,715.2020693482367,1.0
0.30428025897004796,43.227915323555386,638.8494273003579,25.275470862089946,-1265.8254703470707,735993.4796399708,0.18228826452083102,0.0024925445711864356,0.04992539004541112,-0.014873875609753914,-0.5831894546845833,0.0017387443369717022,0.014246289296580703,0.17535480143324228,-0.007982016432666928,0.18333681786590922,2.905661822261152e-17,10.909834732409061,128.5682942660615,0.1898591539891188,0.11600754857400744,41.40173947189988,680.2676526194361,26.081941120618996,3000.6719921456775,801367.2122266631,0.11606225930591475,0.003152570226280719,0.05614775352835338,0.8041617566628168,0.4774897270591206,-0.0006629002775657568,0.009718327188710232,0.050014840471974756,-0.09315581388351885,0.1431706543554936,-3.707971429900425e-17,-5.001378343462933,53.39942754727938,0.1288601219223531,,,,,,,,,,,,0.009660525462090883,0.07928260683921572,1.0148291767029154,0.0,1.0148291767029154,-8.829742492721948e-16,12.173942986804446,153.65493741463473,1.0413643814257842,,,,,,,,,,,,0.0782590616796768,0.4803634409837959,6.088975060217493,0.0,6.088975060217493,-6.938893903907228e-16,11.729779462224469,145.67780414457914,6.345746429592979,,,,,,,,,,,,0.8810347337302886,3.4150357131703997,36.53385036130496,0.0,36.53385036130496,3.3861802251067274e-14,8.219730400737605,76.4281172954408,45.984535347501755,,,,,,,,,,,,0.006892031888080038,2.493852052955571,13.59375,-25.833333333333332,39.42708333333333,-1.6984677553288918e-14,-5.103838850248185,74.85483923375847,32.51597677393098,,,,,,,,,,,,0.5894172751467422,6.924370078748796,65.33333333333333,-3.8411214953271027,69.17445482866043,-1.1401990462900358e-13,8.153439609483932,69.02489172708296,90.60923424790212,532.0,43.56332529746899,633.4045589124783,25.1675298532152,-95.46241539826761,706222.0265995186,511.1741141045094,54448.01357521711,233.34098134536313,0.0469933037559861,-0.9244274888954432,3.04,42.35514608639669,435.0,-176.0,611.0,3.028688411177427e-13,6.087494207924488,66.61972117280575,561.7472741366886,442.0,42.76458134939167,580.8951915668415,24.101767395086227,366.9993529940527,630485.160906187,1070.7773691581006,244480.28546897232,494.449477165233,0.37139179527616795,-0.21521332661309453,2.525714285714286,88.90108899495999,791.0,-411.0,1202.0,7.407408020299044e-13,4.513860673468078,43.98783705944283,1176.5253928411405,1.0
0.8201426936113321,42.092928436628085,603.5213909844522,24.566672362866978,-3794.224693311926,653033.3033473605,0.560091611980672,0.03823625678057678,0.19554093377238635,-0.007292430527583694,-1.490743751831157,0.004824368785949011,0.045467588645770114,0.5267765346614683,-0.03166651959514094,0.5584430542566092,3.0357660829594124e-16,10.181648387939775,109.43634248080691,0.5961526195073267,0.32017029605688696,38.567196254198564,589.754194853645,24.28485525700421,-552.7919925013568,628077.286797022,0.21819585764700727,0.006317595168747293,0.0794833011943219,0.319245356955786,-1.0777290996091904,-0.0018833546826875704,0.017784376121410574,0.02581961820548119,-0.19914846798588023,0.22496808619136144,4.488596994089988e-16,-9.072267405388535,93.73542704098098,0.23317649969725082,,,,,,,,,,,,0.001809622280091589,0.003981560685081134,0.03752542183290616,0.0,0.03752542183290616,3.0921445959286586e-16,5.474183494384965,42.272661650302226,0.056687121923579074,,,,,,,,,,,,0.03221024995824057,0.07669759214389055,0.712983014825217,0.0,0.712983014825217,-2.033095913844818e-15,6.031115088954297,46.56217941389972,1.0782223804165865,,,,,,,,,,,,0.613679095950625,1.573613033580782,13.546677281679122,0.0,13.546677281679122,-1.7208456881689926e-14,6.071611386515377,44.21123964653463,21.89247546669931,,,,,,,,,,,,-0.006143688621853425,1.1943166503156384,8.652173913043478,-9.578947368421053,18.23112128146453,-2.699142992446113e-14,-0.4399327020229443,40.56208840787881,15.48031785946321,,,,,,,,,,,,-0.21928952833450255,0.9606045277331685,5.337931034482758,-6.684210526315789,12.022141560798548,1.765254609153999e-14,0.9958152396814582,26.184195275950962,12.771163791827682,532.0,42.073884010508415,593.4645770656042,24.36112840296205,-21.916364197673346,632502.4354164812,630.2186018489421,46074.466824741176,214.64963737388697,0.255395188444188,-0.3927745417292922,3.1294117647058823,50.96187461583296,589.0,-182.0,771.0,3.4727776210274897e-13,9.071340746068563,105.20151721379402,665.7131514398675,442.0,42.27793292360203,602.6770356708739,24.549481372747447,-71.82195820900591,651561.486555278,858.189904523128,105427.09953929047,324.6953950078296,-0.2753519596964283,-0.9392942677315027,2.6,69.97977859185262,774.0,-127.0,901.0,-1.1324274851176597e-12,9.386985966934674,95.84644968224076,913.0542152577798,1.0
0.6081431557681295,31.7960348619111,480.9796392587476,21.93124800960373,4303.89956187249,492377.0004772833,0.35499373864907324,0.022410202763800166,0.1497003766321253,-0.22657472290446343,-0.8041700399958892,0.0035773126809889966,0.02954794332425438,0.29211885212201494,-0.011834476549157539,0.3039533286711725,7.155734338404329e-16,9.017403760060455,81.84471122252026,0.3880712312460882,0.10793203944960193,48.02168781928166,634.0601807679712,25.180551637483465,-7686.750829457912,793486.9616866767,0.12316814800300822,0.0035926169658188284,0.05993844313809651,0.17878660951671269,-0.7694151571628585,0.0006348943497035408,0.010467695569414726,0.0750907032499424,-0.07508127421413253,0.15017197746407493,-2.3852447794681098e-18,0.05140850206694606,33.2491589875468,0.13673286376277294,,,,,,,,,,,,0.010976412419545051,0.0765953455594334,0.7856742013183862,0.0,0.7856742013183862,-1.5612511283791264e-16,8.75364580156493,79.46249246996562,1.0059117912990312,,,,,,,,,,,,0.07109140878578256,0.3794479770253999,4.040610178208843,0.0,4.040610178208843,9.159339953157541e-16,8.612094780062659,80.07257786669832,5.0186525789834056,,,,,,,,,,,,0.7065539554439628,2.552783653190313,28.284271247461902,0.0,28.284271247461902,2.4424906541753444e-14,8.415555623501858,83.53719138719141,34.43386364263263,,,,,,,,,,,,-0.06348312748539875,1.8718790902457532,6.986111111111111,-20.0,26.98611111111111,6.8833827526759706e-15,-7.267098998581234,79.45213577298735,24.348418484158444,,,,,,,,,,,,0.3560579572791643,5.014772226568078,52.0,-6.052631578947368,58.05263157894737,-3.6637359812630166e-15,8.132896713210295,73.95446546756537,65.3561573251347,532.0,42.457170065453994,584.9714913040191,24.186183892958788,-133.36101104013565,618154.5007551865,529.0152703114576,27197.99671847184,164.9181515736574,-0.21865987902078132,-0.7482531567696149,3.1294117647058823,42.45240608030285,503.0,-140.0,643.0,4.68070027181966e-13,9.588329179995755,114.69777277424896,555.0135133489995,442.0,42.635317822838026,603.4266441851071,24.564743926715522,-222.44685743637197,663038.2794362499,931.6758600492525,137466.91533089767,370.76531031219423,-0.24571602208771465,-0.6755437329156321,2.6,76.4881690197903,799.0,-261.0,1060.0,-1.0347278589506459e-12,7.241932289671145,73.06375887017484,997.8597095784557,1.0
6.240052096460255,39.05039778393259,522.9858076102562,22.868882955016762,-437.1215425876523,481975.5191224642,6.0096017083775735,0.0765316676466204,0.2766435751045384,0.418001568082327,-1.286781907185684,0.03974555475452391,0.47859483189508106,6.004787150695707,-0.20351395493025384,6.208301105625961,-9.922618282587337e-15,12.45133830257238,155.65538667685493,6.017419496062237,0.4788759836889979,38.06937291267413,444.5147082459004,21.083517454303028,265.32684012321886,389234.12386536674,0.5138421695255186,0.0076455719131298385,0.08743896107073687,0.24041338803038023,-0.8337683069260563,0.0030501655012038086,0.04146588693834091,0.5062319586279088,-0.10353696429201092,0.6097689229199197,-5.88938620094126e-16,11.371904102973915,139.86036294051092,0.5209698229258366,,,,,,,,,,,,0.003935407954193194,0.030106626785719598,0.37335238046649705,0.0,0.37335238046649705,6.678685382510707e-17,12.121396926589103,149.0394935241901,0.37679178265429586,,,,,,,,,,,,0.035139001227037524,0.1557555768942214,1.8667619023324853,0.0,1.8667619023324853,-1.1102230246251565e-15,10.752272351674655,125.45386686242665,1.9814541548308302,,,,,,,,,,,,0.4627183721039532,1.0849053042555643,9.333809511662427,0.0,9.333809511662427,-3.3362201889985954e-14,4.838463863207966,32.27290403263753,14.636723776412422,,,,,,,,,,,,-0.018736642553866617,0.8337942454634762,4.068965517241379,-6.6,10.668965517241379,3.969047313034935e-15,-2.2149900096068675,28.937197877960674,10.349726636655596,,,,,,,,,,,,0.11715305756628328,2.962433333472525,33.2,-1.644859813084112,34.84485981308411,1.8735013540549517e-14,9.722359147525243,103.91616626194306,36.79156640456621,532.0,38.79146005056984,502.85386956646335,22.424403438362933,51.540944045421064,454481.8722233612,599.7398548293442,7317.016785687345,85.53956269286947,-0.054682784311162164,0.11517450561259761,3.388535031847134,48.19462264603812,590.0,-53.0,643.0,-7.815970093361102e-13,11.590789701307873,141.3347167702848,605.3676568829887,442.0,38.74259250961986,497.81708129346515,22.311814836392514,-436.6358105912669,445070.9824407473,762.689417094243,81710.00689859744,285.8496228764303,-0.07806872491267496,-0.6933254637740752,2.8152866242038215,64.79657748845376,698.0,-176.0,874.0,-1.6484591469634324e-12,8.632142544060972,88.37300121365983,812.6647525271414,1.0
0.4591535841274988,37.45182550277773,482.04699800225404,21.955568724181436,167.35740237110383,417138.7359291572,0.5804145444222703,0.004793045426838797,0.0692318238011884,-0.08827751531803744,-1.247491181645089,-0.0030010038178267897,0.04710167869735399,0.0903185183126597,-0.57536358122993,0.6656820995425897,-3.0097452308197603e-16,-11.78788941907953,144.32833137994194,0.5837969222971086,0.37086820719500446,37.85177184178364,478.35851118199906,21.87140853219104,58.98315529628492,411729.3759689641,0.4352662628529895,0.00195942459620374,0.044265388241872906,-0.019998247148865993,-0.8829193252646609,-0.0024239752104248656,0.03525491281433334,0.03717623885067039,-0.4325602015230197,0.4697364403736901,1.3097162243624894e-16,-11.981958788831871,146.63241304207486,0.43710872057778893,,,,,,,,,,,,0.012649036388870896,0.08746186384264454,0.7922214863293727,0.0,0.7922214863293727,3.0531133177191805e-16,8.317215657994678,69.56185164315917,1.085930908487201,,,,,,,,,,,,0.08992571015340464,0.5272997642780489,4.753328917976236,0.0,4.753328917976236,1.1657341758564144e-15,8.144843667748328,67.35879829007708,6.573118201272235,,,,,,,,,,,,0.8144261052498397,3.37398530889559,28.51997350785742,0.0,28.51997350785742,-1.7985612998927536e-14,6.890141963876909,50.62718972376741,42.65099153101733,,,,,,,,,,,,-0.027188546138963647,2.454138169650749,18.333333333333332,-20.166666666666668,38.5,2.5854318685958333e-14,-0.6092695618780571,51.26941240506031,30.158805335912366,,,,,,,,,,,,0.2532720689538369,4.79511261596354,39.142857142857146,-28.333333333333332,67.47619047619048,-6.439293542825908e-15,3.6017555788544806,42.43572590714459,59.00546595734514,532.0,38.03532282458575,473.51561173596696,21.760413868673705,-40.57518186720868,405104.48587920377,609.9471960614709,19376.83906938132,139.20071504622854,-0.22010593958676056,-0.7099113792049193,3.477124183006536,50.413594619394324,590.0,-121.0,711.0,-2.4868995751603507e-14,10.35572201469155,121.10244810318228,625.0631968049311,442.0,37.97662486146387,478.70757299252165,21.87938694279439,-6.666810470568037,407442.2512206682,711.5435130194237,93708.52644839832,306.1184843298397,-0.0106791564184904,-0.5669482687267913,2.888888888888889,62.41758545940748,610.0,-219.0,829.0,-1.0293987884324451e-12,6.487647468192175,62.23826912745022,772.8893840647573,1.0
0.021111827190217262,36.77793668632526,436.1554749783822,20.884335636509537,-910.8748580517785,335069.2664425697,0.02230314033306538,5.340928670651165e-06,0.002311044930470017,1.1691609020306615,-0.11481596103740394,0.00014763515517634448,0.0018685006073013858,0.022184006259004543,-0.002533390783311488,0.02471739704231603,2.99781900692242e-17,11.574567404903231,137.10782977955358,0.02241365575201275,0.06763350387672282,31.859586390112337,520.3788859992223,22.811814614344524,2368.5458351891953,435279.79670661443,0.032371766806580854,0.000202491041487977,0.014229934697249211,0.6782221346131732,0.4739204491052446,0.00047296156557148834,0.002946703878124988,0.028698293065820422,-0.005877897331467559,0.03457619039728798,-7.003946034256359e-17,6.881939291186589,60.850293051202314,0.0356884598079639,,,,,,,,,,,,0.19436108021324738,2.2545914696038647,26.870057685088806,0.0,26.870057685088806,-5.040412531798211e-14,11.873007069319762,140.9786299459006,26.87108498605919,,,,,,,,,,,,0.2253995668648045,2.2550227995355634,26.870057685088806,0.0,26.870057685088806,-3.5138558729386205e-14,11.825143488079211,140.1999584025047,26.910342315821545,,,,,,,,,,,,0.6331918652239161,2.429947214607621,26.870057685088806,0.0,26.870057685088806,-1.4210854715202004e-14,9.23159067710083,97.31774114176363,29.817547383362626,,,,,,,,,,,,0.07968147592956672,1.773820330353733,19.0,-4.833333333333333,23.833333333333332,2.8033131371785203e-15,8.515879313073304,92.79434542922785,21.08418995312691,,,,,,,,,,,,-1.157902912846241,17.130171463983235,45.666666666666664,-192.0,237.66666666666666,-1.0169642905566434e-13,-9.771281574257959,110.81843246664867,203.87367512576722,532.0,35.19652266733408,413.99093711899246,20.346767240006272,3.5797823966282016,307094.23428352276,603.01288281478,5868.139215746577,76.60378068833533,-0.19840656327400016,0.06461175328396092,3.7202797202797204,50.65368577348771,595.0,-48.0,643.0,-7.824851877558103e-13,11.238249610016846,131.45390412128745,607.3615068474459,442.0,34.77582177550101,423.3489299589439,20.57544483015966,406.70191052354426,325204.3304803411,731.1895726856455,135838.27358451582,368.56244190708827,0.2941871818553277,-0.5866629927316835,3.090909090909091,68.23385426900883,504.0,-293.0,797.0,1.1732836924238654e-12,4.217050313229534,33.161143972569235,816.7949559099885,1.0
0.0009362011953559147,38.0458541679779,403.3201707042582,20.082832736052406,-1118.7321919549179,294009.20021180017,0.0009686741536276649,1.6222405298579123e-07,0.0004027704718394724,-0.009887295874697676,-1.0712821992204384,6.546861505985419e-06,8.742059291528268e-05,0.0008680039214395916,-0.00018476659327446121,0.0010527705147140528,-4.0996394647108136e-19,8.20251996061681,74.9070001378105,0.0010483256502428313,0.00046765850553725456,33.8209137680011,426.5409692540461,20.65286830573531,1021.3324801285077,321025.39215048763,0.011377573207466135,2.3034931467932615e-05,0.004799471998869523,0.2750738947433338,-0.6038597358073698,3.270339199561236e-06,0.001029011954495288,0.005727161770150506,-0.003970670497214324,0.00969783226736483,1.4499509991099113e-17,1.130504999025251,12.079215825536425,0.012305255404038342,,,,,,,,,,,,0.007540565999937872,0.06665121602442745,0.7856742013183862,0.0,0.7856742013183862,-7.511352650979575e-16,11.37897518262064,132.5943527500958,0.7993076704905768,,,,,,,,,,,,0.03741137151477697,0.21099824204749032,2.3570226039551585,0.0,2.3570226039551585,-8.881784197001252e-16,9.853397029242428,104.97917770082682,2.553550739448153,,,,,,,,,,,,0.37150884024506453,1.0855390416906494,8.004723367606935,0.0,8.004723367606935,2.6756374893466273e-14,4.874574121433765,28.062110430736375,13.672262569776588,,,,,,,,,,,,0.005335588551428629,0.8112819769982907,5.660194174757281,-3.5,9.160194174757281,6.158268339717665e-15,3.512239433509677,27.86137147467645,9.667749577252039,,,,,,,,,,,,0.38046239899385953,5.492932539312921,62.0,-6.666666666666667,68.66666666666667,6.228351168147128e-14,10.285107611701127,113.39031447263676,65.6126699016715,532.0,35.13907613593172,414.39471613540195,20.35668725837782,46.66572652653266,308637.98250302265,589.3771503908794,6824.2365689578755,82.60893758521456,-0.19317101709544163,-0.09731016769452008,3.7202797202797204,49.59365028079195,583.0,-33.0,616.0,-7.966960424710123e-13,11.269172519952608,131.79958612010822,594.7201022329748,442.0,35.54173425342694,404.7573414383359,20.11858199372749,-122.53729370408145,282180.5800489273,800.6728521332604,162355.2092089029,402.93325651887176,0.4156460636735629,-0.39536750469571014,3.090909090909091,74.69349107963204,438.0,-385.0,823.0,9.71667191151937e-13,1.9073036207370972,22.67512075731328,893.9686795408438,1.0
0.17194662826991286,38.96768214719095,484.6771961802981,22.01538544246496,-1313.5084214939582,438732.21186187066,0.16842739038032134,0.0009415919597530768,0.030685370451618746,0.1374574820641281,-0.9183834060098136,0.0010814253350308986,0.013534266337244272,0.16454146982024057,-0.023931970699877476,0.18847344052011805,-9.974659986866641e-18,11.281637951847413,135.53441791948774,0.17120452540978845,0.0031562808800948017,38.54158739030955,504.2751933124578,22.456072526433864,2263.944253447183,451928.8287859615,0.10438549387214141,0.0015998915114720784,0.03999864387041239,-0.6285276066464286,-0.5022783160371479,-1.9850823145250188e-05,0.008837324449933645,0.05889931053977742,-0.08375139192640507,0.1426507024661825,-2.6190258729102966e-17,-3.3696910037895265,62.96651685250927,0.11143470240765842,,,,,,,,,,,,0.02778162839968489,0.25740776532290144,3.181980515339464,0.0,3.181980515339464,6.6405214660392176e-15,12.008085172213693,147.22756886893748,3.2233118622599215,,,,,,,,,,,,0.09724740692308853,0.564980014220975,6.363961030678928,0.0,6.363961030678928,1.0103029524088925e-14,9.471220077706233,99.89202963107509,7.1373817725039395,,,,,,,,,,,,0.6675332621670791,2.163440971282223,16.364471221745813,0.0,16.364471221745813,-2.8199664825478976e-14,5.0210760862371515,27.743832233584374,28.187621597252786,,,,,,,,,,,,-0.07881671467784522,1.599008027387107,6.231578947368421,-11.571428571428571,17.803007518796992,2.917110997202599e-14,-3.383972627912816,27.86181228808358,19.931658376937825,,,,,,,,,,,,0.07170435312400757,3.442869794627139,32.57142857142857,-15.6,48.17142857142857,4.954370247389761e-14,6.194227305936357,60.81941874996074,42.87267848218714,532.0,39.37590065792714,508.2116566061357,22.543550221873566,-99.34894240075724,464783.90258561977,602.0289338866698,11504.98554808976,107.26129566665583,-0.12302197869831158,-0.5223875430124287,3.3459119496855347,48.3431116660069,592.0,-81.0,673.0,1.474376176702208e-13,11.428808630554535,139.7475788579154,611.041733435614,442.0,39.24004613820406,518.7411199146641,22.77588900382736,71.41031579314121,484690.0780383152,714.9890738828612,48117.70017749588,219.35747121421662,-0.01585409265302165,-0.6128163203355589,2.779874213836478,59.12407248451336,673.0,-156.0,829.0,-1.1102230246251565e-13,9.553412002949143,106.04197937058267,746.3497839485184,1.0
0.3398117552998802,40.144421528395284,649.3878711422524,25.483089905705164,3818.2622801432667,811744.9340596589,0.2956597838437145,0.003427510176683234,0.05854494151233934,-0.32135605487820873,-1.1523867746179859,0.0018670975565927487,0.02230620589419878,0.2831671325208304,-0.02563041134601982,0.30879754386685027,-1.9081958235744878e-17,11.560947756258244,141.91052342129873,0.3019795079004548,0.030473550557421843,49.20585347887351,683.4846317841235,26.14353900649496,-3736.8383644626256,867590.013589538,0.14744485954137235,0.0014626114994634365,0.038244104113751134,-0.9151667540156089,0.43219787095877316,-0.00016743709097484513,0.011235376091440421,0.11784025241528567,-0.07851155163597184,0.19635180405125752,1.0787811616230769e-17,4.4158067732352695,79.39102374768507,0.1515903407852531,,,,,,,,,,,,0.26361676735157996,1.9030489449564696,18.43715459093813,0.0,18.43715459093813,6.944445019030354e-14,8.821160774765257,79.42791206883616,25.63228155028988,,,,,,,,,,,,0.6362849926055166,4.447390890672628,55.311463772814385,0.0,55.311463772814385,1.6220358389773537e-13,10.915773661000559,130.24407966407705,59.939783867420005,,,,,,,,,,,,2.5605451087496363,13.766846298248614,165.93439131844315,0.0,165.93439131844315,-3.6415315207705135e-14,10.060179997262544,113.7009765965807,186.82257837084498,,,,,,,,,,,,-0.7648307443343002,9.871993621315418,33.5,-117.33333333333333,150.83333333333331,-1.4099832412739488e-14,-9.412008643552367,111.74602000485429,132.1035120447797,,,,,,,,,,,,-0.3625726724328089,7.7116013306858155,52.875,-59.4,112.275,-1.765254609153999e-13,-1.0038179585593077,35.74165009930115,102.99924862186631,532.0,48.84418435923627,656.9080456979108,25.630217433683836,-3686.802233103768,789346.1532066249,912.5277666903016,202435.62446976098,449.92846594737813,0.40911178503383466,-0.43308427924383647,2.923076923076923,75.41594998017105,536.0,-565.0,1101.0,8.180123245438153e-13,-0.2982122329318749,35.28218051704663,1018.1807305188996,442.0,46.55879740654637,673.1455467155942,25.945048597287194,-1269.7015947177513,795878.162055544,1306.8978026290163,505785.3642526802,711.1858858643641,0.7022548075684236,0.37328242415064994,2.4285714285714284,110.27484573217903,746.0,-634.0,1380.0,-7.629452625224076e-13,1.2863009910502408,22.81254599261433,1488.0497303517782,1.0
0.1140509803500462,35.044354310518024,633.6077148479001,25.171565601843284,3957.777392250777,691878.4098820202,0.059219907461100105,0.0004357745775051277,0.02087521443015922,1.4477692683273282,0.762574429447241,0.0006829400020960851,0.004844382266552593,0.05616206055749457,-0.0017364400654047505,0.05789850062289932,-4.83554168928535e-17,9.715939030867018,105.48498848799859,0.06322224751374331,0.04410642428816702,42.47153158392335,643.9823543708923,25.37680741091937,-4191.7569087917855,696524.171747248,0.06104947548330186,0.0005970767608290893,0.024435154201049955,-0.45015171590535824,-0.7113682310864619,-0.00026411032507884456,0.005073249270084314,0.013384709676347998,-0.05048541212742142,0.06387012180376941,-8.250778532614689e-17,-6.860027930767541,63.08603060672001,0.06564960985548562,,,,,,,,,,,,0.006557647319744063,0.043894695800241613,0.4143203796014927,0.0,0.4143203796014927,-2.740863092043355e-16,8.863485732053057,78.47444759533415,0.5700949609770042,,,,,,,,,,,,0.057563982823331694,0.3147239293328468,3.3145630368119416,0.0,3.3145630368119416,7.882583474838611e-15,9.048227079612623,85.23746023682513,4.109767150238157,,,,,,,,,,,,0.6338733985342289,2.417031827179404,26.516504294495533,0.0,26.516504294495533,3.064215547965432e-14,8.604695902739055,84.96127598140751,32.09724794946824,,,,,,,,,,,,-0.15035585451995742,1.7604863778215798,4.18705035971223,-18.75,22.93705035971223,-4.9960036108132044e-15,-8.113742249645886,80.82224516496188,22.696181682495,,,,,,,,,,,,0.2884375877504307,4.423017401306983,48.666666666666664,-5.909090909090909,54.57575757575757,1.1168843627729075e-13,9.146860406847992,92.58740881529899,56.9353674244588,532.0,41.40739471133961,560.6757564557345,23.678592788756145,-155.7303788304787,561731.2837940165,607.3271317393268,27142.188788222127,164.74886581771094,-0.0604541108332703,-0.8201457501509585,3.18562874251497,48.54883617622333,582.0,-150.0,732.0,1.1901590823981678e-13,10.159849799569283,122.61255212496944,628.7384193764526,442.0,41.38079730009402,576.1252333077211,24.002608885446623,-124.11454497151608,599436.1787683167,802.6752681291989,85655.4862228754,292.669585407974,-0.17393796447755208,-0.6083123884561056,2.6467065868263475,65.9146679217705,733.0,-189.0,922.0,6.750155989720952e-13,8.664291490972598,93.07337097767336,852.4916421877695,1.0
0.00373342296316798,39.214673855695644,433.9494535242086,20.831453466434084,-1746.5762676821662,362855.26673536963,0.004109969521240684,8.376075018946004e-07,0.0009152089935608153,0.09620229123184683,-0.6433907609990204,2.424300625433753e-05,0.00033906796124480155,0.004021248476576312,-0.0006502312715576647,0.004671479748133977,2.4868887331386258e-18,10.760920169374993,126.85083123120353,0.004218464184631999,0.03468137485954376,30.841793932131218,507.7184104274284,22.532607714763696,3107.2516699651255,441649.2873885274,0.02115757647019433,0.00012104338819173405,0.011001972013767989,0.6199609419750142,-0.39496604013514186,0.00022520373285418025,0.0019212851581386953,0.012999023548010859,-0.006949675024012798,0.01994869857202366,-1.3715157481941631e-17,3.3773798035899008,22.73422891059794,0.024005753904991732,,,,,,,,,,,,0.006341984993016151,0.03960339134097588,0.4255735257141258,0.0,0.4255735257141258,-1.8127860323957634e-16,8.963805044189428,87.7692821879275,0.49285500533430404,,,,,,,,,,,,0.05189141204975384,0.25403740660599916,2.553441154284755,0.0,2.553441154284755,4.829470157119431e-15,8.160482056219742,72.07027861479833,3.1861239951612808,,,,,,,,,,,,0.5787939390833333,1.963299733470782,15.32064692570853,0.0,15.32064692570853,2.631228568361621e-14,5.980035841630098,38.314899923089314,25.151973846445383,,,,,,,,,,,,-0.0597067713414828,1.4461013917215486,8.579710144927537,-10.833333333333334,19.41304347826087,-5.898059818321144e-16,-2.948838439583344,38.16849873047442,17.78513126704822,,,,,,,,,,,,0.5883172783388312,6.749137663242077,69.83333333333333,-8.666666666666666,78.5,-1.2445600106048005e-13,8.623361036970863,81.0014718307065,83.24928491599849,532.0,38.34886616057904,489.773994479287,22.130838088045536,82.43319202094948,431437.17710120365,607.4485938060329,5258.673415540595,72.51671128464524,-0.2846685855052055,0.3856068655383664,3.4545454545454546,49.08475189862138,592.0,-74.0,666.0,-5.568878691519785e-13,11.270573731748177,135.7067144925742,610.6324590127846,442.0,37.93673350804354,476.1032545163455,21.81979043245708,-118.37275807294928,407216.4436589921,803.9648952907418,126362.94064664026,355.47565408427096,0.056557365167787185,-0.8742218826469065,2.8701298701298703,70.83084856032251,542.0,-338.0,880.0,1.169730978745065e-12,4.0379695540485905,34.602579709869225,879.7090428090415,1.0
3.9241120955380944,37.95492657641287,508.8804679588096,22.55837910752476,16.062396814440422,456589.54714949266,3.6879598944160525,0.01674521010561288,0.12940328475588586,0.0327118165601233,-1.3374816181134703,0.025481247373623988,0.2963115826631757,3.6860076782289126,-0.011853769552508726,3.6978614477814213,8.569533971325427e-15,12.363422524152398,153.205788743329,3.690701368325953,0.2513987385836175,38.21131423336117,421.536283244616,20.531348792629675,-138.6997521855172,349423.65714308334,0.36053441707556766,0.003992253104333083,0.06318427893339516,-0.30884903730605595,-0.7614306215964175,-0.0016324593414520617,0.02944154246279323,0.0819322384054788,-0.3549053232477646,0.4368375616532434,1.7650811368064012e-16,-11.176160619114269,136.46403782915417,0.3659211380855887,,,,,,,,,,,,0.0054504292297408415,0.03455501091038396,0.3470061055822872,0.0,0.3470061055822872,1.2516029879172663e-15,8.664398423686773,77.75890478553245,0.42701245615669114,,,,,,,,,,,,0.04622683584856292,0.2214963157963357,2.0820366334937233,0.0,2.0820366334937233,-2.456368441983159e-15,7.999644201741734,66.81517933200924,2.7619618392229994,,,,,,,,,,,,0.5221915059272371,1.6113882094033458,12.49221980096234,0.0,12.49221980096234,2.220446049250313e-16,5.716779073888028,37.04815965754289,20.676535822272907,,,,,,,,,,,,0.006210376388926078,1.1977434601610006,8.285714285714286,-8.833333333333334,17.11904761904762,-3.508564966336891e-14,0.13030262908358428,36.54303948521674,14.62051869137574,,,,,,,,,,,,0.07340859332605668,2.6243519214047177,30.5,-3.6875,34.1875,-7.396860901565105e-14,10.650967388217138,122.69136709635379,32.04682765133323,532.0,38.26925068403077,487.9165486180948,22.088833120336954,49.712512981162554,427419.5498835475,608.9102467403166,6550.597128932608,80.9357592719844,-0.4730009330465423,-0.026207121376164457,3.4545454545454546,49.3274364409132,599.0,-53.0,652.0,-6.208367153703875e-13,11.528880715355884,139.52993512076196,613.636700336608,442.0,38.199872768476865,483.75415767617255,21.99441196477352,-253.0540131845904,421944.3826522658,747.8403964142851,23389.702529885926,152.93692337001528,0.12169699991756215,-1.0715731128794723,2.8701298701298703,61.4113976158012,731.0,-59.0,790.0,1.254996107036277e-12,11.08340123011675,130.0408098368611,762.9272573450237,1.0
0.16673085579148,36.71235384133432,685.1901116742252,26.176136301490814,232.90579247588184,707349.1363710787,0.06705015811759275,0.0012581024650105562,0.0354697401317032,0.6706257481607891,0.3285946014452147,0.0010166515597041465,0.005918451523565133,0.050843397339646684,-0.005231789116159938,0.05607518645580662,-2.47198095326695e-17,6.746941848961844,48.79550608978675,0.07690325356072314,0.09231726432876161,42.43131206177071,510.9973301482749,22.605250057194123,-3714.1924595424175,565315.4660917735,0.0747443801430564,0.0013059214556468493,0.03613753527354694,0.0846999302721187,-0.8665850253645733,-0.0005629101483461075,0.006477115117563899,0.03621302743812798,-0.03478439424080229,0.07099742167893028,1.6783449630075609e-16,-0.9750182625987741,15.850670220263138,0.08326020445165179,,,,,,,,,,,,0.004938777461980086,0.02756506509929715,0.2618914004394621,0.0,0.2618914004394621,-1.8214596497756474e-16,8.285759549185686,70.79890322403567,0.35753121107091473,,,,,,,,,,,,0.054329961191077136,0.2414200362522916,2.4777956630007947,0.0,2.4777956630007947,1.1435297153639112e-14,8.095921194605085,72.03456736026394,3.159330104578234,,,,,,,,,,,,0.7312413404399644,2.6477763205514413,27.25575229300874,0.0,27.25575229300874,-3.885780586188048e-15,7.678438594638065,68.19412702923456,35.070010474585544,,,,,,,,,,,,0.09715734098395035,1.9399167822135035,19.272727272727273,-11.11111111111111,30.383838383838384,-7.771561172376096e-15,4.612206705676852,65.73771549767909,24.79824222286269,,,,,,,,,,,,0.2193609757700276,4.417422103554541,49.166666666666664,-12.909090909090908,62.07575757575757,2.3814283878209608e-14,8.887601883591117,95.31616091240251,56.46736381682846,532.0,40.67484149676299,538.8197907334483,23.212492126728836,99.70803612254701,520474.1995134544,426.2371574626526,37417.17828108469,193.43520434782468,0.15413382998447978,-0.8062779664220291,3.2439024390243905,36.55001951072511,345.0,-200.0,545.0,-4.867217739956686e-13,5.126658251445578,57.78274137753212,469.9085017319861,442.0,40.728608365277076,553.0750127397492,23.517546911609408,-59.85332646838279,550893.4390719217,851.2818343567174,80058.55556743326,282.9462061371971,-0.3229597773935369,-0.5294507834216582,2.6951219512195124,69.8985657106047,786.0,-164.0,950.0,1.5631940186722204e-13,9.068071236128933,98.55521423841306,895.8035498924974,1.0
0.05580848256482779,43.998295015547505,862.7274424643782,29.372222293595325,-4336.556739706678,1120280.5763959866,0.025166216999870743,0.00018302104346325484,0.0135285270248928,0.5868562389022348,-0.9478256438660279,0.0003135308009259988,0.002133640929582951,0.017397119551501028,-0.0035328782333534157,0.020929997784854444,1.431146867680866e-17,6.273022914149797,43.19097766629747,0.028772019080257793,0.011302272924775885,38.716985290815956,784.3464619489656,28.00618613715487,4888.651897488274,986575.3895882767,0.057380124795938216,0.0010236571367924743,0.0319946423138699,1.3159057698437495,1.481351040710193,-6.34959153077297e-05,0.004916285505047092,0.024478843503947464,-0.03528757246297895,0.05976641596692642,-5.1770653736182837e-17,-2.72520868260245,25.37434502335745,0.06559690001756693,,,,,,,,,,,,0.017601310451311733,0.1739343085978428,2.2980970388562794,0.0,2.2980970388562794,-2.7200464103316335e-15,12.870563216417889,168.7627047074342,2.3258637365828854,,,,,,,,,,,,0.07916666993760868,0.40697457202600956,4.596194077712559,0.0,4.596194077712559,-6.661338147750939e-15,8.87696692407048,89.63064544369873,5.515934418676785,,,,,,,,,,,,0.8104597849766518,3.0552404099084027,33.8666932041978,0.0,33.8666932041978,1.0769163338864018e-13,8.184321932879865,80.19116366392791,42.05314503691847,,,,,,,,,,,,0.17270490974756772,2.228417045090518,23.94736842105263,-9.333333333333334,33.280701754385966,2.170486013142181e-14,6.651440020740056,76.55440976032287,29.736064025826458,,,,,,,,,,,,0.40481387405696406,6.66489812218054,67.16666666666667,-19.176470588235293,86.34313725490196,9.670042544485113e-14,7.639438688155411,68.15120802817911,88.83411057440951,532.0,44.3308760194132,641.1345485072563,25.32063483618166,44.603077818452256,740081.635057845,500.4155500868553,34067.80532115764,184.57466056086258,0.15239635955445738,0.16892122210885988,2.9887640449438204,39.90057710771342,455.0,-157.0,612.0,-1.056932319443149e-13,8.222662110501073,95.49639889881581,533.8314340688454,442.0,44.194957137616136,662.6009621359055,25.741036539656005,8.658997447196843,781896.7353997005,920.2100504881842,151878.09219401688,389.7153989695774,0.2996112138751089,-0.5109796879612024,2.4831460674157304,74.8241552596954,789.0,-326.0,1115.0,2.291500322826323e-13,7.347774614395008,75.97965533896631,998.8283135754613,1.0
0.016692288698129887,48.16949641227539,676.4408943167193,26.008477354830276,-4092.544083401834,809957.4547132903,0.018978068945062196,1.8671486821966082e-05,0.004321051587515021,0.6198204941973368,-0.8302857992035416,9.430671580864341e-05,0.001458848428873485,0.01765408555962305,-0.0061124005074586684,0.02376648606708172,2.6047957193964244e-17,9.692286846958952,121.5095278029117,0.019449227532937246,0.09737553112413656,29.852601674021525,674.2507177743682,25.966338166448658,14417.188389297393,1046758.5824339296,0.05093323776441389,0.0013936434777779346,0.03733153462929075,1.307194847939176,0.3806879272535237,0.0005501442436391895,0.004733167038355128,0.0443286182047584,-0.015667662252512933,0.05999628045727133,-9.324138683375338e-18,4.662932235456581,43.74401113631866,0.06339462607836117,,,,,,,,,,,,0.006989865195411847,0.058071858606220786,0.7332959212304938,0.0,0.7332959212304938,-3.5301622736128024e-16,11.702360264157829,143.1644448096099,0.7715494942471197,,,,,,,,,,,,0.05294136494280417,0.2712755558083111,2.84806897977915,0.0,2.84806897977915,4.364564265557647e-15,9.210832834327286,86.83390045994602,3.6458770498186093,,,,,,,,,,,,0.685066272684707,2.692272387056919,34.1768277573498,0.0,34.1768277573498,-3.652633751016765e-14,11.242724555429328,138.79825756423864,36.6451971520117,,,,,,,,,,,,0.12993513587819408,1.960086748719047,24.166666666666668,-2.6634615384615383,26.830128205128204,1.4072076837123859e-14,10.747522679315956,130.9880418464957,25.91206740410543,,,,,,,,,,,,-0.1994733163920167,0.9448630747026959,7.833333333333333,-4.666666666666667,12.5,-1.7541523789077473e-14,4.061823150159624,37.29563837558814,12.738316807832023,532.0,44.20562338552307,637.5576767491326,25.249904489901198,-290.3649938984897,724959.1864478135,614.6405567436235,74523.38373316126,272.9897136032075,0.07121481788924035,-0.7406462591222673,3.005649717514124,50.407996089664074,519.0,-277.0,796.0,-2.8332891588433995e-13,6.1990939983857665,72.43794959794239,671.8258702967607,442.0,43.75659233487324,642.1270040004068,25.340225018740597,383.5630883371739,742026.6077625812,866.8370066763753,102323.1834017965,319.87995154713354,-0.12047352033802748,-1.1362400201524567,2.4971751412429377,69.25373997478201,788.0,-114.0,902.0,-3.588240815588506e-13,9.752018568096613,102.64576680352542,921.9598689747835,1.0
5.051890520007919,41.811533864078626,559.349202069634,23.650564519047617,-1053.043075817884,568761.0760382985,5.090362052329147,0.12012535588571936,0.34659104992154566,-0.07897182588508482,-1.0252999488622887,0.03061751830307829,0.39599618930683844,5.078326938073553,-0.4078783835702717,5.4862053216438245,1.0269562977782698e-15,12.660212251314555,161.91444831268353,5.101844604794926,0.5731200136116763,39.30741420039386,547.8375852088462,23.40593055635358,27.013845371514538,535556.1894551457,0.4943696378653336,0.007965540428506529,0.08924987635009098,-0.7776898206018409,-0.0010212273660562786,0.0034734546279495526,0.038990082890909356,0.4859529036298701,-0.1042391005296531,0.5901920041595232,6.574601973952099e-16,11.475273992393415,143.8336385598651,0.5028201362288983,,,,,,,,,,,,0.00463252795136332,0.028782187469947724,0.3470061055822872,0.0,0.3470061055822872,-8.673617379884035e-19,10.763054798432456,124.6941667037296,0.3721956002109464,,,,,,,,,,,,0.04930821172812478,0.20051444925085254,2.0820366334937233,0.0,2.0820366334937233,2.157996004115148e-15,8.063815598335104,72.37834273557387,2.6362638503492652,,,,,,,,,,,,0.6797326465666584,1.9159017439214245,15.229992210171794,0.0,15.229992210171794,-2.930988785010413e-14,5.3378916419456885,32.26672777556464,25.954435112262697,,,,,,,,,,,,0.003789754772897257,1.43747821525879,10.76923076923077,-8.833333333333334,19.602564102564102,-1.1911478747794746e-14,0.9094911735751335,31.53469759592768,18.352557069747185,,,,,,,,,,,,0.24851287496366528,4.501871673740036,52.166666666666664,-3.4615384615384617,55.628205128205124,-6.342149028171207e-14,10.16661461176281,111.9555273463371,57.563555972358365,532.0,40.83185559173882,553.5625556919698,23.527910142891354,193.1500884569459,549500.5691835855,546.4227724858215,26740.482977200863,163.52517536208566,-0.003875987523834596,-0.7315194791751526,3.224242424242424,44.268239044064686,518.0,-121.0,639.0,6.838973831690964e-14,9.636239219653127,112.23639264951963,570.1420875536203,442.0,40.57859154612072,552.6339834267817,23.508168440497055,-257.0251708871517,545231.6684687727,868.109261970228,81276.22391565236,285.0898523547486,-0.40448647881671723,-0.4523798503620193,2.6787878787878787,70.9173644486941,789.0,-231.0,1020.0,1.5987211554602254e-14,8.782598499106518,94.88829852678872,911.5996928476885,1.0
0.36781810007553667,32.42258899039308,449.9058234461435,21.21098355678358,2378.6875229366874,390381.67485835246,0.2672042240071004,0.004681377731406836,0.0684205943514585,-0.09388075084808836,-1.129377323910592,0.002419855921549584,0.022347615246025906,0.25637358749485584,-0.026637177648159104,0.28301076514301493,-1.7607443281164592e-16,10.226274221965879,112.42111731597083,0.2771304470814252,0.005844934970457405,42.19447006101068,389.6603151057825,19.73981547800745,-1974.2625411177462,329983.4868362028,0.11893935510435351,0.004208244603071613,0.06487098429245246,0.4357664635552943,-0.40613647040779577,3.8453519542482975e-05,0.010945556906622605,0.08216330274736226,-0.07884500067210279,0.16100830341946504,-1.0974836490984519e-16,-0.521215645090244,42.48076473081604,0.13494672130040922,,,,,,,,,,,,0.004362702993202814,0.024931868167437008,0.27068931467297525,0.0,0.27068931467297525,1.8821749714348357e-16,9.17820557910923,92.02017397231191,0.3068758551525814,,,,,,,,,,,,0.044902624192697124,0.2030605770971568,2.165514517383802,0.0,2.165514517383802,2.6229018956769323e-15,8.758123065516044,85.12882145686801,2.5214533534594405,,,,,,,,,,,,0.5871763941257315,1.9286619557870155,17.324116139070416,0.0,17.324116139070416,6.838973831690964e-14,6.4296945464041055,47.23989302145988,24.44347396454214,,,,,,,,,,,,-0.06542515482629263,1.4240702503301244,8.125,-12.25,20.375,-1.0547118733938987e-14,-3.6392575441660564,45.78493691567231,17.28414619608457,,,,,,,,,,,,0.31021022399790893,3.5151576411655467,31.0,-1.6388888888888888,32.638888888888886,-7.743805596760467e-14,6.984293664661088,52.066156134007976,42.78465674656807,532.0,37.99560761232107,475.146434764591,21.79785390272609,85.44342659258562,407396.2412557326,598.4758855838069,17054.851216783358,130.59422351996798,-0.18788405909219433,-0.586356045926812,3.5,49.326250084193724,585.0,-98.0,683.0,0.0,10.835428974206868,128.4762978100485,609.6638418013652,442.0,37.45640790472894,460.1438953444881,21.450964904742353,-219.2662988358064,384356.5101459146,739.4559315747258,80435.7673642177,283.61200144602077,0.0034880710594932195,-0.1668177984628272,2.9078947368421053,64.23193533298297,672.0,-177.0,849.0,1.0320633236915455e-12,7.948869711308551,80.24779159576768,792.7155858187728,1.0
0.11494079888668653,45.875096126881466,579.806708447216,24.07917582574653,-2783.8480909688374,637720.3424664544,0.14925248174161646,0.0005837052111974946,0.024159991953589196,-0.23651716133308984,-1.4687847311713644,0.0006761223463922737,0.011545713139390916,0.1468973284191058,-0.033553982842230656,0.18045131126133646,-2.2941717969793274e-16,11.900771628112906,153.285753781678,0.15079558237941532,0.1152171527136334,37.198488635035496,639.2785579023453,25.283958509346302,3306.751082557112,745190.7248284654,0.08461123759821698,0.0007905594441423897,0.028116888948501926,0.6715663303516519,0.05654807897493262,0.0006777479571390201,0.006810198068804365,0.08159808236741714,-0.01686490253358259,0.09846298490099972,1.2598429244281562e-16,10.008087385942545,118.51024274220848,0.08923275074241518,,,,,,,,,,,,0.22624641522402078,1.9698244292848712,21.38998013089306,0.0,21.38998013089306,3.9968028886505635e-15,9.56707299217517,93.95000220204443,25.69969807990641,,,,,,,,,,,,0.4226579699929821,3.508865513317394,42.77996026178612,0.0,42.77996026178612,-4.3520742565306136e-14,10.983115485145829,128.75201171167168,45.80884770024935,,,,,,,,,,,,1.3423242845575574,7.581352236330587,85.55992052357225,0.0,85.55992052357225,9.636735853746359e-14,9.283578399895354,95.30461748623404,99.79392608934798,,,,,,,,,,,,0.24031159751290543,5.438898642575952,60.5,-28.2,88.7,-7.971401316808624e-14,7.522498092520786,94.92845982522347,70.56496185900708,,,,,,,,,,,,-0.4661092068792326,13.384218663458944,58.4,-153.0,211.4,1.8707257964933888e-13,-8.16014037173011,103.48361707834542,173.58446721995432,532.0,42.207064789727575,591.7323617450871,24.325549567174985,149.6869486987138,631656.7774419624,614.0365886601201,23408.59719840717,152.99868364926272,-0.13422969795294432,-0.667338875149702,3.1294117647058823,48.38905764378968,594.0,-141.0,735.0,4.68070027181966e-13,10.727111875022176,132.352738274174,632.2341338459986,442.0,41.794897733001086,576.1680432281701,24.00350064528443,-10.05818936825132,589883.5741282324,899.7767111820671,178540.76413203034,422.5408431525056,-0.03733591686312339,-0.775041723962611,2.6,76.16548546730726,573.0,-359.0,932.0,-1.148414696672262e-12,3.4229023399662712,31.047687003465807,993.6548696604873,1.0
0.04617928534105091,44.76298428970403,722.0489731409209,26.870968965426627,-2406.3971715278867,873204.3246799229,0.0314458054907773,0.00011222420255261426,0.010593592523436715,0.6674691177874792,-0.40926192900423575,0.00027005430024006375,0.0025300809238307568,0.028891129754849042,-0.007267680468860027,0.03615881022370907,-3.935653886122381e-17,8.89208160445346,98.08876368052964,0.03327303466565667,0.11932527157776247,32.420090677632935,525.5889955312574,22.92572780810366,4992.845104681967,522409.985748852,0.05404928575541521,0.0007340361238965561,0.027093101038761808,0.20711481267319087,-0.7595372006407689,0.0006978086057179091,0.0046099213069520925,0.03968408430460368,-0.015699976013620314,0.05538406031822399,1.201296007113939e-16,4.9656344747172,38.55198170696395,0.06096926466189622,,,,,,,,,,,,0.007512708248679349,0.06897863824105614,0.890430761494171,0.0,0.890430761494171,1.6427831317500363e-15,12.612935463855496,161.60412356364398,0.8993524768197423,,,,,,,,,,,,0.04466660006603157,0.21928684136853488,2.671292284482513,0.0,2.671292284482513,3.219646771412954e-15,10.63888522483449,124.20057945052343,2.900645863439111,,,,,,,,,,,,0.5092454848851269,1.15394313185082,8.013876853447538,0.0,8.013876853447538,-1.199040866595169e-14,3.898004247535859,18.36188227917957,16.348511864717928,,,,,,,,,,,,0.0065805823481581704,0.8918601648502638,5.666666666666667,-4.375,10.041666666666668,-5.417888360170764e-14,1.6221892710150756,17.69537298211166,11.560143601850777,,,,,,,,,,,,0.1711085562854417,3.9262706287045974,42.25,-6.0,48.25,-6.872280522429719e-14,9.153090463188423,90.09521154849425,50.93858756935548,532.0,42.21706867380641,597.66139948434,24.447114338595057,149.91937835570852,640266.8031922044,604.7139467233515,14559.548520620689,120.66295421802289,-0.03220284931663391,-0.666860987360702,3.111111111111111,47.01716054075508,589.0,-85.0,674.0,8.08242361927114e-14,11.425282109779825,142.35956577411207,616.1736768152304,442.0,41.92812123147808,594.0393885246528,24.372923265883657,-197.3232751012023,629714.0981006087,822.6627772466942,97022.60199157968,311.4845132451687,0.07448933926382428,-0.6186425931267575,2.584795321637427,67.07207960384883,740.0,-230.0,970.0,-5.355715870791755e-13,8.503841344530397,90.14406446842555,877.7323054325847,1.0
0.26897364207458785,42.03046094324194,641.7870575977577,25.333516487012965,1170.2175629921455,745324.6801794602,0.24617730170707225,0.00020980332356397812,0.014484589174842969,-0.1134385299275902,-1.3349672653408822,0.0015282593299692495,0.018545336498926642,0.24599582489227592,-0.0009782259510713273,0.24697405084334725,-2.3592239273284576e-16,13.132657604124816,173.4967123902423,0.24686566085443798,0.16582097078361333,41.62126044830885,683.3767937829825,26.14147650349885,634.312791655332,808720.6620083594,0.11782865397415167,0.000580705863145209,0.02409783938748885,0.8282554838755096,1.0396195321906285,-0.0009421646067250756,0.009056212992978131,0.009437339248636992,-0.11241578091380296,0.12185312016243995,7.3075226425523e-17,-10.764379370818737,131.34123529688722,0.12079267177267755,,,,,,,,,,,,0.008409217153814859,0.07121931136641296,0.9231671865491037,0.0,0.9231671865491037,-7.112366251504909e-17,12.316936170468754,157.25598910759567,0.9486877346171733,,,,,,,,,,,,0.0719345155309268,0.44177350477475225,5.539003119294622,0.0,5.539003119294622,-5.648259637780484e-15,11.248400213718838,135.91454220901335,5.921082731054072,,,,,,,,,,,,0.8154981266194443,3.0831593184016826,33.23401871576773,0.0,33.23401871576773,-4.5075054799781356e-14,8.511047468179589,80.64901726619883,42.18896776414686,,,,,,,,,,,,-0.04955813608133165,2.254550571562241,15.071428571428571,-23.5,38.57142857142857,6.7307270867900115e-15,-4.861742091608953,78.10798252085267,29.8321051972889,,,,,,,,,,,,0.4380600198279635,6.7474758080565165,64.83333333333333,-9.840909090909092,74.67424242424242,-8.004708007547379e-14,8.817675245242906,79.81281935113493,89.4486283473588,532.0,43.59046244581981,619.7320517397701,24.894418083975573,157.11805418862104,695311.833093871,552.9396022466144,57735.90990371947,240.28297880565628,0.05362008457087886,-0.47943318351676845,3.022727272727273,45.444140854642036,477.0,-198.0,675.0,-1.127986593019159e-13,6.485377177887199,71.87528038015162,604.2168484906723,442.0,45.75361520083373,581.9580039547835,24.12380575188715,-1868.3954496207198,638874.4280910888,1095.3262033382823,288071.7582805432,536.7231672664626,0.6202236328156804,-0.14134369127121157,2.5113636363636362,91.91794689709317,786.0,-433.0,1219.0,1.0595968547022494e-12,3.988669755869312,39.91873990658563,1219.8844207546877,1.0
0.0009623289460141756,45.313279072928694,593.3961258159915,24.359723434718866,-4347.182682136273,607980.2458437087,0.0010933736511469449,1.3938982898119989e-07,0.000373349472989048,1.416226030434141,0.7073581018284375,6.014555912588595e-06,9.046743622967028e-05,0.0010377847863595891,-0.0002958160438232961,0.0013336008301828852,1.1265538198482195e-18,9.282670652845644,107.76188742883664,0.0011468587986876197,0.003555869012874864,36.667855312807404,662.1164788499675,25.7316241005104,4062.8879381689153,721714.142345678,0.010856936930639806,3.0062901096264525e-05,0.005482964626574252,0.23551726160808467,-0.6582971876305077,-2.2224181330467923e-05,0.000954011756092656,0.006076103107376237,-0.004657795484173368,0.010733898591549605,2.0972535774016476e-17,1.658619186735981,20.440463878021575,0.012070674181660596,,,,,,,,,,,,0.0006784827127993281,0.0018192491792905772,0.012230340320932545,0.0,0.012230340320932545,7.697835424647081e-17,3.201114545335153,12.06833392223347,0.02440616737898186,,,,,,,,,,,,0.011442473706540253,0.028476475899309902,0.1589944241721231,0.0,0.1589944241721231,-6.140921104957897e-16,2.6223427914892414,6.640684562187003,0.38575990162104257,,,,,,,,,,,,0.23839554535208132,0.6935435823584815,6.670188376862077,0.0,6.670188376862077,6.977751709769109e-14,5.695953000783865,46.504065545004124,9.218348637068752,,,,,,,,,,,,-0.03489580053194623,0.5173971892486553,4.716535433070866,-1.4615384615384615,6.178073894609327,2.5424107263916085e-14,4.50015500645983,45.223770325954604,6.518356832613084,,,,,,,,,,,,0.10646900682367477,2.461026243740359,29.333333333333332,-3.4205607476635516,32.753894080996886,1.4876988529977098e-14,10.876216060106264,127.57888753130725,30.963555348881698,532.0,39.92595528644632,524.4097150391904,22.899993778147415,-42.138978712396195,495800.05142883654,606.5519031987889,5192.913725927111,72.06187428819148,-0.6612510943643397,1.4605422100140988,3.325,48.1346483834668,599.0,-20.0,619.0,5.657696533489798e-13,11.974982917279208,148.24725638210856,610.3113959283409,442.0,39.861130981991046,516.2055923564678,22.720158281941345,88.12885321390122,469144.63466581743,684.9805787071804,105192.18179397618,324.33344229970515,0.43670513316861354,-0.8335775112520796,2.7625,59.69866911204945,437.0,-366.0,803.0,1.0205170042354439e-12,3.3682867327387442,38.74768099899796,755.9431195533167,1.0
0.18109678719477562,38.78527063392507,556.3614830783828,23.587316148268815,1002.3404147611432,560156.6696438408,0.15691548309117037,0.00013996147757362748,0.011830531584575034,-0.14838301492678896,-0.461083201168732,0.0010975562860289436,0.01221334465794984,0.156554014863282,-0.0010931006514091376,0.15764711551469113,-2.1684043449710089e-16,12.624102291813552,160.96638422320626,0.15751545604560271,0.10250335046228062,41.58891633485156,542.8748964640682,23.299675887532604,-653.4835773460776,560820.8243834361,0.11385260978034495,0.0007040675540764602,0.026534271312332287,-1.225358991541136,2.5545823967385384,-0.0006212324270441249,0.009073323246130858,0.014942725531176959,-0.10495549476537601,0.11989822029655296,-2.435118079402443e-16,-9.40162530065477,106.71364577651741,0.11682181104329929,,,,,,,,,,,,0.0017127473010309494,0.005234881852567439,0.05957374631496663,0.0,0.05957374631496663,-3.0357660829594124e-18,8.719683397248334,92.97521364122288,0.07010473304320958,,,,,,,,,,,,0.031341606827459914,0.10590054503738691,1.1914749262993327,0.0,1.1914749262993327,2.4702462297909733e-15,8.883837205206817,91.99788399583585,1.4056848596873754,,,,,,,,,,,,0.6184282806834069,2.2551052117801325,23.829498525986654,0.0,23.829498525986654,1.1546319456101628e-13,8.324571769056737,77.77167516373594,29.762533407568046,,,,,,,,,,,,0.026305764540318455,1.653264810617286,10.25925925925926,-16.85,27.10925925925926,1.0234868508263162e-14,-5.0430617690893795,75.70643495643039,21.04528919778253,,,,,,,,,,,,-0.07555111454424404,2.3656581083554684,29.14814814814815,-3.75,32.89814814814815,-2.986499936241671e-14,11.715938993906313,145.28466280677458,30.12526337742068,532.0,40.75925144034254,541.7999234663001,23.276596045519632,38.00425226181069,530490.8590921366,529.8523588803079,42763.831447510114,206.79417653190845,0.053346162632173205,-0.44683307153982915,3.224242424242424,44.14485130967548,337.0,-337.0,674.0,2.673417043297377e-13,1.3331762929579638,48.70338521712799,568.5613423369549,442.0,40.374080826217586,560.9019308776346,23.68336823337497,287.8323154217374,564577.5048533931,860.857461902664,84841.96687186982,291.2764440731001,-0.24965596639746832,-1.1735134845203947,2.6787878787878787,70.53526845132454,787.0,-75.0,862.0,1.163513729807164e-13,9.754737104144557,100.89760942741722,906.6950975934523,1.0
2.449925586773704,36.54587835477909,481.63641771602477,21.946216478382436,528.538478098587,417488.35715831886,2.2315034898523938,0.012957184265458466,0.11382962824088667,-0.07353349058487663,-0.9129204983205482,0.016012585534468663,0.18004962761097176,2.2305781020140296,-0.01916101854710817,2.249739120561138,-2.671474153004283e-15,12.2836815844749,151.53405564295375,2.235880924523329,0.3977585170813826,38.92985825633296,476.61301791449836,21.83146852400219,-1149.5551348267372,421327.53900215303,0.30163853152541725,0.0030591797813170622,0.05530985247961761,-0.7501710956936464,-0.12045055697134695,0.0025997288698129586,0.024711447214753216,0.29529621227085495,-0.026827418110990143,0.3221236303818451,-2.636779683484747e-16,11.040858945452593,130.12223029190162,0.3073505729416218,,,,,,,,,,,,0.007385498487754073,0.04437108828826722,0.47003016358755917,0.0,0.47003016358755917,1.5092094240998222e-16,8.934387145264166,85.51023396742553,0.5545696869621243,,,,,,,,,,,,0.0667982979864903,0.31359535705037683,3.2902111451129143,0.0,3.2902111451129143,-2.7755575615628914e-17,8.57612073978461,80.55693512025124,3.953001038169818,,,,,,,,,,,,0.7761209822579723,2.4986805720587046,23.0314780157904,0.0,23.0314780157904,9.525713551283843e-14,6.5072372574981125,48.80341333633018,32.257662559510926,,,,,,,,,,,,-0.09510326300436656,1.8476578578049223,9.629032258064516,-16.285714285714285,25.9147465437788,1.4432899320127035e-15,-4.314808785016714,46.80851145945273,22.80961194105758,,,,,,,,,,,,0.5762331765872475,5.820750226330404,51.285714285714285,-2.6944444444444446,53.98015873015873,1.4055423491754482e-13,7.0984386932353924,52.51554395322848,72.11382000983612,532.0,37.7608975943323,474.50512193972844,21.783138477724656,-37.089189942133956,401809.20893612667,618.3958946804568,20961.122705515347,144.77956591147574,-0.229565303876218,-0.24410654521320474,3.477124183006536,51.17815671810588,597.0,-114.0,711.0,-2.3092638912203256e-14,10.248233743932754,119.45720483955057,634.4982269478772,442.0,38.59063280341629,480.785949010489,21.9268317139182,-546.2899538918095,416612.7702482431,908.1014335580727,175612.54952766837,419.06151043452843,0.1470217074667468,-0.507136898283491,2.888888888888889,80.59108074001658,741.0,-291.0,1032.0,-1.2887468869848817e-12,5.527663448429037,50.85299907684167,997.4968671630002,1.0
5.388660051295423,43.15384551466961,641.2463060606973,25.32284158740281,-1387.2320340481745,751446.4319856412,4.21738580546576,0.31815144346708746,0.5640491498682428,-0.47726830288472727,-0.11681816868851279,0.03079234315025957,0.32072275719037874,4.183255629553234,-0.14434666452393952,4.327602294077174,2.942091015256665e-15,12.55747699734393,162.28557500696184,4.262272831586969,0.6663446026516707,42.517859721522335,649.1207096628448,25.47784742993106,-3085.797201759978,701018.3080839021,0.5629842644001765,0.03353213311332897,0.18311781211375636,-0.09778339383348016,-1.0908832549057346,-0.0038076834437238334,0.04462418644019837,0.10511576429497846,-0.530176327110102,0.6352920914050805,7.311859451242242e-16,-10.079647583049088,114.47157944627875,0.592467621068872,,,,,,,,,,,,0.005700639544643766,0.04038391984747419,0.4468914857098981,0.0,0.4468914857098981,-7.216449660063518e-16,9.736683415135984,97.31261565637473,0.5364335758595609,,,,,,,,,,,,0.060676589572606944,0.3633237717847817,4.468914857098981,0.0,4.468914857098981,1.8457457784393227e-15,11.016950317570965,128.81277256743414,4.84496082731658,,,,,,,,,,,,0.7977409847624486,3.576671667002567,44.68914857098981,0.0,44.68914857098981,9.170442183403793e-14,10.982873681415292,132.44757826656348,48.19970917307918,,,,,,,,,,,,0.21999591442723038,2.5818766902758443,31.6,-7.5,39.1,2.5091040356528538e-14,10.361570983703816,127.5443919354836,34.082341207503724,,,,,,,,,,,,0.5801063881903733,7.795577382946268,79.7,-3.8823529411764706,83.58235294117647,3.574918139293004e-14,9.282941261578985,86.71278488233547,102.81831634896665,532.0,43.490250330693144,616.3362300377311,24.826119915075957,-189.65968130905534,678904.712826992,528.8678636756684,56454.39196653676,237.60132989218886,0.12555711846195577,-0.9781071649690354,3.04,43.70254781719585,326.0,-332.0,658.0,2.611244553918368e-13,1.8485493829153867,50.30531866099269,579.5273936579703,442.0,43.068525165273165,611.0778544905692,24.719988966230733,-172.58765833009775,659384.6939135859,979.4540694581476,194601.2545575065,441.1363219657915,0.22491686043273448,-0.7196117028456951,2.525714285714286,80.97045790324536,797.0,-396.0,1193.0,6.270539643082884e-13,6.224455060057226,62.57462827417815,1071.6594608363237,1.0
1.050050590003188,41.652658345501585,578.5923686049811,24.05394704835323,-1097.8147638540654,601102.0147440584,0.9965587424182972,0.0050301029645703,0.07092321879730432,-0.21685548358861345,-1.1396215428520076,0.006287728083851425,0.07707925882231342,0.9941378732406256,-0.05011414703391622,1.0442520202745418,7.077671781985373e-16,12.723839148491647,163.44421661507513,0.9993922453491205,0.3094728712595419,41.19131304909178,555.832455281854,23.576099238038807,-2437.751227153223,569788.3888167663,0.2263616372073281,0.0030214098154723655,0.054967352269073004,-0.2957008067180473,-1.201841702056126,0.0018531309656260003,0.017971381848060453,0.2185089686809403,-0.020411665540139835,0.23892063422108015,-2.658463726934457e-16,10.927575846916234,128.76115976169478,0.23347286395652367,,,,,,,,,,,,0.0043973122124669655,0.03223822592386548,0.4124789556921527,0.0,0.4124789556921527,-2.5847379792054426e-16,12.492470557025651,158.39176836112432,0.4166735997487541,,,,,,,,,,,,0.047262676283161234,0.20548740275670632,2.4748737341529163,0.0,2.4748737341529163,5.190292640122607e-15,10.568133816200744,121.21294713393388,2.7002312224747667,,,,,,,,,,,,0.6959184380355818,1.9143391559037177,17.819090885900998,0.0,17.819090885900998,-4.618527782440651e-14,6.989958027383328,56.26579656167508,26.085158379828638,,,,,,,,,,,,0.11496710993243874,1.435716198190227,12.6,-2.2264150943396226,14.826415094339623,8.021361352916756e-15,6.408920862419133,50.55000682286281,18.444992378701926,,,,,,,,,,,,-0.16632508822119943,1.0809489703327777,10.116279069767442,-1.2666666666666666,11.38294573643411,2.481348460037225e-14,6.542613097685691,55.473393105906844,14.005813531365684,532.0,41.40093487729697,563.9270171729056,23.74714755866282,65.82108988425199,573122.1035693476,620.312978215255,56662.47170832281,238.03880294675238,-0.7634842798931019,0.04103862158017083,3.18562874251497,51.26000679341527,544.0,-236.0,780.0,-1.1546319456101628e-13,7.172842950976199,79.80459477721689,663.7032469409804,442.0,41.92966730728133,568.8224549693423,23.849999055961035,-668.4833219275296,584596.7024781154,872.3736064266197,87292.25466563489,295.4526267705787,-0.14556393405038193,-1.11060717620651,2.6467065868263475,71.05906102548855,791.0,-103.0,894.0,7.460698725481052e-13,9.596289345472751,98.9377726565842,918.9221947477381,1.0
0.005442836192569654,38.749584173617535,484.2092141431324,22.004754353164962,-118.67445444777007,434630.4765511898,0.003745358841449075,2.322741156490565e-06,0.0015240541842370845,-0.19617259360855643,-0.9737482992163999,3.423167416710475e-05,0.0003196659121157442,0.0026549758966358775,-0.0007148938629711376,0.003369869759607015,1.4230153513872246e-18,6.6956731730183945,51.578889196502445,0.004053879420842045,0.041547616202937704,31.466896315578012,476.9100509435822,21.838270328567283,3670.8905216476232,444628.1862803134,0.019535718478449374,0.00010016661506502226,0.010008327286066451,0.7227499874489249,-0.03899747469475898,0.0002613057622826271,0.0017352806929143423,0.012012120671790001,-0.005369822582287653,0.017381943254077655,6.505213034913027e-17,3.8009258500801333,23.761487800787513,0.02212774922471642,,,,,,,,,,,,0.0013578023535051682,0.005531464998929959,0.06401789788520183,0.0,0.06401789788520183,-5.421010862427522e-17,9.614393438884651,106.49112871532657,0.07113897829902492,,,,,,,,,,,,0.019822837080664846,0.057839975086351664,0.5761610809668165,0.0,0.5761610809668165,3.594347042223944e-15,6.377241532355836,55.500550593298414,0.7636698132798968,,,,,,,,,,,,0.35668684725863903,0.9651145012827008,8.34386001800126,0.0,8.34386001800126,2.1815882433884326e-14,4.996126384026364,33.516188129629036,12.851177190614878,,,,,,,,,,,,-0.021131304183503685,0.7272477031797598,5.9,-3.6666666666666665,9.566666666666666,5.2839677078253544e-15,2.2850904420160716,32.09696651666604,9.087154537713666,,,,,,,,,,,,0.12738499615899498,2.027812824998423,19.22222222222222,-1.766355140186916,20.98857736240914,2.4452662117369073e-14,7.276343211914246,59.16075036535813,25.377298503072083,532.0,39.28710346945476,516.1888340201613,22.719789480102172,93.85443143665972,478336.6709794665,600.1317166798747,7256.682128537455,85.18616160232514,-0.16470481162425218,0.07301864496837367,3.3459119496855347,47.919217586532774,590.0,-57.0,647.0,1.8118839761882555e-13,11.646287966874354,142.8185948414349,605.7095013288135,442.0,38.97468554682349,512.3864436594819,22.635954666403666,-488.9811220741756,460104.6462022923,641.3986223586326,80120.37685670142,283.0554307140236,0.1145896282836859,-0.6058072891450851,2.779874213836478,55.424110708092755,536.0,-189.0,725.0,-1.1191048088221578e-13,6.60859887383193,60.62966421206103,699.7499553411918,1.0
0.7315122249438148,38.18649938708316,572.6457989217819,23.930018782311514,1641.3187373757119,589049.6149479143,0.5559897940207006,0.003673050318567146,0.06060569543010909,0.885582442400627,0.12620963664271967,0.004433407423901908,0.04340799798731814,0.5560659180087059,-0.0003428775859153021,0.5564087955946212,-5.152128723651117e-16,12.561946128404289,159.91702686365963,0.5604864400302648,0.06282056492802204,39.018353034804505,474.2306495162739,21.776837454421013,1174.8569725237692,462401.413510672,0.17061652414297462,0.0037656947451851137,0.0613652568248933,-0.06653579576424955,-0.5618692269623892,-0.0003807306965334671,0.014072635477415385,0.0639851260688999,-0.1569160244982977,0.2209011505671976,-1.2793585635328952e-16,-7.7783260371707845,95.7400622220887,0.18083242007083888,,,,,,,,,,,,0.005533525317064318,0.04349008126770239,0.5401223809646515,0.0,0.5401223809646515,-4.3194614551822497e-16,11.719715092061694,142.74952193058004,0.5580010264499204,,,,,,,,,,,,0.051133744485827484,0.30820500893697456,3.7808566667525603,0.0,3.7808566667525603,-1.0269562977782698e-15,11.254088551387232,134.18839772593344,3.9764315600994804,,,,,,,,,,,,0.595549020283018,2.2919773640758963,26.465996667267923,0.0,26.465996667267923,3.375077994860476e-14,9.365261311200904,101.59208906227678,30.14083438502343,,,,,,,,,,,,-0.1352813022772531,1.6690171975603925,5.059322033898305,-18.714285714285715,23.77360774818402,-8.659739592076221e-15,-8.664291135477667,96.29242408769427,21.312788384270732,,,,,,,,,,,,0.20235104342877203,3.2721881184314596,31.625,-6.0,37.625,-1.850741782050136e-13,7.412943541925281,61.6960207038355,41.72771364936354,532.0,40.76071835649614,554.0840305252233,23.538989581654164,215.3074900915212,552060.003226744,618.1554184872319,20196.842009509215,142.11559382949224,-0.011929160758261398,-0.524669524355175,3.224242424242424,49.22888429233914,597.0,-131.0,728.0,-1.8740564655672642e-13,10.678008431325079,129.73831013003303,633.7112907310394,442.0,40.48290118312783,552.0350396232132,23.495425929810533,-45.35870122679349,542130.3206767865,827.3976455732245,90987.56292915331,301.6414476313779,-0.0551456901976183,-0.3547334329010697,2.6787878787878787,68.35176288465289,763.0,-195.0,958.0,1.5987211554602254e-14,8.644222732072409,94.66236150467037,878.6683105700353,1.0
0.06700541991320912,48.877447462925595,966.1497509095896,31.08294952075156,-6212.839805692867,1412848.1256388116,0.038465690400687244,0.0003222345946448185,0.01795089397898663,0.6111465708395712,-1.139039723348226,0.00036415989083265826,0.003104274558825108,0.02916476711874184,-0.008168847158116445,0.03733361427685829,7.589415207398531e-17,7.048812902220571,56.7983452806812,0.042397175202240164,0.11399430908918459,39.18284179516054,641.3897243681141,25.325673226354994,3603.5355295895515,743890.0664114776,0.07824782742499506,0.0006352720319860537,0.025204603388787012,-0.5523575194467781,-0.7202339578957909,0.0006195342885281769,0.006059159403709215,0.045131259874548836,-0.03606831522565464,0.08119957510020348,-7.32920668600201e-17,2.2423482022183476,28.167671185673765,0.08261895252432376,,,,,,,,,,,,0.002833013389112723,0.01675563271172678,0.22260769037354275,0.0,0.22260769037354275,7.454974138010328e-16,12.623679863312889,165.2044856459304,0.22862342799985655,,,,,,,,,,,,0.041137245197252724,0.2015381322856045,2.671292284482513,0.0,2.671292284482513,5.6968318951078345e-15,12.406695703054995,161.76248474116647,2.767325495685957,,,,,,,,,,,,0.6874766939530477,2.674000416771383,32.05550741379015,0.0,32.05550741379015,2.347011474057581e-13,9.931226613423021,109.79682361496752,37.14492348202655,,,,,,,,,,,,0.14923694862779935,1.9465815035531782,22.666666666666668,-2.392523364485981,25.05919003115265,-2.220446049250313e-16,9.538623054378887,104.02659490100572,26.2654272807964,,,,,,,,,,,,-0.11071465003692314,1.4350507495940754,16.040816326530614,-1.5,17.540816326530614,-1.2906342661267445e-14,8.98665455134462,94.31373825906196,19.3640062529282,532.0,45.83903364385386,697.9633732705499,26.418996447074782,131.29626335159145,879515.7287526049,612.8774278647668,72087.71493560656,268.4915546820916,-0.12213572043954421,-1.3382823209337302,2.891304347826087,49.19436971180911,535.0,-256.0,791.0,-5.1514348342607263e-14,7.045639119000155,82.71922055525461,668.4564308913484,442.0,45.71937663654362,703.6443544280563,26.526295527797625,-118.37841492716555,891119.0380676772,867.5614152033562,92692.82128513212,304.45495772795704,-0.09587481365892199,-1.3500740891685439,2.402173913043478,67.46062616245578,786.0,-116.0,902.0,-1.269206961751479e-12,9.983416061262156,107.88944672904722,915.6604174037448,1.0
0.9443399536366478,36.61797599577439,533.4681040208355,23.096928454251998,2871.155358685635,557994.7002103932,0.77527160139412,0.026573769922433432,0.1630146310072609,-0.6449691607202228,-1.054895204778587,0.005587810376548211,0.06075978987377782,0.7168769036564234,-0.09734335134450194,0.8142202550009253,3.677613769070831e-16,10.415341477796284,116.13887070500749,0.7932104964398632,0.11949085021477046,44.310326217285294,525.1769218582216,22.916738901035234,-927.2620301694081,513042.14127591794,0.32354451835942394,0.0031953188176990464,0.05652715115498964,-2.6867153765274967,7.163505852565777,0.0007070464509749729,0.025190170483323126,0.22625662682465134,-0.2020457964950578,0.42830242331970914,1.3010426069826053e-17,1.6395697005078578,63.94394456738677,0.32760118745053446,,,,,,,,,,,,0.0012954959174920687,0.002214412326239891,0.011136931803688124,0.0,0.011136931803688124,2.38524477946811e-16,1.5450827413084811,1.7164011910507857,0.03315392255849335,,,,,,,,,,,,0.023796430647959544,0.04299042539216406,0.2733825537240507,0.0,0.2733825537240507,4.100886297209172e-15,2.363146231329508,8.074074055715965,0.6349902467172671,,,,,,,,,,,,0.5222534980221242,1.3420596599157197,11.482067256410128,0.0,11.482067256410128,3.4861002973229915e-14,5.565846669585208,37.880998504216265,18.61012534734509,,,,,,,,,,,,-0.0402469801268141,1.0175050879850165,6.552238805970149,-8.119047619047619,14.671286425017769,-4.0523140398818214e-14,-0.7652099968854074,35.20615779513468,13.159345831839365,,,,,,,,,,,,-0.18555256113032484,1.1028710496045815,11.805970149253731,-5.214285714285714,17.020255863539447,1.6042722705833512e-14,7.138601734963971,85.98885727751316,14.45254195408732,532.0,41.7669457601836,572.7822878839663,23.93287044806716,65.22850835974553,598645.3832202562,626.9502840287763,88488.0794514747,297.4694596954025,0.18949983910722903,-1.0058435589559107,3.1479289940828403,53.22194801159383,439.0,-341.0,780.0,9.059419880941277e-14,3.451533722962697,45.62414994083319,693.0945101499506,442.0,41.46958283810283,589.9458183488648,24.28880026573698,543.1163903337388,622941.1327995823,885.6843181511458,109865.0147716158,331.4589186786438,-0.15600480062151195,-0.8241713212631806,2.6153846153846154,72.52871294310579,791.0,-219.0,1010.0,-1.5694112676101213e-12,8.836019574653374,90.81644397221817,943.4860889276534,1.0
2.7690921931979866,40.10494585489996,533.929908410967,23.10692338696277,-417.6319133817537,512888.55765890627,2.8665927190038607,0.005755883224301364,0.0758675373549278,0.18428888213404265,-1.4571373372554106,0.017199330392534084,0.2252953132304844,2.8650897519224667,-0.10378141916982314,2.9688711710922897,-2.6575963651964685e-15,12.66236379870488,160.56461334173093,2.8669951196089087,0.6227335628572652,39.11309554880366,519.7051585383529,22.797042758620094,272.72596530062094,493828.25931736943,0.5995381145323422,0.0005449473827848055,0.023344108095723116,-0.4363527223088643,-0.7164071694557202,0.0038679103283059957,0.04713894684458207,0.5969770164033134,-0.04181108159425173,0.6387880979975651,-4.891920202254596e-16,12.482218532618154,157.55957382542667,0.6001363240362872,,,,,,,,,,,,inf,,inf,0.0,inf,-inf,,,inf,,,,,,,,,,,,inf,,inf,0.0,inf,-inf,,,inf,,,,,,,,,,,,inf,,inf,0.0,inf,-inf,,,inf,,,,,,,,,,,,-inf,,2.6454545454545455,-inf,inf,inf,,,inf,,,,,,,,,,,,-inf,,7.2,-inf,inf,inf,,,inf,532.0,38.95876614164291,518.031494443223,22.760305236161113,608.2716780957438,483276.09811180254,512.4466676541736,76921.33781013307,277.3469628644472,0.08180329732884428,-1.2428942324222672,3.3043478260869565,45.779249344407006,339.0,-327.0,666.0,-3.2596148002994596e-13,1.8097450391342575,43.18869587150247,582.3847525476607,442.0,39.661477881376605,528.5406525105175,22.990012016319554,-21.547983234562828,502212.710603815,872.076546287137,109011.85991589907,330.1694412205634,-0.16842813756828162,-1.017786369691582,2.7453416149068324,73.26157335515887,792.0,-167.0,959.0,1.397104654188297e-12,9.100891314475687,91.74029293260406,930.237604056082,1.0
0.02735246964287162,35.995342452296725,423.3444996839759,20.575337170602477,-259.35140373642633,327011.2342325639,0.0294518827007963,9.468645521447724e-07,0.0009730696543129748,-0.7770489634375333,-0.646270655874417,0.00018994770585327515,0.0024471168152237575,0.02850541755139619,-0.005739468387334066,0.034244885938730256,3.355605723842636e-17,10.81521589887038,126.18319723496255,0.02945373254303444,0.07564918686548866,36.32516415645692,432.222639804459,20.78996488223246,-352.9867599556978,338341.32662055345,0.19547708828722699,0.00619744211984154,0.07872383450926117,-0.33053950221450173,-1.1091771838978386,-0.0005253415754547824,0.01742608944708454,0.10697974418950763,-0.17275701038333902,0.27973675457284664,-1.3595895242968226e-16,-5.253846217032954,76.34387431604921,0.20920807612320283,,,,,,,,,,,,0.004311392401272158,0.04007613758468622,0.47658997051973306,0.0,0.47658997051973306,4.631711680858075e-16,11.735518708536615,138.69837296377005,0.4786236225348334,,,,,,,,,,,,0.0520040474060788,0.4061719013521441,4.765899705197331,0.0,4.765899705197331,-4.413136522884997e-15,11.26624021231912,130.41200524137233,4.862394970551317,,,,,,,,,,,,0.7501585154543567,4.38488610830449,47.65899705197331,0.0,47.65899705197331,-1.0458300891968975e-13,9.440018865948312,96.17831927679862,52.82409413645026,,,,,,,,,,,,0.12520903952951049,3.1431361228835213,33.7,-14.391304347826088,48.09130434782609,-5.256906021600116e-14,8.061526327576804,96.03033725603287,37.352275173920525,,,,,,,,,,,,-0.176839135806855,2.297549843869959,16.829787234042552,-17.08695652173913,33.91674375578168,-1.5265566588595902e-14,-0.8944391588823459,45.79194218610774,27.362584645237504,532.0,35.94214911565397,436.1039710421801,20.88310252434202,656.6545475034665,338856.00668145355,578.6866645539369,86036.9942674396,293.3206338930823,0.2786677525313948,-0.6455870435827111,3.6944444444444446,53.340790855927565,344.0,-331.0,675.0,-4.583000645652646e-13,2.4256953626423767,33.75712766553487,641.6229422332091,442.0,35.72084705311169,430.9101687182513,20.75837586898964,215.910317491974,333746.0298313623,923.6199476208902,151486.8590234511,389.21312802043445,-0.010452854592659976,-0.862583350240029,3.0694444444444446,82.8797365646434,791.0,-393.0,1184.0,-1.1191048088221578e-12,6.25389368187825,64.9241011547182,995.238664843765,1.0
0.30590914586939666,37.96475666176441,723.0987710423217,26.890495924068073,5442.031281165879,933149.3344012938,0.170752673354511,0.0030601886054281158,0.05531897147840075,0.8480532623321421,0.15928540336979088,0.0017480522621108377,0.01352934774901744,0.16054135312444479,-0.005728510906315792,0.16626986403076058,3.5344990823027445e-16,9.996622393131329,111.19966790929647,0.1804641626871105,0.07797428764163855,44.774328493004504,813.5768558024361,28.52326867318043,-3679.098393164209,985235.7234148742,0.11544614904259631,0.002896294960605289,0.05381723664965797,-0.24899746075989604,-0.6031077732474652,-0.0004455673579522204,0.009601011583353592,0.0339285615984235,-0.0976712005118213,0.1315997621102448,-5.811323644522304e-17,-6.412674298631911,63.90866582313241,0.12714614385217649,,,,,,,,,,,,0.702673867782907,9.193389164358546,121.62236636408618,0.0,121.62236636408618,6.372680161348399e-14,13.190753011775053,173.9972898681249,121.62283893732699,,,,,,,,,,,,0.7482212382649922,9.193651327656594,121.62236636408618,0.0,121.62236636408618,1.3700152123874432e-13,13.174801907305875,173.7105562248657,121.67354847101632,,,,,,,,,,,,1.4356545051850835,9.582171736300776,121.62236636408618,0.0,121.62236636408618,-3.126388037344441e-13,11.666495779654898,144.08580547515902,127.80832020391429,,,,,,,,,,,,0.4096222130743473,6.838988899220847,86.0,-23.3,109.3,3.419486915845482e-14,11.137401071363263,142.97054228533707,90.37412990824943,,,,,,,,,,,,-0.11342011464983069,1.7916533377642525,19.636363636363637,-7.7,27.336363636363636,-9.686695889854491e-15,7.673024711545725,87.35822366416447,23.680838880673903,532.0,42.953078096619095,621.351208603059,24.92691735058828,82.23858288189136,691114.5817281371,618.6831196308133,53388.24346089617,231.05896100540264,0.26497784754455894,-0.4228110032201277,3.04,49.78035871993812,551.0,-233.0,784.0,7.638334409421077e-14,7.1569295626324765,87.53911503298717,659.7590469254666,442.0,43.17045086131389,626.5426878946505,25.030834742266396,106.64656793730339,706204.1967331828,864.444460073978,95036.55705660408,308.27999782114324,-0.1806077030272704,-1.2314572688079337,2.525714285714286,69.17834650011378,794.0,-77.0,871.0,6.856737400084967e-13,9.99898423525881,106.46383733547397,915.7532418725035,1.0
0.05757784791787148,43.72994660110935,543.5935561688902,23.315092883557,365.4728035418645,611659.7749485736,0.06348627329199301,0.00023433364682759234,0.015307960243859805,-0.07521417849444317,-1.4716362681047082,0.00032166395484844405,0.004867527000214997,0.04734215614214263,-0.03144225147962558,0.07878440762176821,7.806255641895632e-17,4.791488579195429,65.19321537479577,0.06526511577238679,0.12583875772947814,28.595693374651614,562.86334013281,23.7247410972767,9080.163353328244,750254.641702033,0.07752169866306824,0.0036847342248435304,0.060702011703431466,1.4145846509714264,1.4906752453555006,-0.0007030098197177551,0.007338651642627963,0.018480801085148463,-0.06717085455096398,0.08565165563611245,1.6219664500383146e-16,-5.385243267650352,43.00811745764792,0.09863394700702909,,,,,,,,,,,,0.004311359197383747,0.021322600020662177,0.1862338847569508,0.0,0.1862338847569508,7.632783294297951e-17,7.554088061308797,58.252320808946294,0.29023596258744544,,,,,,,,,,,,0.055199623064301415,0.23057357780676654,2.301235086701782,0.0,2.301235086701782,-1.6237011735142914e-15,7.785234845355696,65.75002272373379,3.163161207414442,,,,,,,,,,,,0.814799565683962,2.877205306631677,29.916056127123163,0.0,29.916056127123163,-2.90878432451791e-14,7.364057780644865,64.14972698880892,39.8962799037354,,,,,,,,,,,,0.1350846901677785,2.110179253252294,21.153846153846153,-10.666666666666666,31.820512820512818,1.815214645262131e-14,4.903653654838761,61.49385880786661,28.210930064047876,,,,,,,,,,,,0.30606605355761424,4.82410546728965,45.666666666666664,-6.076923076923077,51.74358974358974,-5.495603971894525e-14,7.945972414609854,65.807483216275,64.49100137216047,532.0,44.31655011483984,656.9691271167992,25.63140899593308,211.58205843462517,770402.3780508117,474.89703545845384,49606.727061086545,222.7256766991326,0.27980155403931867,-0.26700995611668665,2.9720670391061454,39.09570411291875,312.0,-265.0,577.0,-5.622169396701793e-13,2.7752680569667976,45.86688737430981,524.5741129716563,442.0,44.37089657371385,651.1456576985835,25.517555872351558,261.8238061485373,766974.3003881503,950.0944387939858,156437.9955749886,395.52243371898464,0.20713704815814502,-1.0255095558629572,2.46927374301676,76.70594584856393,792.0,-350.0,1142.0,6.226130722097878e-13,6.908009618215935,70.7159992456216,1026.787222359141,1.0
0.2026427526099671,46.24776440691108,583.263354536858,24.15084583481204,-4771.025625518246,679639.5754008644,0.1887963992293466,0.0028881986597607324,0.05374196367607656,0.13688906426914862,-1.5580879483122412,0.0011646135207469376,0.014866432535419727,0.18188463666505827,-0.0356742157805087,0.21755885244556697,-2.8666305440516737e-16,10.630943708304367,127.53936936521586,0.19670252294015753,0.3368715197517097,30.38208777981448,640.9825125324155,25.317632443267982,10444.456346323423,842430.4146252325,0.1461508757987143,0.00880911155856964,0.09385686740228251,0.9640275571889059,-0.3396282876580344,0.0019360432169638492,0.013162592789908795,0.0960859796093948,-0.022015613112773634,0.11810159272216844,4.0332320816460765e-17,5.4285876483489,33.05407153455717,0.17549463678021213,,,,,,,,,,,,0.00290905943342853,0.01635597334262477,0.2075731840520181,0.0,0.2075731840520181,-1.240327285323417e-16,11.72851953692518,145.1334239052891,0.21723872564989422,,,,,,,,,,,,0.039728242638096205,0.16317415459739548,1.868158656468163,0.0,1.868158656468163,4.98212582300539e-15,9.527209274350422,99.33323705509297,2.1961119271517844,,,,,,,,,,,,0.6307287369737004,2.011481878778651,19.129099238415023,0.0,19.129099238415023,-3.1086244689504383e-15,7.696250030415327,65.33447115535424,27.56634094505809,,,,,,,,,,,,0.04716285551867495,1.489870702178206,13.526315789473685,-11.88888888888889,25.415204678362574,7.202571872255703e-15,1.3218800696545225,62.27282828386382,19.492346614750954,,,,,,,,,,,,0.03447917340305526,3.6913114027082243,47.55555555555556,-1.5454545454545454,49.101010101010104,-3.6415315207705135e-14,12.595518040733698,162.39356778728165,48.272265796860566,532.0,43.877206935957716,628.6072668804443,25.072041537945097,-176.81182726842445,710549.5702721252,514.3804553495719,61912.95405091883,248.82313809394583,0.06297357913948787,-0.3852284757252325,3.057471264367816,42.917819443552766,409.0,-241.0,650.0,-1.7763568394002505e-13,4.968200513892272,58.04253751787634,567.5596884909992,442.0,43.032379180301604,621.0160466427174,24.920193551469808,-78.64277925476908,693938.1601867385,851.0387543380659,89921.56735034542,299.86925042482335,-0.2743735505170817,-1.3163694184848886,2.5402298850574714,68.37965426344715,787.0,-20.0,807.0,-4.556355293061642e-13,10.143690548399551,108.28238977143309,902.6117659326185,1.0
0.0005061073074669876,35.58387937213741,386.9600917997092,19.671301222840068,-479.5881497072867,273469.7539543371,0.0005147327212125501,3.6515774132002714e-09,6.0428283222347726e-05,0.0943504157809254,-0.41929634877094774,3.6150521961927688e-06,4.3659152904252834e-05,0.000511236982843241,-4.134361330225583e-05,0.0005525805961454969,-1.3721933745519665e-19,11.338114059280251,132.2751500418492,0.0005183499135311361,0.015331033317934522,33.83308812706253,352.47020594436447,18.774189887831763,-1730.584451155264,254678.62238237818,0.008429476760296779,1.5930817574133084e-05,0.003991342828439206,0.09014460704906369,-0.8368849786219562,-0.00010950738084238942,0.0007881829003991347,0.0037092159546297625,-0.004197868397607013,0.007907084352236776,-3.69712940817557e-17,-1.3933444994840123,16.73110065906129,0.009415486239790142,,,,,,,,,,,,0.0007522526567283506,0.0023202992253316375,0.01979898987322333,0.0,0.01979898987322333,2.203098814490545e-16,4.875897916177597,32.93113490494026,0.028654054033223072,,,,,,,,,,,,0.011752417585056065,0.03160647829994629,0.1979898987322333,0.0,0.1979898987322333,-1.0026701691145945e-15,2.9826187296483417,9.908118384652509,0.3961290862425474,,,,,,,,,,,,0.22404483183440732,0.591230773874625,4.2642868130739755,0.0,4.2642868130739755,-1.5265566588595902e-14,3.467224126624462,16.050304056124304,7.427347320641255,,,,,,,,,,,,-0.06630306935693674,0.44212991339412394,3.0153061224489797,-1.4,4.41530612244898,2.2565282975506307e-14,1.6780422852251042,18.149343102681037,5.251927656653166,,,,,,,,,,,,0.1630521479262125,3.199332022792887,37.1,-3.676190476190476,40.77619047619048,2.8699265186560297e-14,11.262185921565255,130.48952903455563,37.63241916900342,532.0,34.756724584591815,404.5301706563265,20.112935406258494,54.21446319350565,295265.0877351864,598.6512750185063,5971.765204430744,77.277197182809,-0.42218880905537903,0.26610910850072717,3.8,50.77642872717338,591.0,-19.0,610.0,-4.627409566637652e-13,11.184713010425464,129.40069159802317,602.4748957425529,442.0,35.49024120366876,408.9465782742955,20.22242760586116,1178.7608814117432,293737.04226629576,675.552555485346,113030.4019200755,336.1999433671509,0.296759465827749,-0.4596487665008591,3.157142857142857,62.87507698701027,425.0,-386.0,811.0,1.0755840662568517e-12,2.5894691738521014,34.64282752272325,744.8852260583506,1.0
1.4102672707397583,39.56654405831953,598.1745864914612,24.457607947047094,-630.2712366900727,649295.9152397286,0.8193679650980252,0.1392851337452975,0.37320923587888,-0.3400000902793259,-1.1591578801697575,0.008925742219871888,0.07114574289847228,0.7175939922798308,-0.017568445702647227,0.735162437982478,-1.1449174941446927e-16,8.92918461759161,81.08459794999263,0.9012984665840019,0.0437762158750232,36.54028413254066,466.649949130499,21.60208205545241,877.9373971263159,340564.38060715876,0.182801085980426,0.008126020442290558,0.09014444210427262,0.011007737179184922,-1.2197137576211678,0.00027706465743685565,0.016213286100489284,0.13958034669991606,-0.13194700947270843,0.27152735617262447,1.8431436932253575e-17,0.6680814048571214,61.922957285914734,0.20382760102133804,,,,,,,,,,,,0.010815992819148773,0.10150252562986221,1.257078722109418,0.0,1.257078722109418,-1.9220736113823023e-15,12.148670081343623,149.4324006366318,1.2667443527110425,,,,,,,,,,,,0.08099647823030187,0.6115118309041486,7.542472332656508,0.0,7.542472332656508,-7.771561172376096e-16,11.93650322294897,145.6906903706151,7.654939641728363,,,,,,,,,,,,0.7813641798757691,3.7470421982011644,45.254833995939045,0.0,45.254833995939045,3.9745984281580604e-14,11.033725127886314,130.21176199878354,47.49980740351202,,,,,,,,,,,,-0.24114952949942126,2.695788291533438,4.1,-32.0,36.1,-2.4868995751603507e-14,-10.750423580008498,126.35741210583518,33.58743592007833,,,,,,,,,,,,0.2261821473505993,3.5948040763283857,29.11111111111111,-7.9411764705882355,37.052287581699346,4.8683279629813114e-14,6.646757768723595,47.925071553654654,44.69856044090196,532.0,39.24988042682284,510.80165362248806,22.60092152153288,139.20404217269163,467586.3863242832,610.5391290098606,42495.16182129864,206.1435466399534,0.128685623430909,-0.5873808648595573,3.367088607594937,51.16569687880176,574.0,-192.0,766.0,-1.2647660696529783e-12,8.762463968039219,100.36220621967081,644.533940145901,442.0,39.68498744756274,522.1091956049995,22.849708873528336,32.473101582032065,497208.40567700984,860.6369148826468,105671.84757672327,325.07206520512227,0.2693451574068619,0.07807313092656835,2.7974683544303796,72.36429984685094,786.0,-198.0,984.0,-1.4521717162097048e-12,8.326992762643092,88.54845736247042,910.284570889785,1.0
0.030097554326049693,41.70964588356464,535.1577389835318,23.133476586616457,-1660.4335760540928,514742.3449865992,0.033861091809983264,1.5368346778210076e-05,0.003920248305682955,0.4776921555084381,-1.1593434474147677,0.00018694133121769998,0.0026780970983730614,0.03347459556669595,-0.005417396895001151,0.0388919924616971,-3.913969842672671e-17,11.985569496720528,150.0311502209778,0.034063930070834365,0.11953070851666028,35.20673800030109,637.6273478030138,25.251284082260327,2031.1215270481905,651507.2162829073,0.04474906064684502,0.00043037817974559344,0.020745558072647587,1.407132108496222,1.9620684780283206,0.0007424267609730452,0.0038751843858425058,0.03881476261432919,-0.00674530628579975,0.04556006890012894,-5.854691731421724e-17,6.662286064668504,59.25071672308232,0.05006484290067747,0.8636254056757925,39.356863715415344,534.3689122057507,23.11642083467401,64.97327739415391,513023.83466157195,0.43753300399088885,0.02759360416571961,0.16611322694391198,-0.3170042571165296,-1.3343823514627804,0.005364132954508027,0.03676924069180281,0.3993843856701796,0.0,0.3993843856701796,5.447031714567174e-16,9.501475689191427,93.47886204052,0.4714879726231236,7.773406287051859,38.730281772081774,546.742397554036,23.382523335902736,191.18409644346,534202.0571211565,2.741163095365905,1.3226255298163307,1.150054576885954,-0.3155316703929284,-1.1288028817942823,0.048282026627651284,0.2335483102286924,2.3963063140210776,0.0,2.3963063140210776,-3.0531133177191805e-16,8.726691174426618,79.72953245218187,3.0260586141477943,96.32510223789427,37.46287297884937,566.7040616559276,23.80554686739894,395.2783263840141,565767.4743191515,20.519307320376036,115.54641561685426,10.749251863123046,0.5892423430931328,-0.13875367876729747,0.5982925604838153,1.8199302788351797,14.377837884126466,0.0,14.377837884126466,-4.6629367034256575e-15,5.826370550790258,37.364703651767876,24.30814952743158,7.631214348033039,39.6085966757956,537.2201077445735,23.17800914109263,369.771880027828,518325.79765819927,15.511203051766035,56.328194325234946,7.505211144613784,0.3710204691334638,-0.8805370733272564,-0.04739884688219277,1.3538107154214445,8.25,-10.166666666666666,18.416666666666664,4.690692279041286e-15,-2.5904432708917757,36.51643187407802,17.188457368943443,72.8890696177461,39.919358381404095,523.9789783452185,22.89058711228741,-91.07139841759926,489924.7589854495,66.83416686567267,1012.810629175388,31.824685845666853,-0.3480740021484071,-1.199152569124599,0.452727140482895,5.815796439732972,56.0,-8.848484848484848,64.84848484848484,-3.375077994860476e-14,8.469926706126103,74.45811219280468,74.01743351964204,532.0,39.67566894606979,526.6530540418278,22.948922720725427,176.8566484267281,499564.2113937756,606.4706015415707,11686.596965805546,108.10456496284301,-0.0019532774967553125,-0.5046783022521031,3.3043478260869565,48.39896866082782,594.0,-61.0,655.0,-4.04121180963557e-13,11.38109880364013,139.2054551356365,615.5436621394132,442.0,39.25770900830987,522.3781189783016,22.855592728658376,-28.834089027673723,486266.37633581436,796.0871879214411,132334.06422733198,363.77749274430374,0.2306749087125899,-0.9392159344196701,2.7453416149068324,68.76598894848696,646.0,-292.0,938.0,1.482369782479509e-12,6.149850976363863,56.421334913007065,873.2376537919101,1.0
0.20281577571659007,29.018988130628305,398.70203163032596,19.967524424182532,3647.507981008484,348078.239869513,0.13392652553803316,0.002472285273149098,0.04972208033810631,-0.08792200220523097,-1.4691766568187985,0.001343150832560199,0.011587114111295097,0.13079621177018108,-0.00042846252142401985,0.13122467429160511,-9.107298248878237e-18,10.067311986212431,107.20015181356968,0.14333825520657165,0.1129317287998738,31.14434589799774,411.470398947214,20.284733149519468,2878.6631686223227,347283.3220769104,0.10475318135308988,0.0009784880000697357,0.031280792829941756,-0.028402392259751406,-1.1525607787148369,-0.0007478922437077739,0.00886714546000058,0.0075686800128910185,-0.09802544321908237,0.10559412323197338,1.9060274192295168e-16,-9.63409369062242,100.31891906757699,0.10934819305305477,,,,,,,,,,,,0.004497405003113783,0.03598439567361954,0.4321208107251124,0.0,0.4321208107251124,-4.996003610813204e-16,11.586038658243297,137.44156723114247,0.4396819275480543,,,,,,,,,,,,0.03944725175496348,0.2210221742435946,2.592724864350674,0.0,2.592724864350674,-1.249000902703301e-16,10.764173251272735,122.81682225503108,2.722097062050258,,,,,,,,,,,,0.46412669667652057,1.4984281635739427,15.556349186104045,0.0,15.556349186104045,6.328271240363392e-15,7.616358668787466,71.41756233970247,19.019016303111975,,,,,,,,,,,,-0.08383878693002342,1.1060385769880845,3.346590909090909,-11.0,14.34659090909091,8.049116928532385e-16,-6.6925016024600295,66.1983759808143,13.44847539942798,,,,,,,,,,,,0.24569222627445914,4.005984878818934,34.22222222222222,-7.0,41.22222222222222,-2.070565940925917e-14,7.623326823497575,61.90560091052634,48.66124833323239,532.0,37.24155166613429,462.4581185104783,21.504839420708965,-66.44470625350351,383330.9300069588,598.0393173503221,7800.85490316059,88.32244846674367,-0.2409822195240053,-0.1931933205703209,3.5231788079470197,49.03247125708943,589.0,-66.0,655.0,-1.0098588631990424e-12,11.374677888926916,136.1825502779751,604.0744987168388,442.0,36.85347037075944,468.62721193930156,21.647799240091395,442.4595728187396,401331.25189668377,702.92897286256,84945.85911038658,291.45472909250685,0.29523295768058844,-0.6194662685814385,2.9271523178807946,61.72037985334893,608.0,-213.0,821.0,1.3420375921668892e-12,6.9957078804909765,66.03695870604625,759.2851901624316,1.0
0.2931336688881776,45.14503688030148,700.6881495266034,26.47051471971415,-6411.1531020343145,897465.1137969001,0.1535359117783272,0.0045640063403947035,0.06755742994219588,-0.1947371606019454,-0.7731327487570718,0.0017243156993422212,0.012789879666614079,0.13573015650479436,-0.03460634368813272,0.1703365001929271,-4.705437428587089e-16,7.726832563711459,74.65475036829191,0.16826832354299284,0.2766558354255629,34.19083221403117,631.6046578511798,25.13174601676493,5678.8524683632,670231.0842773055,0.13704700844562095,0.005700138588027297,0.07549926216876095,-0.11971742010673728,-1.574678758558901,0.0016273872672091937,0.01199354245116973,0.1014095736765567,-0.03921657065387251,0.14062614433042922,1.6479873021779667e-17,5.132733646358733,38.941433075092554,0.15780965266336663,,,,,,,,,,,,0.02460706844298657,0.27684541237485705,3.5879121860206307,0.0,3.5879121860206307,-8.743006318923108e-16,12.884125063563639,166.31500801208693,3.5917356053098475,,,,,,,,,,,,0.17083924028855732,1.6640051323495553,21.527473116123783,0.0,21.527473116123783,-4.1272540940440194e-14,12.778642653353106,164.3998135114056,21.61671931924095,,,,,,,,,,,,1.382219561619402,10.075859585449622,129.1648386967427,0.0,129.1648386967427,-4.956035581926699e-13,12.365669273172692,156.66235820528962,131.42827210867037,,,,,,,,,,,,0.6297547423951637,7.163808178304374,91.33333333333333,-3.3636363636363638,94.69696969696969,-3.9745984281580604e-14,12.306387521187357,155.6306428142495,92.93382244767159,,,,,,,,,,,,0.76743364047639,10.543689940612776,132.5,-2.942857142857143,135.44285714285715,2.0672352718520415e-13,11.898932829870112,147.58569281236487,136.61495078030288,532.0,41.944871172818864,589.8185230651352,24.28617967209201,314.1671890907334,623980.5321985023,583.6581736648636,33101.583373019464,181.9384054371684,-0.0009272194233938498,-0.7085829978216934,3.1294117647058823,46.78129043696972,548.0,-158.0,706.0,3.863576125695545e-13,9.423063534626959,110.40903979800268,611.3166119123543,442.0,42.16598701076435,610.7503502701182,24.713363799169837,416.2898837386814,682319.935065133,930.3337325506327,166137.56960781908,407.5997664472087,0.10876957849002036,-0.720109048832805,2.6,77.15045651955974,795.0,-309.0,1104.0,-1.148414696672262e-12,7.383472722780262,73.11533382537658,1006.4899403372098,1.0
0.03487414147779262,33.511307350329716,562.4196923960485,23.715389357884227,3198.5145071378906,548907.0038798748,0.01752996101978529,5.787020009727741e-05,0.007607246551629401,0.4844136364472874,-0.19505479887771385,0.00023563609106616633,0.0015561574743406797,0.010403813019344016,-0.0026761764603392907,0.013079989479683307,4.494018004952416e-17,5.087557340157279,28.651116824103127,0.01914727831701357,0.021933415499363857,33.28995038354768,368.25398280789113,19.189944835978324,180.4574999945316,272032.6280830711,0.05027310617837499,0.000775492171579174,0.027847660073678972,0.5360057094181183,-0.1483710560376248,0.00014819875337408005,0.004723493536516278,0.022188873434897803,-0.032119320202359886,0.05430819363725769,2.7647155398380363e-18,-1.0417639805890238,20.48760290711286,0.057492055110962,,,,,,,,,,,,0.01056651799952308,0.07553051441044431,0.8642416214502248,0.0,0.8642416214502248,2.0816681711721685e-17,10.434127679254004,115.33526447384924,0.9151925627990233,,,,,,,,,,,,0.07861197831689799,0.4511976288567286,5.185449728701348,0.0,5.185449728701348,-1.6237011735142914e-15,10.377805516617554,115.50188432605158,5.495936376323851,,,,,,,,,,,,0.808070689949522,3.159010932133441,31.11269837220809,0.0,31.11269837220809,6.150635556423367e-14,7.767504389609723,66.93926222694493,39.12870144201504,,,,,,,,,,,,-0.13249340588838873,2.3018709025579973,13.790697674418604,-22.0,35.7906976744186,1.1407541578023483e-14,-4.605117654868228,65.49415428813101,27.668170128672678,,,,,,,,,,,,0.6888812361735988,6.081995525221655,50.0,-2.5,52.5,-9.814371537686384e-14,6.609537866135913,44.93958869427841,73.45061386671344,532.0,36.81106532418363,444.6418953058268,21.08653350614621,-21.373651004227632,357921.6161884075,610.4182247885615,23131.239494629997,152.0895772057704,-0.1113848737085411,-0.931844907820651,3.5945945945945947,51.653449930285404,593.0,-132.0,725.0,8.348877145181177e-13,10.0823286387571,115.96908883458853,629.9111048394051,442.0,36.85926670391378,453.85738416595234,21.303928843430555,44.22981356863834,365519.2494725735,812.9915858348319,131382.84352392753,362.4677137676231,0.15334027564920216,-0.8848613579402693,2.9864864864864864,72.71640456637425,661.0,-261.0,922.0,-7.434053372890048e-13,5.627561250164722,50.21605672365601,885.3790148857155,1.0
0.037614711654356016,49.3883751101863,654.8868431230609,25.590756986128035,-5671.650037046931,840624.407996041,0.024549768911137925,0.00013896006970950259,0.011788132579399613,0.138720703267487,-0.6284932696159174,0.0002161765037606668,0.0020417326329210525,0.018987791195930342,-0.00793624783712414,0.02692403903305448,-2.4882439858542327e-17,5.874082486872611,51.57105841191351,0.027082842723201116,0.05458482996049483,36.66670398157209,674.5353815756341,25.971818988581337,5057.7390708208195,817086.1593332782,0.09259540975582115,0.002430469894224285,0.04929979608704568,1.0937188675729437,1.6924717804100278,0.00031370591931318857,0.00794037549538626,0.07066024678423068,-0.040984994737934,0.11164524152216468,-1.448494102440634e-16,3.3914092434827086,41.16960419620132,0.10482245726755493,,,,,,,,,,,,0.002744454254881422,0.014697801793672884,0.18782523875267668,0.0,0.18782523875267668,-3.426078865054194e-16,11.82283923858933,147.7674726761758,0.19609149383998134,,,,,,,,,,,,0.03629228565431326,0.12581895340508298,1.5026019100214134,0.0,1.5026019100214134,1.3322676295501878e-15,9.673757489730171,108.81652693871517,1.7173749485310204,,,,,,,,,,,,0.6173066701916583,1.6828085212575574,13.543814501188487,0.0,13.543814501188487,-4.263256414560601e-14,5.643260047826688,36.18053279785914,23.507889561085456,,,,,,,,,,,,0.10757351398995797,1.2628871530061374,9.576923076923077,-8.5,18.076923076923077,8.604228440844963e-16,1.045253969795152,34.79270275336809,16.622588120027977,,,,,,,,,,,,0.22572429550545547,4.644575407766388,52.0,-4.0,56.0,2.4424906541753444e-14,9.723453385395448,99.98973705781665,60.98492874697545,532.0,43.1302877433683,621.498526710078,24.92987217596749,289.5313191065669,692829.316676742,502.9470708539385,57535.80713783439,239.86622758911767,0.13743091014523814,-0.755601970173457,3.057471264367816,42.152393565023814,339.0,-335.0,674.0,-3.090860900556436e-13,1.0840650081628331,52.222985967420925,557.4890133446578,442.0,43.39420133001212,576.0410642344641,24.000855489637534,-227.97142044077134,633581.1910049188,999.7209449122892,206050.07828069196,453.92739318165405,0.18559822194972478,-0.6201889087033433,2.5402298850574714,82.85658633324061,789.0,-428.0,1217.0,-2.282618538629322e-13,5.690946544790545,57.47922814445222,1093.4669633784094,1.0
0.4500849471540405,30.813516699963756,432.35412379083056,20.793126840156354,3649.275825739,419366.7573746997,0.2592637215291874,0.012758701948968944,0.11295442421157723,-0.2474189673519525,-1.1779806972734712,0.0027277875585093366,0.021949207747329287,0.20563851802187114,-0.01034418148268801,0.21598269950455914,4.614364446098307e-16,8.615736376284513,74.94449525774876,0.28411161546206337,0.05687895034287806,43.35968436312859,544.2528752199923,23.329227917357066,-2463.261683921583,522521.8088174828,0.12804945963575445,0.0017813637820471183,0.042206205492168074,-0.018502831614863307,-0.9865904698160358,-0.00034472091116895807,0.010464328448251254,0.0627646494241048,-0.09745184204109004,0.16021649146519484,1.0733601507606494e-16,-4.145833247897504,54.41800534501654,0.13448964790129278,,,,,,,,,,,,0.006735028063391543,0.04902226218520877,0.6102145983417436,0.0,0.6102145983417436,-2.203098814490545e-16,11.694439053735923,142.65467050352228,0.6317534924490029,,,,,,,,,,,,0.07429685586368616,0.37641988752907485,4.271502188392206,0.0,4.271502188392206,1.2295719997723609e-14,9.46241268104085,98.70378461334792,4.898525144013931,,,,,,,,,,,,0.998912832978875,3.779814471414284,29.900515318745438,0.0,29.900515318745438,1.616484723854228e-13,6.7714947880860965,46.97975079812691,49.914189952868554,,,,,,,,,,,,0.16165579705731004,2.7597607770201944,20.52173913043478,-21.142857142857142,41.66459627329192,-2.7977620220553945e-14,1.1324460291875689,47.48747355555914,35.294662193106795,,,,,,,,,,,,0.3262347951337399,5.603945367615425,62.714285714285715,-1.25,63.964285714285715,1.9761969838327786e-14,9.874101450301454,102.3068626564015,71.66751809877482,532.0,40.92667696733141,558.1404916112757,23.624997176958047,116.58552328025834,554793.9879113542,550.5673473920411,55888.13257105733,236.40671008044026,0.01477602701351688,-0.8199336849036336,3.224242424242424,46.50426523483788,472.0,-208.0,680.0,-1.687538997430238e-14,6.156396402263096,68.0310153465856,598.7921175165885,442.0,41.54831466870495,554.6238958442736,23.550454259828484,-705.6032810433561,555801.8742750987,859.1070726253911,82985.0743503968,288.0713008100543,-0.21247585611983996,-1.2583496962874052,2.6787878787878787,70.32711342988,780.0,-50.0,830.0,1.163513729807164e-13,9.71245220741329,99.46183710570692,904.0232297900315,1.0
1.3537960599191565,45.83970828682921,669.9418694319049,25.8832352968462,-1949.8691833182588,822260.6322535083,1.3272831980886814,0.013678853979024892,0.11695663289880097,-0.31038686939847365,-1.1195647626473018,0.007521089221773089,0.09903825299258018,1.3214465256211456,-0.11945861521975092,1.4409051408408966,1.1188966420050406e-15,13.078170919288072,173.95950994463593,1.3325635523316537,0.22826283607111558,41.89810048372587,660.5879224828535,25.70190503606403,5134.7033973517855,829973.8858819008,0.23014270302963769,0.004777934115730691,0.06912260206134235,-0.08954232965441472,-0.9099948657176373,0.0012681268670617532,0.017861494148381212,0.22023674789298,-0.07631173198629126,0.29654847987927124,1.4181364416110398e-16,9.897066826677621,128.10562878075524,0.24024029931185847,,,,,,,,,,,,0.006069082229721266,0.032521520233285056,0.29217259361527487,0.0,0.29217259361527487,-1.734723475976807e-16,7.483827018697745,58.26497135859898,0.4413818988770668,,,,,,,,,,,,0.0643603689129938,0.3080867166388553,3.506071123383298,0.0,3.506071123383298,-1.3877787807814457e-16,8.958535901090611,91.4717874799547,4.1991217422164615,,,,,,,,,,,,0.842803429102254,3.6770869319307766,42.072853480599576,0.0,42.072853480599576,6.994405055138486e-14,9.311999338309096,96.18574948697307,50.3305960094323,,,,,,,,,,,,0.3093873183451209,2.6495136251373355,29.75,-5.571428571428571,35.32142857142857,6.650235917504688e-14,8.978206748037437,93.00402498412608,35.58910573943017,,,,,,,,,,,,0.3481359335850992,5.884085595696818,66.58333333333333,-4.4,70.98333333333333,6.983302824892235e-14,9.79358430209631,101.35675786409237,78.64077709929936,532.0,44.81169631216379,653.5945513550827,25.56549532778668,-176.30793124578108,762982.5711313975,464.3977516125667,42856.17274163735,207.01732473790048,0.01484859608601909,-0.6907006662645814,2.9555555555555557,37.881661089682716,357.0,-232.0,589.0,4.902744876744691e-13,4.698745528276756,58.58253554159571,509.78034485452656,442.0,44.628970167179055,677.4613045268602,26.02808683954432,300.50809210944755,834287.4010874409,921.1114373455904,163521.1644355853,404.37750238556214,0.12290333795340379,-0.6748617549417139,2.4555555555555557,74.61421686263736,799.0,-290.0,1089.0,-1.0658141036401503e-13,7.800481654063108,79.67037548379244,1001.5967252342631,1.0
0.1456964313817111,52.01742959097731,1207.7983412291974,34.753393233311726,2157.5815991116397,2419065.2659386075,0.07721513660196365,0.0005407484120785795,0.02325399776551506,1.2632104608465167,1.334325017562832,0.0006446744751403142,0.005356174033218854,0.06946820924958037,-0.011632577752027503,0.08110078700160787,1.6089560239684886e-16,10.205786451856675,123.63718597532778,0.08110209881614477,0.07389103159338672,48.23892417655639,1020.5205909900369,31.94558797377248,11741.614398436059,1892033.0524444631,0.09631594300245563,0.001472155904570007,0.03836868390458561,0.5132106419358194,-0.557434212798545,0.00032695146722737465,0.00689543591453301,0.038150123577478975,-0.07116919146253962,0.1093193150400186,1.3617579286417936e-16,-3.5714035966998936,58.252420420148155,0.10377759401343778,,,,,,,,,,,,0.10860494862552564,1.303940468861698,19.11807223208073,0.0,19.11807223208073,-7.396860901565105e-14,14.02439279331962,202.79095533485525,19.626832418153317,,,,,,,,,,,,0.3319545761830261,3.8580889911949368,57.35421669624219,0.0,57.35421669624219,3.3373304120232206e-13,14.493680139015398,213.93972302556872,58.08515312488549,,,,,,,,,,,,1.3906261343441735,11.591327947013598,172.06265008872657,0.0,172.06265008872657,6.656897255652439e-13,14.310111875804001,210.6100488819688,175.11671262237186,,,,,,,,,,,,-0.5504633116238931,8.236707622158614,11.5,-121.66666666666667,133.16666666666669,-6.759037773917953e-13,-14.2193852723711,209.48683966860153,123.82621499437504,,,,,,,,,,,,0.4867061304333109,16.74682082941988,183.66666666666666,-145.5,329.16666666666663,3.859135233597044e-13,3.4659360373290373,91.07189234785443,251.30837713608145,532.0,60.80902975359023,1036.4591331521144,32.19408537530014,-5147.311403821711,1993376.8110172802,748.9636195854398,118910.94786491056,344.8346674348601,0.16418781156187942,-0.8569091445012341,2.353982300884956,54.52772621904519,565.0,-365.0,930.0,2.673417043297377e-13,5.2357772740041195,70.4137619298403,820.4949725622943,442.0,60.58406615083906,1041.0238134754186,32.26490064257782,-6018.3134578663985,2019055.5844125892,1173.6813993636654,260950.07898243846,510.83273092318433,0.2906399759911365,-0.7569278410439483,1.9557522123893805,84.94213432523452,794.0,-586.0,1380.0,1.6853185513809876e-12,3.8328700428200313,53.216976256492586,1277.298712126494,1.0
0.08161176718804727,38.999473200263104,605.2349567815875,24.601523464647215,-350.3045056240575,669717.355207951,0.049071296020108734,0.0002807131624224981,0.016754496782132793,0.10715910730298116,-0.8839658833597246,0.0004857843285002814,0.003992767416808399,0.034878933614880606,-0.00954449693289103,0.044423430547771633,-4.0115480381963664e-18,7.147249749824725,55.53966182269454,0.052133807781853746,0.022460673581126002,39.37929066131731,590.6439879047606,24.303168268864876,-644.6196169710993,557448.4579041624,0.07166930219531316,0.0008108508380114383,0.02847544271844493,0.020641409008165235,-0.8590111473722544,0.00013369448560194048,0.005948172576551076,0.025034393713827395,-0.05396363009651853,0.07899802381034593,-1.7780915628762273e-17,-4.739097024645659,47.23979798829827,0.07711660031584432,,,,,,,,,,,,0.005605513973416353,0.044979738178074075,0.5761610809668165,0.0,0.5761610809668165,-3.0357660829594124e-17,12.432507060082877,157.7435852477555,0.5840063126000657,,,,,,,,,,,,0.046718600793720255,0.17516915792929455,1.7284832429004495,0.0,1.7284832429004495,-3.552713678800501e-15,7.582591452432566,62.81226404360706,2.33578659497473,,,,,,,,,,,,0.6975242035620279,2.005201959617297,18.2079996155536,0.0,18.2079996155536,5.861977570020827e-14,6.73054098399038,52.325611803792064,27.35368778840812,,,,,,,,,,,,-0.026112073821764715,1.5010015377422752,12.875,-11.0,23.875,-2.930988785010413e-14,1.513327877123181,49.37205755672639,19.34197812564304,,,,,,,,,,,,-0.22376759265224896,1.2744945622143469,7.9375,-8.470588235294118,16.408088235294116,-1.021405182655144e-14,1.1060875874803842,28.00604270397506,16.671885972782565,442.0,42.183883779269394,573.0373178776028,23.93819788283159,190.24939454710156,592908.2140746106,648.4659504464305,53938.74444494095,232.24716240449732,-0.43719029218183936,-0.44038333736696994,2.630952380952381,53.112140967396364,593.0,-187.0,780.0,-2.8421709430404007e-13,8.191384239159763,93.33190170053119,689.2561207562832,486.0,41.36943337769017,574.5098589319805,23.968935289911826,-181.73930225572116,590163.4422320172,856.4110667300979,114730.25144888253,338.718543113427,-0.3302108256264152,-0.5227456460518561,2.892857142857143,71.05347045194426,780.0,-144.0,924.0,-3.623767952376511e-13,9.183600720355784,93.26429656573278,921.7212159866996,1.0
5.357804207795566,46.73139529084964,855.4908002384092,29.24877433737026,-434.3779012784682,1178436.7478228419,4.257316184658661,0.6707940718395642,0.819020190129379,-0.14346928669472492,-1.467332211193797,0.028498958552104076,0.31491861789710746,4.174471823947242,-0.06929670056011382,4.243768524507355,-2.248201624865942e-15,12.487879422789133,162.00979775582297,4.3355915615881475,0.2446280025493519,46.88533795709816,496.178560891963,22.27506590095668,197.95170049771517,537905.5219919046,0.5335057879000545,0.03997316398409687,0.1999328987037823,-0.3893011576584636,-1.463522919413877,0.0013012127795178291,0.04153443715670317,0.4990282947885461,-0.26776416640445144,0.7667924611929975,-2.0469737016526324e-16,7.7658310233793975,119.2435259625579,0.5697709131123514,,,,,,,,,,,,0.004723304888463521,0.029647584560487477,0.32809754647055805,0.0,0.32809754647055805,8.569533971325427e-16,9.475648487424044,93.5932674424496,0.40943831227348415,,,,,,,,,,,,0.056069592947162995,0.30391162563256846,3.2809754647055804,0.0,3.2809754647055804,7.292777493006497e-15,9.399503624850478,91.06518967341371,4.214751479424127,,,,,,,,,,,,0.7458385818117916,3.176431457773501,32.809754647055804,0.0,32.809754647055804,1.5487611193520934e-13,8.925688273059546,83.2689923827841,44.4989270799385,,,,,,,,,,,,0.010028124802501604,2.3071400986370576,23.2,-19.636363636363637,42.836363636363636,-5.729791641151394e-15,2.181300926124013,82.43043321628478,31.465493093750204,,,,,,,,,,,,-0.21155481758092076,0.9134034853306836,5.6,-6.818181818181818,12.418181818181818,4.796163466380676e-14,0.7400612446948405,29.791770055362747,12.786923571414828,532.0,47.0800167654142,727.6318658221023,26.974652283618084,-118.75329186375907,950274.0777445914,633.1041648077513,57677.35054563291,240.16109290564305,-0.020486091427074606,-0.9436276920618152,2.8297872340425534,49.10965548297884,574.0,-216.0,790.0,-3.2951419370874646e-13,8.505431739242349,101.71124744387593,674.4746103449706,442.0,46.487442765981086,741.4555930708146,27.229682206570363,150.29747003369215,983278.1894903149,870.6293403814543,91010.8282626985,301.6800097167502,-0.22343835904747733,-1.1628316842284407,2.351063829787234,66.81750430723231,797.0,-75.0,872.0,1.3313794511304877e-12,10.414825349248355,115.42739426844525,916.7224225467598,1.0
0.0007645754771057754,29.132921521960828,282.74598338647365,16.815052286165322,987.2701978317848,170095.01392146616,0.00094828666387515,1.5298575635956e-07,0.0003911339365991655,-0.8446530383963969,-0.6074819707294113,5.38433434581532e-06,8.607567268283677e-05,0.0007818316040916128,-0.00032752471284576613,0.0011093563169373788,-1.0486267887008238e-18,6.61923316312604,58.90803562806379,0.001027714830460934,0.006147630337424439,29.710898824641912,424.46134790792627,20.602459753823723,2273.138618644591,327007.86204756843,0.014215606999971618,4.5126136471819496e-05,0.006717599010942786,0.20346861230885793,-0.7608009204990188,4.329317139031293e-05,0.0013194199772400457,0.007977267000945204,-0.008483589938189358,0.01646085693913456,1.3552527156068805e-17,0.08175878358148848,22.575467208965446,0.01573116522239026,,,,,,,,,,,,0.0030178165905591224,0.01842199270093963,0.1923330444827409,0.0,0.1923330444827409,-4.354155924701786e-16,9.00382134506812,85.97971869142596,0.22087730640942244,,,,,,,,,,,,0.029514444584763457,0.12876054825692002,1.1337083929767786,0.0,1.1337083929767786,-1.0477729794899915e-15,7.3719488708085175,57.50299517091862,1.5630269900803901,,,,,,,,,,,,0.40120393644572905,1.2921591855596417,12.470792322744565,0.0,12.470792322744565,4.107825191113079e-14,6.657125079708466,55.866159738272906,16.00904726466875,,,,,,,,,,,,-0.07460960038058335,0.9538099324571437,3.5176470588235293,-8.818181818181818,12.335828877005348,-1.5404344466674047e-14,-4.996900018499763,52.57152141632126,11.320105881183224,,,,,,,,,,,,0.2878283671157503,4.031670233718519,40.09090909090909,-3.6,43.690909090909095,-1.3766765505351941e-14,8.630209154378832,78.0276503443381,47.82477815872825,532.0,35.23560291073996,412.0343431045632,20.29862909421627,-51.393470751700434,306463.1269649037,610.178891601961,11484.931511008288,107.16777272579797,-0.11614893829406715,-0.32693875906990366,3.7464788732394365,51.81799630555758,598.0,-97.0,695.0,6.883382752675971e-13,10.700326954010107,123.2801071392273,619.0945000563323,442.0,35.1081065177005,411.69620995842996,20.290298419649474,59.92208624919626,302450.08923921455,639.6302857790524,122262.90033110917,349.66112213271464,0.08359979728352096,-1.1348585782046183,3.112676056338028,61.17236080650735,441.0,-316.0,757.0,-4.440892098500626e-13,4.037506617429591,35.731162972948354,729.8958829860599,1.0
5.976988375756184,38.97257387317388,531.9620516388527,23.06430253961417,221.11843838533704,510329.0864413557,5.614051274382031,0.022899387300579173,0.1513254350748055,-0.12004658957490788,0.5838171095208378,0.037356177348476155,0.4427588610183796,5.616282899210066,-0.011746582836879361,5.628029482046946,-2.6645352591003757e-15,12.621696051769183,159.52743045751168,5.620404156234797,0.4689264216416803,40.37819284056182,515.6613695380395,22.70817847248078,-213.1040602436414,487631.1192521905,0.5187420237464795,0.004282978733095669,0.065444470607498,0.1847475024966006,-0.9358202566365271,-0.0029307901352605024,0.04122786503400516,0.04413736051844312,-0.5151243588056488,0.5592617193240919,4.371503159461554e-16,-12.08897177688617,150.61696720929112,0.5228118416530494,,,,,,,,,,,,0.008331532844937593,0.07759038903859063,0.975545466636996,0.0,0.975545466636996,-5.724587470723463e-17,12.383922911535722,154.7251572757582,0.9809025944973183,,,,,,,,,,,,0.06834474527340156,0.4700055676390446,5.853272799821976,0.0,5.853272799821976,-3.0531133177191805e-16,11.95776656813241,146.98053106011815,5.970012192221512,,,,,,,,,,,,0.7443962399612959,2.9705438910978517,35.11963679893186,0.0,35.11963679893186,-8.548717289613705e-14,10.16491661127778,114.93455958047889,38.49369519569608,,,,,,,,,,,,-0.13191502988878256,2.161417777847002,7.363636363636363,-24.833333333333332,32.196969696969695,-1.9234613901630837e-14,-9.228028128436836,109.49934935794974,27.21915290580472,,,,,,,,,,,,0.4556271706990287,5.809467942598367,59.166666666666664,-4.019047619047619,63.18571428571428,-1.2212453270876722e-14,8.737754105507175,80.18486298565809,73.24812076341381,532.0,39.71441781614279,519.9541050116173,22.802502165587384,-16.084633532646325,488711.23836585577,624.5421484274721,29323.804837597487,171.2419482416545,0.0703217360971459,-0.41355124405283694,3.325,51.14043776699595,595.0,-149.0,744.0,5.009326287108706e-13,9.720470775821326,113.39192878803361,648.2468665562526,442.0,39.425820696117235,473.5105895708713,21.760298471548392,-133.90519686025522,418381.3274678726,1021.9335968794381,257686.32356905416,507.6281351235904,0.2761052955033129,-0.2407212950901994,2.7625,90.02183676058812,693.0,-422.0,1115.0,4.884981308350689e-13,3.376023269784996,31.78051400096946,1139.2321975787027,1.0
0.7648409257604027,46.61905238818588,778.8108079157106,27.907182013161247,-2132.8433920571174,1007318.2161841134,0.6589285965425814,0.012399814595579381,0.11135445476306452,0.025577728473942216,-1.185070239721382,0.004179458610712584,0.04926488820495664,0.6497813085798493,-0.05508246153678925,0.7048637701166385,7.788908407135864e-16,12.525108630273323,163.01516242368731,0.6688370252871578,0.2518125512644023,44.33412594567885,557.0646928776285,23.60221796521735,-514.1734300551011,655728.265407039,0.20979958470805682,0.0033771274081157024,0.05811305712243766,-0.41117308739909375,-1.1892093097510303,0.0013760248702972804,0.016048767047808773,0.20007839943064043,-0.07151204855515102,0.27159044798579146,-2.489328188026718e-16,9.989804468864172,131.40736874099602,0.2179002418087851,,,,,,,,,,,,0.008635486565241681,0.06490513219740746,0.7332959212304938,0.0,0.7332959212304938,3.7816971776294395e-16,9.866857260298207,100.7577722686049,0.8809039983417233,,,,,,,,,,,,0.05675186396843361,0.27598481406709263,2.8677108348121094,0.0,2.8677108348121094,-5.967448757360216e-16,8.637596437396295,79.10336982452964,3.7906858073937837,,,,,,,,,,,,0.6203717212643677,1.7734974965239338,17.206265008872656,0.0,17.206265008872656,8.848477506262498e-14,6.567431443195024,52.38559644023478,25.277617651442768,,,,,,,,,,,,-0.008621746589458948,1.3285341120371443,8.6875,-12.166666666666666,20.854166666666664,1.1582748649097141e-14,-2.419539929850314,48.94666578146068,17.87397485357595,,,,,,,,,,,,0.3600494488423953,6.1040938489535455,59.5,-14.72,74.22,-1.056932319443149e-13,8.716188481265156,80.47143448805825,82.26492032064697,532.0,45.22058565896771,684.1405438305223,26.156080437070887,92.85206347850487,842223.8026895475,618.9768912379076,26318.465256312727,162.22966823707904,0.04574054529833065,-0.43514544571718644,2.907103825136612,47.17213106841439,593.0,-125.0,718.0,3.8813396940895473e-13,10.79003842652468,135.24096094635587,639.3434131982592,442.0,44.65848478117236,670.1131078410167,25.886542987448454,128.77332554056298,803765.4798379646,918.8649818808535,174386.24397419798,417.59579017777224,0.20026322635860383,-0.7676130290100509,2.4153005464480874,74.40593273390627,726.0,-368.0,1094.0,1.1501910535116622e-12,6.0134248083135295,59.74012601152203,1007.0749723828907,1.0
0.0005871352269382014,42.4838487313678,558.1846360008446,23.625931431392175,-1867.7311309711483,557085.5624115358,0.0008238712706636973,6.501146858331518e-08,0.0002549734664299703,-0.12384692909219462,-0.12652802693768508,3.6020566069828302e-06,6.734274116208682e-05,0.0005517282673585327,-0.0002733252180692851,0.0008250534854278178,-2.4818065354551e-19,3.8727059504838866,33.73954067238025,0.0008610035973449046,0.004443874659710988,32.9266264738286,534.0801721699944,23.11017464602971,3633.525244394831,537926.4420293475,0.016729316056163,9.319517749898905e-05,0.0096537649390789,1.040179933829755,1.1787035295777593,2.7263034722153314e-05,0.0015082115718073558,0.006198195281250206,-0.009491281621048175,0.015689476902298383,-1.9881557337952938e-17,-1.92422602311548,19.565136198464682,0.019258702012299005,,,,,,,,,,,,0.006172012980812823,0.05828049205213554,0.7267486362195071,0.0,0.7267486362195071,-1.231653667943533e-16,12.121222969943236,149.7202397161218,0.7366709582274473,,,,,,,,,,,,0.04685269998276024,0.3500677679220338,4.360491817317043,0.0,4.360491817317043,5.460909502374989e-15,11.996878001869627,147.66821830571521,4.439519521987383,,,,,,,,,,,,0.5091934414170108,2.281272430200168,26.16295090390226,0.0,26.16295090390226,-2.3314683517128287e-14,9.593439037741641,103.49727492079528,29.380778310463583,,,,,,,,,,,,-0.08806751836309762,1.6504499516786582,7.108433734939759,-18.5,25.60843373493976,1.0380585280245214e-14,-8.29661994005499,100.6228123263016,20.775347579867432,,,,,,,,,,,,0.4880299783507833,6.034984313603682,70.16666666666667,-8.588235294117647,78.75490196078432,-1.5765166949677223e-14,10.197194150831296,114.33558307246906,76.1062087492437,532.0,40.43146848636901,536.5970950209496,23.164565504687317,-243.18811949073805,517566.4284765737,606.1657017174066,15884.463049098422,126.03357905375226,-0.10974649085720535,-0.6058220961971544,3.263803680981595,48.34498067104966,590.0,-111.0,701.0,-1.0480505352461478e-13,11.04101969159754,134.54260459647853,618.6323625546921,442.0,43.63449783930433,521.8561409873921,22.844170831689034,-2148.4240647137995,510040.7303892809,850.32921393264,180511.05509319238,424.86592602042396,0.43665327603619525,-0.3625782201549854,2.7116564417177913,74.22513621221893,438.0,-438.0,876.0,1.4024337247064977e-12,2.2461139931183425,28.172551735760077,948.2752764888475,1.0
0.9591062413706937,37.602561157239386,491.63834886441543,22.17291926798128,-410.67099821960596,423781.7005629149,0.8199338434663375,0.003489034363973472,0.05906804858782345,0.6330134396013841,-0.36282750575714656,0.006351696962719826,0.06667630486497302,0.8186889571040582,-0.028527248298805704,0.8472162054028639,-1.465841337200402e-15,12.09933029702739,147.801476142457,0.8230413880223221,0.2935136301798485,36.13804899599819,551.7780655305955,23.489956694949345,483.9201546461634,470049.7435285475,0.1820447008471931,0.0038563911422808874,0.062099848166327166,-0.23609977895521064,-0.5033494845381341,0.0019437988753632346,0.015600911254440786,0.17506356743591311,-0.032422014536051987,0.2074855819719651,1.9168694409543718e-16,9.324654854072254,101.70210719795121,0.19318950461025797,,,,,,,,,,,,0.007598192979998725,0.04333626382959493,0.41860721446243615,0.0,0.41860721446243615,-1.304512053934559e-15,7.6417719627172,63.081210376494795,0.531621658412593,,,,,,,,,,,,0.05606972343808664,0.24103127260722404,2.093036072312181,0.0,2.093036072312181,-2.831068712794149e-15,6.733817015250461,48.301200155347345,2.990154458571981,,,,,,,,,,,,0.5711829009497057,1.5767437665442288,11.313708498984761,0.0,11.313708498984761,2.0095036745715333e-14,4.828275440104442,26.678282179612093,20.263418726965025,,,,,,,,,,,,0.0051985317457576355,1.18581549201568,8.0,-7.4,15.4,5.866834795753562e-14,0.5367817401143107,26.421254200910575,14.328400791859444,,,,,,,,,,,,0.13822928281691027,3.616402293800134,41.8,-5.7272727272727275,47.527272727272724,1.900701818158268e-13,10.632068366883141,122.03865539647829,43.72906403347456,532.0,37.18621115410725,461.22457422986207,21.476139649151616,72.6629504393123,384344.22538436,599.9199890711345,6888.7667128897465,82.99859464406458,-0.2730294979855861,0.8606354054954177,3.5231788079470197,49.122341451016794,591.0,-43.0,634.0,-1.0098588631990424e-12,11.432213702029738,137.037809516041,605.1760074556822,442.0,37.19120132450043,462.3011000701659,21.501188340883996,-172.25684339610982,383308.2953828089,770.8353410762151,34804.583614581694,186.55986603388655,-0.1126161319751202,-0.9170865709759898,2.9271523178807946,64.32668066621434,748.0,-67.0,815.0,1.397104654188297e-12,10.596504102662042,120.92109541914404,791.2774481811042,1.0
0.11182578169036193,44.069498105219,734.9526275854934,27.11000973045737,-4319.077983615072,940710.0718723717,0.04540112812909235,0.0005352948943559619,0.023136440831639637,0.5934234926522577,-0.08099897654337868,0.000650149893548616,0.0038768792525274006,0.03252221202405571,-0.00820075992735474,0.04072297195141045,1.5590827240341554e-16,5.578364004982588,36.126241224209565,0.05155479290148008,0.08118994691797632,35.44877298999563,572.1726355208398,23.920130340799563,1109.1769567856984,562268.5421148216,0.07897714810824182,0.0026462479248956982,0.05144169442092376,1.0199423591127104,0.42162995223399163,0.0004720345751045133,0.0071867206864997864,0.04250505280502869,-0.04390272018102556,0.08640777298605426,-1.3335686721571705e-17,0.5019185795520856,20.1774243144944,0.0944560458040015,,,,,,,,,,,,0.49623231375647014,6.290486386386671,82.02438661763951,0.0,82.02438661763951,7.51620987671231e-14,12.997177347349506,168.9504767845676,82.03037649080939,,,,,,,,,,,,1.0617892631180565,12.58282075987536,164.04877323527901,0.0,164.04877323527901,1.7608137170554983e-13,12.97494832284808,168.55733480013825,164.15802425327104,,,,,,,,,,,,3.0744476647364105,25.601180046692264,328.09754647055803,0.0,328.09754647055803,1.028954699222595e-12,12.272904942013815,155.41405478959314,335.20661919218475,,,,,,,,,,,,-1.0026675890705898,18.205245997212064,37.083333333333336,-232.0,269.0833333333333,-2.4424906541753444e-15,-12.127298340258571,155.1018143537738,237.02687352941055,,,,,,,,,,,,-0.4513706057091392,6.329523855911659,45.0,-64.5,109.5,1.142419492339286e-13,-4.149040998146979,77.72703083576816,82.49276753508013,532.0,42.409927307008424,610.8753081508615,24.715891813787774,373.2491622023646,678247.5306366542,768.172711795714,139334.9174105588,373.27592664215405,0.3344319193993931,-0.7274675487398226,3.0930232558139537,64.77638241494279,445.0,-464.0,909.0,-2.6290081223123707e-13,0.3160511634443745,35.67649307185562,850.5022045826806,442.0,42.32914575649914,599.7576078562635,24.489949119103198,0.19344386862747934,649214.4685951545,931.2959821050786,177560.16580796003,421.37888628639195,0.24864356195673054,-0.5724611953945156,2.5697674418604652,77.9352803497988,791.0,-247.0,1038.0,8.775202786637237e-13,7.4325895826532,68.81917419453154,1022.6671012602293,1.0
10.641212362830476,36.99034000890352,480.8829251015663,21.929042959088896,311.4957843609714,416561.4504342609,10.267313626317332,0.057641541399341176,0.24008652898349206,-0.027557721855788076,-1.423853733961843,0.06955040760019919,0.8275721998599297,10.269178671951911,-0.004667846734572568,10.273846518686483,-1.4460654895742664e-14,12.357090352629093,152.794118557282,10.272589244795505,0.5879202020295825,35.79612602154858,468.39727615756806,21.642487753434633,1280.9683538273762,405385.2895740574,0.6332544410524965,0.004237787579497686,0.06509829167879666,0.09714838592413509,-1.2704937817816342,-0.0038426156995397544,0.051296924227323015,0.033065081697313245,-0.6294672835789211,0.6625323652762344,-1.240327285323417e-16,-11.9893246608787,146.42111741518698,0.636285659104072,,,,,,,,,,,,0.0032975696145254316,0.017220455239075637,0.19516147160748712,0.0,0.19516147160748712,1.1015494072452725e-16,9.712553548894796,104.45359929334039,0.2147386937665114,,,,,,,,,,,,0.04004874041301422,0.17363540490227028,1.9516147160748711,0.0,1.9516147160748711,1.429412144204889e-15,9.359163695005927,99.3759761128191,2.182423725273501,,,,,,,,,,,,0.5822467953964804,1.9316294004850358,19.516147160748712,0.0,19.516147160748712,3.7636560534792807e-14,7.241435052486385,64.182111808388,24.708915814643632,,,,,,,,,,,,-0.10283291563576177,1.4228587868251956,6.549450549450549,-13.8,20.34945054945055,8.520961713998076e-15,-5.592128275452338,60.42775993689309,17.471841928302037,,,,,,,,,,,,0.09067766232285374,2.2963611004038627,21.7,-3.8684210526315788,25.568421052631578,-1.0602629885170245e-14,6.880282442563409,56.91944308400418,28.14648310684402,532.0,37.71982182584293,472.9085915940921,21.746461587901884,126.10631649562049,404244.19197777554,619.346709218712,24009.877464162604,154.95120994739798,-0.03355296847252663,-0.27063163310717714,3.477124183006536,51.44552102525288,596.0,-138.0,734.0,-3.197442310920451e-14,10.019958489106035,116.39208842482927,637.7977735928529,442.0,37.56438933726236,470.3002051206036,21.686405998242392,-77.59140280713808,397392.99064559897,748.7827155735082,57326.78696362567,239.4301296070018,-0.07077855886570308,-0.5829617007579726,2.888888888888889,63.34690830321476,705.0,-147.0,852.0,-1.2851941733060812e-12,9.174887967531188,100.18556894061724,784.372360553328,1.0
3.853033186193311,42.032579378753816,616.0779110436698,24.82091680505919,328.0603277436966,684021.6975339226,3.7183612973306164,0.00510449510061092,0.07144574935299454,0.033521137502187506,-0.9555942253438624,0.02227186812828503,0.28193556261251135,3.7146986430690934,-0.07875870654008571,3.793457349609179,2.6229018956769323e-15,13.099000745672317,172.02688412942558,3.7198359749552594,0.2952382070011249,45.479229043697394,627.6301257562918,25.05254729077049,-3409.1017590754586,713461.3728681122,0.36333489451814777,0.003795365965421526,0.06160654157978295,0.1708216570335783,-1.2922623788916885,-0.0017065792312203748,0.027937026257180447,0.08155839090765919,-0.35461629429960057,0.43617468520725977,-1.929879867024198e-16,-11.612327063456949,148.9759693505726,0.3681391636822405,,,,,,,,,,,,0.004226469435221251,0.01869823089747726,0.16877445806098665,0.0,0.16877445806098665,-1.9949319973733282e-17,6.894643331383653,49.903639303899084,0.24920931595026166,,,,,,,,,,,,0.051688969225390305,0.18573561664400498,1.5189701225488799,0.0,1.5189701225488799,4.163336342344337e-17,6.688807447752505,46.867389864508326,2.5063200578181037,,,,,,,,,,,,0.7531640802736617,2.1734211317693313,20.304066145499437,0.0,20.304066145499437,4.063416270128073e-14,6.3441997386609925,47.439776752325784,29.902869888762787,,,,,,,,,,,,0.04708837764396958,1.6258199342512845,14.357142857142858,-9.666666666666666,24.023809523809526,2.976785484776201e-15,2.5744691549127663,44.72447664571137,21.144522075283188,,,,,,,,,,,,0.22829723995476625,4.436845282722506,45.111111111111114,-3.1153846153846154,48.22649572649573,1.1102230246251565e-14,8.837042353888567,81.11018571598831,57.75529371449306,532.0,43.12169116521963,602.8373774538294,24.55274684131756,-116.45692287445539,653414.8679211595,544.808745540068,45256.756364452776,212.7363541204295,0.09658348264468342,-0.3905929367233606,3.0751445086705202,44.33816602002815,489.0,-182.0,671.0,1.5365486660812167e-13,7.714165083123077,87.12941291187325,584.5784806165892,442.0,42.741097607778215,622.0125971814585,24.940180375880576,-150.78831759792527,693800.125518732,929.8811150977716,153587.7745752219,391.90276163255334,0.022749224550348723,-0.5137006119782107,2.554913294797688,76.49778901650966,799.0,-324.0,1123.0,-2.602362769721367e-13,7.338767406163565,74.90426980029261,1006.7323378137805,1.0
0.0014673974646332007,35.52503971789854,361.5914597860309,19.01555836114288,-1313.4858908143653,243162.55837614828,0.0017868424578260874,9.441270559108373e-08,0.00030726650580739146,0.5478607860217127,-0.9689586849864855,1.0789687239950001e-05,0.0001550659968814604,0.0017610798415189355,-0.0002895561777616431,0.0020506360192805786,-2.710505431213761e-19,10.6348612892535,120.94713262041303,0.0018127370963773191,3.324766346853459e-06,30.571641755403494,411.4393421383512,20.283967613323366,1316.23496511081,298785.77789786895,0.012598339323538911,2.940707555081718e-05,0.0054228291094978445,-0.027206197043075198,-0.5356696990670211,2.4446811373930463e-08,0.0011706614690417253,0.007915207882471974,-0.005335985810421143,0.013251193692893118,8.332415303373262e-18,1.8883892614137756,21.036335833469824,0.013652141425239302,,,,,,,,,,,,0.000736540092743606,0.0017554574449913153,0.006905339660024878,0.0,0.006905339660024878,7.090682208055199e-17,2.293971871755231,3.98436296362003,0.021788988080464904,,,,,,,,,,,,0.013171927413047157,0.029884022637463592,0.11048543456039805,0.0,0.11048543456039805,-1.9133999940024182e-15,2.077749301745962,2.84150354228605,0.3737895624291869,,,,,,,,,,,,0.28122965488322543,0.6882106240376139,4.793526202694851,0.0,4.793526202694851,2.3925306180672123e-14,3.3481902605134404,14.896328149569987,8.50922097603192,,,,,,,,,,,,-0.022155422102315647,0.5252343554866342,3.38953488372093,-1.25,4.6395348837209305,-1.42559575255774e-14,2.2909592821093296,15.487121584234012,6.016927854766982,,,,,,,,,,,,-0.018720268449411836,1.3450017987808276,13.958333333333334,-3.3333333333333335,17.291666666666668,-1.6306400674181987e-15,8.614351004419948,90.04493801009382,15.395740242672826,532.0,33.75599036493321,376.3403440887954,19.399493397735814,-62.85494004366643,254836.84722009845,590.6139844059483,6747.003777071457,82.14014716976989,-0.21046589381485606,-0.5859264284211458,3.911764705882353,51.022121872921225,583.0,-42.0,625.0,1.0391687510491465e-13,10.883346653260777,123.59053917978031,596.7612587961789,442.0,33.33002394754939,367.2134741012954,19.162814879377596,-21.38317929157595,235206.16441004083,652.0546066141037,107328.76058156154,327.61068447405916,0.2477356015416354,-0.5489727592776856,3.25,62.572164220954654,435.0,-350.0,785.0,0.0,3.209867824956964,33.2795741754652,730.6941904791635,1.0
0.009191209210271258,45.244094482145364,534.8831846601406,23.127541690809696,-2791.611020658769,552333.7936580469,0.012128074511684782,5.432290763882352e-06,0.0023307275181544394,-0.34453223398570887,-1.2934970829305734,5.50371808998279e-05,0.000952806047610561,0.011870126398263623,-0.0031697346871656885,0.015039861085429311,-1.2427667402115095e-17,11.28769039633396,143.6726303730262,0.012333492291020319,0.05839204641319946,34.80099083740405,574.4214449117528,23.96709087293977,3612.875867928636,575857.5868041315,0.02593924538714581,0.00015175836914209495,0.012319024683070286,0.7320267938825337,0.1568337150641638,0.0003496529725341284,0.002215439939491016,0.022665206818697478,-0.005899297412301265,0.028564504230998742,-1.452830911130576e-17,6.714298717121605,63.189318711578856,0.02898416863665206,,,,,,,,,,,,0.005725937084586795,0.039744863286393144,0.41902624070313926,0.0,0.41902624070313926,-1.9949319973733282e-16,9.17527915010144,86.88053463286141,0.5126673420879947,,,,,,,,,,,,0.04453218531727319,0.22309906302989999,2.5141574442188355,0.0,2.5141574442188355,2.2620794126737565e-15,9.279315020300155,96.06950032379979,2.904527175805737,,,,,,,,,,,,0.5714630774341728,1.854858944507987,15.084944665313014,0.0,15.084944665313014,-3.885780586188048e-14,5.816387431921805,38.74579899118119,24.779683123909575,,,,,,,,,,,,0.0766475158495559,1.3702777217630044,10.666666666666666,-4.818181818181818,15.484848484848484,-3.114175584073564e-14,5.0016520770938255,37.51659418368904,17.521881972570313,,,,,,,,,,,,0.27830646906465556,3.5124889483949775,36.27272727272727,-4.89622641509434,41.16895368782161,-2.0095036745715333e-14,8.011016665707713,73.71762501577604,44.98500189886823,532.0,41.41389895863176,571.3268278262353,23.902443971825043,121.71540822620237,586905.4551766308,719.0467535110221,74696.27228935601,273.3061877992447,-0.6407802452087058,-0.4746968140345831,3.18562874251497,59.34680603268674,593.0,-187.0,780.0,7.425171588693047e-13,7.334539423913039,70.2731108924862,768.0338534205378,442.0,40.79071480752678,584.4084134671332,24.174540605089753,365.44974026388184,605629.0267383227,905.2305166777456,182608.16950666695,427.3267713432742,0.15425978607937896,-0.8568636198534987,2.6467065868263475,77.22934798217742,510.0,-519.0,1029.0,8.100187187665142e-13,1.4125792361656733,30.810583748596784,998.6090326048528,1.0
0.0015093987191821233,37.82889895285298,449.8369225889202,21.20935931585205,-817.8202976208619,357018.729711633,0.00118232413460054,2.555475048218995e-07,0.0005055170667958694,-0.20658906264158208,-1.045950072681314,1.0268018497837577e-05,0.00010569465671865147,0.001047433604558562,-0.00012752994983608845,0.0011749635543946504,-1.0842021724855044e-19,8.48905125177723,76.0053229038962,0.0012875125325306888,0.008705276675547848,34.0601761578322,472.9472854314921,21.7473512279425,1869.3425770206459,403129.283680483,0.012445863576770095,3.3899231427719695e-05,0.00582230464916769,0.09727177799675447,-0.8377976561211689,5.921956922141396e-05,0.0011294282653027338,0.0048092033083372565,-0.005082578424308077,0.009891781732645334,-1.805196617188365e-17,0.502396395877348,9.09159861415765,0.013712400558800658,,,,,,,,,,,,0.14135288911698143,1.6497034954482503,19.79898987322333,0.0,19.79898987322333,-1.9262369477246466e-14,11.956696411816345,142.9747716162165,19.79986927957588,,,,,,,,,,,,0.16711508657991545,1.6503820943649279,19.79898987322333,0.0,19.79898987322333,-2.1899149160731213e-14,11.895427629003656,141.9721815775074,19.836619088632666,,,,,,,,,,,,0.5300533193174212,1.883448846349151,19.79898987322333,0.0,19.79898987322333,1.8984813721090177e-14,7.959145010974295,77.22227973896389,23.397693458396095,,,,,,,,,,,,0.06768750259828722,1.381877867634723,14.0,-3.875,17.875,-3.5041414214731503e-14,7.228577789907053,73.08813765797404,16.544667708556002,,,,,,,,,,,,0.3933652478292227,5.205978404854969,42.8,-16.0,58.8,-2.8033131371785203e-14,6.585478606766343,51.05372371316221,62.43191070207839,532.0,36.333964850651824,440.10119950195605,20.97858907319451,-38.6751689314385,347799.2473327025,596.6857552228979,6269.4245825732105,79.17969804547887,-0.25725003165723037,0.6848169224055888,3.619047619047619,49.47607589702119,589.0,-31.0,620.0,3.6504133049675147e-13,11.388689994755937,134.91925137507837,601.4682036483724,442.0,35.58075893877116,423.09949693777924,20.569382512311332,-21.52697649622664,315753.35828150256,746.6737696598104,131494.45978420004,362.6216482564162,0.5771972135233313,-0.1924624525955769,3.006802721088435,68.22975357899855,428.0,-319.0,747.0,2.2470914018413168e-13,2.903969734643893,25.502510787468765,828.0446847845833,1.0
30.795432315155264,38.25546000654356,622.6386401442301,24.952728110253396,3853.504944596268,727210.9864123667,23.377984456893774,20.130983515159333,4.486756458195534,0.27866958739459013,-1.4127251841021748,0.1759738989437443,1.7943133618985028,23.176547141038874,-0.011356072841306306,23.18790321388018,-4.801714581503802e-14,12.289068113137853,156.18248008617647,23.85041444953256,1.720196552834846,42.39349656705679,676.7109180847596,26.013667909096547,286.8453650872722,771531.2103197707,1.5376030231974696,0.03181647559499667,0.17837173429385236,-0.5032619625428323,-1.0509327781740248,-0.009829694587627693,0.11667654625549453,0.18438997151158676,-1.4959705281962508,1.6803604997078376,1.3565537582138631e-15,-11.949918807267432,151.94680844937713,1.5489534805197953,,,,,,,,,,,,0.002595329021928481,0.010540362228471599,0.09930921904664401,0.0,0.09930921904664401,-5.984795992119984e-17,8.542710608152726,75.39770561366151,0.14194991946932142,,,,,,,,,,,,0.041950377059901144,0.15862922212038705,1.4896382856996602,0.0,1.4896382856996602,2.310651670001107e-15,8.403732975431337,73.71217372928383,2.1456570056893405,,,,,,,,,,,,0.7218458809661824,2.450174221567675,22.344574285494904,0.0,22.344574285494904,-4.973799150320701e-14,7.720604105290829,64.4053225698211,33.401721479818065,,,,,,,,,,,,-0.007911303769755183,1.8061409156607808,15.8,-15.133333333333333,30.933333333333334,9.601694439531627e-15,0.6362771394180483,62.39838385713372,23.618583761683716,,,,,,,,,,,,-0.12204008860891077,1.7894104808716842,19.0,-7.066666666666666,26.066666666666666,-1.2295719997723609e-14,7.540500368334166,79.7795810732695,23.45393580062992,532.0,43.23942934801959,623.6860341948793,24.973706857310535,143.92132104914398,700824.9648737571,623.8966290720499,59568.37554287786,244.0663343086831,-0.06294460531482053,-0.9208307363949917,3.04,50.49756542929291,564.0,-227.0,791.0,2.611244553918368e-13,7.939436144608265,91.77688392508652,669.2294076025051,442.0,43.014513994827716,625.2300204241354,25.004599985285417,-29.939701619059065,704073.2580150558,867.582356125248,98363.70591487635,313.6298868329936,-0.1846631920462051,-1.1995915034041806,2.525714285714286,69.53723090282396,790.0,-106.0,896.0,7.425171588693047e-13,9.762603625275684,102.68618899637157,920.4976914691313,1.0
0.2722593072861829,46.793837295082454,711.4552471996337,26.673118437851127,-4247.691634156478,891043.4718162582,0.2142266370834206,0.0021544031488496674,0.046415548567798566,0.0018327285197448186,-1.3473136235421328,0.0015469278823078572,0.016441449364486917,0.20883934406494065,-0.03978447271281136,0.248623816777752,7.41594285980085e-17,11.50008731511209,145.15627325619397,0.21908378940883927,0.12350346890902976,42.35174549684187,583.8317328875253,24.162610225046574,204.2091369340302,634272.599157103,0.10376573238795733,0.0008895065813506949,0.02982459691849489,-0.20255952389593254,-0.5166440910140055,0.000701724255164942,0.008134742680449255,0.08574593401600263,-0.03201280254907392,0.11775873656507654,-1.7867651802561113e-16,6.269853071285241,71.1902179607344,0.10832034043384503,,,,,,,,,,,,0.05354659294644665,0.5090717121489196,6.2791082169365415,0.0,6.2791082169365415,6.536438057480609e-15,11.225567755166013,132.28992513866376,6.752162376335045,,,,,,,,,,,,0.2502026462620332,2.4015791940075877,31.39554108468271,0.0,31.39554108468271,2.3314683517128287e-14,12.688589246607197,164.3730326062867,31.850463326863476,,,,,,,,,,,,1.5343516606610805,11.951764252791667,156.97770542341354,0.0,156.97770542341354,-7.007727731433988e-13,12.768899219532821,166.2330027275733,158.94844842426545,,,,,,,,,,,,0.6233450026392945,8.497699270633523,111.0,-12.0,123.0,-2.360334150353083e-13,12.685611730087096,165.3699572309066,112.39352573987831,,,,,,,,,,,,0.9934890389889518,12.792217539220836,159.6,-22.384615384615383,181.98461538461538,-1.3655743202889425e-13,11.214708148271699,137.3207019644371,169.2490647158596,532.0,43.80455130750251,635.8898010873905,25.216855495628128,88.36045125108437,720093.7953390689,579.1831301174709,29150.65178732872,170.7356195623184,-0.051765257673693596,-0.9131314950950419,3.022727272727273,45.44051488002749,555.0,-120.0,675.0,7.904787935331115e-14,10.214794762815735,124.9073316040414,604.1688505707655,442.0,44.01754781221066,658.7994983125983,25.667089790480695,629.4458465865945,785036.7440030301,963.1612072126981,170320.28437512365,412.698781649672,0.4422521199653198,-0.14734526620257024,2.5113636363636362,77.96028918013066,798.0,-291.0,1089.0,1.2301271112846734e-12,6.591944934914573,66.47144603767248,1034.7965983709068,1.0
5.834686629285558,38.58139760411356,529.6020890706789,23.013085170630184,26.614694019522535,518517.8671988072,4.598175185486873,0.8276256212246755,0.909739314982416,-0.1534341254325359,-1.4596380087081273,0.03740183736721513,0.37342291108041115,4.504407123558466,-0.026559658242069687,4.530966781800536,-9.43689570931383e-16,11.326730537572905,133.36415816821014,4.6873869694618735,0.4962694790603377,39.645690965015284,522.2704830904052,22.853237912611096,-727.7461025430396,536103.5790531025,0.37473093780156747,0.01898943785739157,0.137802169276799,-0.26415139543670146,-1.2901947247348888,-0.0031812146093611396,0.0317864866683234,0.03685515208721103,-0.3427193319823409,0.3795744840695519,7.806255641895632e-18,-9.296389901008562,91.98584510155314,0.3989964089219158,,,,,,,,,,,,0.11480286475461367,1.3586783055701412,16.97056274847714,0.0,16.97056274847714,-9.020562075079397e-15,12.438817099670036,154.81281257641885,16.975685480897027,,,,,,,,,,,,0.15154722575407278,1.3670829380016927,16.97056274847714,0.0,16.97056274847714,-3.83026943495679e-15,12.145893481188024,149.64613111634856,17.124303190390197,,,,,,,,,,,,0.6210245391826501,1.8854701253003257,16.97056274847714,0.0,16.97056274847714,5.284661597215745e-14,6.036406486163164,43.60599646349189,24.714443269238213,,,,,,,,,,,,0.11307150211252857,1.3991245016950946,12.0,-8.0,20.0,1.1574075031717257e-14,3.3331109641191534,41.54615967130065,17.475750428928567,,,,,,,,,,,,-0.041520121411718354,3.5408155886783796,36.0,-20.0,56.0,2.3592239273284576e-16,5.860839336361057,75.84750217072975,44.085829217493774,532.0,38.53695157686863,492.42485919177415,22.190648011984106,158.55387375022633,433849.5319807966,515.0612680373487,13589.044013912273,116.57205502997823,-0.337332532717046,-0.31663049581521935,3.41025641025641,42.25606795977885,505.0,-62.0,567.0,2.0339285811132868e-13,10.827430902383464,128.52500893493354,529.4940981729636,442.0,38.94293876350206,507.93700592730755,22.537457840832616,-67.96784915476249,468235.53162126517,820.058183595195,41962.4729544469,204.84743824233414,-0.08401331194304991,-0.6585904900369677,2.8333333333333335,67.30763980461921,790.0,-105.0,895.0,-1.5187850976872141e-13,10.53260978234279,121.53909439778715,841.4166625400284,1.0
7.051202980695221,38.82695725697639,535.4333465690563,23.139432719257755,451.9591893288342,516292.27388607856,6.635422957723817,0.041511604464744244,0.2037439679223516,0.3431434980939176,-0.8964502992422279,0.04379629180556037,0.5215637056894319,6.635246508055777,-0.004726878283492315,6.639973386339269,-6.841749389252527e-15,12.655149432039918,160.4174280910896,6.641192445428303,0.7168043973529497,39.92168222867784,555.1995374289885,23.562672544280467,-365.92726999656435,556738.33741334,0.5873464483571242,0.0034281760421743662,0.05855062802544791,0.2591447194475085,-0.8203353581667108,0.004452201225794718,0.04637412176434347,0.5838077624660677,-0.027613305598665032,0.6114210680647327,1.1639994523804376e-15,12.243788632324325,153.08651061465136,0.5911272144743711,,,,,,,,,,,,0.0015000278179396291,0.002878414466608574,0.02386485386504598,0.0,0.02386485386504598,-1.487525380650112e-16,3.560471423369419,21.866600718640708,0.04092824420973501,,,,,,,,,,,,0.026801224855323894,0.054223633519087766,0.47729707730091964,0.0,0.47729707730091964,-5.870304242705515e-15,4.31386338754112,29.84859941517315,0.7626944248095144,,,,,,,,,,,,0.5423046518214517,1.3696859038510518,11.778378669478778,0.0,11.778378669478778,-7.749356711883593e-14,5.759908532715701,40.322449145674454,18.57555587013962,,,,,,,,,,,,0.02996809835045128,1.041234276413808,8.32857142857143,-4.333333333333333,12.661904761904761,-1.2108369862318114e-14,4.387268865499971,36.62094504437124,13.134901520085306,,,,,,,,,,,,-0.1469950104430312,1.2059018065726115,9.514285714285714,-5.851851851851852,15.366137566137567,1.787459069646502e-14,4.319637780920486,37.17636142504243,15.31839630412559,532.0,39.80620283450978,521.7256228011232,22.841313946468212,-119.39409542687777,490588.02006912796,608.9275053061127,27676.343281674075,166.3620848681396,0.10913272078243716,-0.7437051480272976,3.3043478260869565,49.59425977080818,583.0,-117.0,700.0,-2.6911806116913795e-13,10.015261021477647,117.21931040281747,630.6758279813806,442.0,39.79196466632393,530.6589459251517,23.03603581185686,-6.343269825410483,507412.763949898,766.3384954316856,105989.8604195003,325.5608398126229,-0.12674391658357562,-0.9134721203405094,2.7453416149068324,65.41594383721063,666.0,-158.0,824.0,1.226574397605873e-12,8.342112361343382,77.59014883372248,830.7659116742815,1.0
1753.4836588365167,41.89693833010361,602.0106999622857,24.53590634075468,80.36047129750439,652235.818057409,1742.8995784989713,54.38504176750445,7.374621466048576,0.018323996945358852,-1.498627123651232,10.314609757861863,133.28639111653507,1743.0066735479502,-0.007739331435748669,1743.0144128793859,6.963318810448982e-13,13.037699005059128,169.9876083300361,1743.0378794867243,10.94896862456343,42.19270303107477,602.6359087019304,24.54864372428608,-148.33669706384077,653916.2513024003,10.937654636274267,0.00897589774507769,0.09474121460630368,0.0724296296589031,-0.9201139741467738,0.06440569779154959,0.8363560963470255,10.936298281768313,-0.10097621395504028,11.037274495723352,-1.1268763699945339e-14,13.035714849326252,169.95311312308218,10.937034988826948,,,,,,,,,,,,0.006953549344421811,0.04868424406007449,0.5761610809668165,0.0,0.5761610809668165,-1.861358289723114e-15,10.41275773229795,115.46130409023392,0.6393182009949906,,,,,,,,,,,,0.056463063403537565,0.27762414779697503,3.1426968052735447,0.0,3.1426968052735447,4.593547764386585e-15,9.532543533027408,98.10918990754688,3.6829999185101325,,,,,,,,,,,,0.7433782620876851,3.043202066707769,37.712361663282536,0.0,37.712361663282536,-1.4943601911454607e-13,10.865922045412795,130.14927259793814,40.72485260908445,,,,,,,,,,,,0.10441542244607127,2.2126776650101743,26.666666666666668,-3.6666666666666665,30.333333333333336,-3.1086244689504383e-15,10.42190775464495,124.10713283347198,28.796819442706276,,,,,,,,,,,,-0.1668214306682467,1.3212490943777893,11.166666666666666,-3.6666666666666665,14.833333333333332,-8.049116928532385e-15,6.522705870595092,54.17965602762055,17.312605999444827,532.0,41.86330108639474,593.9866853807579,24.37184205965478,714.1669908794013,640259.8444336109,639.4951446878132,80141.93639130103,283.0935117435598,0.3263659409612376,-0.4705456896590983,3.1294117647058823,53.25339828654845,511.0,-305.0,816.0,3.2596148002994596e-13,5.277574932720998,61.507863891747576,695.5372024557709,442.0,41.97429086583565,598.7845007572251,24.470073574822475,2.6142136232195967,644757.4109998856,816.1320212997614,199985.22969151862,447.1970814881495,0.03089369712033014,-1.6032385140258003,2.6,71.27976364917578,791.0,-146.0,937.0,-1.0471623568264476e-12,9.315283436455575,95.87008124908996,929.9924730878203,1.0
0.11450661769425875,36.05811323653269,462.1663229216985,21.498053933361003,-800.1054844537348,360400.8098829306,0.06174650073905182,0.0009725704314535893,0.031186061493134867,-0.2706147883699216,-1.042668124553855,0.0007951848450990191,0.005764557384515371,0.04967505312278068,-0.005604494810183135,0.055279547932963816,7.41594285980085e-17,7.731973501545113,61.86904240501302,0.06982973200523826,0.004055496051990744,29.882176055574813,519.3379437674103,22.788987335276886,3731.6074523801917,444150.2978190961,0.07184725621865168,0.0021733457086342933,0.0466191560266195,1.002049778613835,0.7495006850095866,2.81631670277136e-05,0.007105391802155494,0.049479823179865094,-0.054239944903215244,0.10371976808308034,3.05297779244762e-16,-1.0101310969274926,40.389233285769905,0.08526537139402268,,,,,,,,,,,,0.0022092804923599125,0.008980042240992109,0.09166199015381173,0.0,0.09166199015381173,1.0061396160665481e-16,7.933649283054852,72.48236698619662,0.11020043198661858,,,,,,,,,,,,0.027446397400584285,0.07783300101825488,0.5522964208084276,0.0,0.5522964208084276,8.326672684688674e-17,5.056712199001977,29.625832226771546,0.9834642191989204,,,,,,,,,,,,0.4313119105454961,1.043353119115069,7.179853470509559,0.0,7.179853470509559,9.325873406851315e-15,4.124961221571382,21.189297580134426,13.453454156426451,,,,,,,,,,,,-0.03231616437830971,0.7976612772302853,4.72,-5.076923076923077,9.796923076923076,1.3905543383430086e-14,-0.6100859099771225,20.489340370357322,9.513028664391486,,,,,,,,,,,,0.0025207801968951545,1.7764051053630294,18.384615384615383,-2.8333333333333335,21.217948717948715,8.706663862101394e-14,8.428422089224808,82.88352336294295,21.168331211561167,532.0,35.865122856545234,423.93743622552347,20.589741043187587,6.186636161474696,325379.78740117775,602.1202309344858,5367.8108327349055,73.26534537375024,-0.4474424435923152,0.21340951550593246,3.6944444444444446,50.36661120912703,590.0,-66.0,656.0,-8.562039965909207e-13,11.056660163406846,129.04291762546987,606.0231018698875,442.0,35.52640402203226,423.0045457006171,20.567074310669884,-178.39208846895212,320836.5989042089,704.4330582636516,39287.81642531891,198.21154463178706,-0.14414950854914332,-0.9220738373697556,3.0694444444444446,60.91121188274527,675.0,-95.0,770.0,-1.2825296380469808e-12,9.808277529665167,105.12367583275699,731.8620088513954,1.0
0.028447057794695123,41.66438834998621,752.3845228118731,27.429628557672324,1111.8833143760353,988332.9587268917,0.01619599697452356,3.668161002887267e-05,0.006056534490025849,0.1792612717539907,-0.4671772205233552,0.00016071784064799504,0.0012960232702087355,0.010281005096082756,-0.0036531056551367437,0.0139341107512195,-7.968885967768458e-18,5.856342286024375,40.577883130273044,0.017374540506063497,0.06358607235200345,29.684248681511754,665.1247999451504,25.79001357008465,15967.590035160145,1053535.3043801251,0.053972515857740516,0.0020063997729886664,0.04479285403932938,0.8378183045231844,-0.7542468765410685,0.00035924334662148816,0.005257031255253008,0.034063162390261345,-0.03287211283345515,0.06693527522371649,3.111660235033398e-17,1.5359220035111876,27.477793708548123,0.07010336448374947,,,,,,,,,,,,0.0018594135898849361,0.006747998167871462,0.08039989640313513,0.0,0.08039989640313513,4.34114549863196e-16,9.671662173121325,107.6081943614955,0.09259458504725276,,,,,,,,,,,,0.029869068438328723,0.09440522934461389,1.1255985496438918,0.0,1.1255985496438918,-8.673617379884035e-16,9.280204949734415,104.41987947506132,1.3098812927025028,,,,,,,,,,,,0.5590446198684658,1.7850219676753323,16.290652381951613,0.0,16.290652381951613,2.3314683517128287e-14,7.541864467789731,63.41575557949058,24.744615669177307,,,,,,,,,,,,0.07859030699816237,1.3203184160230539,11.51923076923077,-1.9428571428571428,13.462087912087913,1.6014967130217883e-14,7.106960992663605,59.280259584409926,17.497085537530175,,,,,,,,,,,,-0.08598768792267245,1.493913351949341,14.192307692307692,-2.0714285714285716,16.263736263736263,1.4738210651898953e-14,7.07192122063543,58.58579085998305,19.79532577355553,532.0,43.796813342473705,634.3767362542948,25.1868365670303,-107.10377879869196,724078.1721106467,626.3553417747648,31291.26992112674,176.8933857472538,-0.08167250593030606,-0.5056986739037952,3.005649717514124,48.78286922335129,599.0,-136.0,735.0,-1.5543122344752192e-13,10.440523197917381,127.43584494443682,650.2445693737088,442.0,43.69070771077964,641.8740028494491,25.33523244119637,491.59711520982194,742053.7531865389,825.2618307341393,105052.45618788255,324.11796646881913,-0.12276364585682799,-0.8479484396190125,2.4971751412429377,66.45453178136181,738.0,-145.0,883.0,-5.293543381412746e-13,9.265299046338605,94.81031329784285,884.7440307795243,1.0
0.028441792145584507,45.73303199582858,676.3923024404703,26.00754318347795,-4056.9863109659073,778089.8533748867,0.026301427078885446,4.0677941966652964e-05,0.006377926149357091,0.6457996095484451,-0.8606748700118189,0.00016440342280684686,0.002051658336351444,0.02605121282498077,-0.003790813634642116,0.029842026459622886,-3.642919299551295e-17,11.729217086717286,147.99743782981037,0.027071851833912683,0.07630937595126258,32.01450571752855,561.7711913767366,23.701712836348698,7964.224863567128,666574.1958572791,0.07256902913411754,0.0014884953939872942,0.038581023755044325,1.0843683577393917,0.027617337314538117,0.0004410946586778183,0.006230502318576046,0.03937792428785858,-0.03307623665112546,0.07245416093898405,5.616167253474913e-17,1.1192769812801977,20.27750847764402,0.08215457497709637,,,,,,,,,,,,0.0025488602335903207,0.013418085935213491,0.17401455943262692,0.0,0.17401455943262692,-2.42861286636753e-16,12.385255889154738,158.51794987108778,0.17807889311026134,,,,,,,,,,,,0.03470943860029075,0.11312054632180868,1.3921164754610154,0.0,1.3921164754610154,-5.620504062164855e-16,10.3255029944273,122.70924845549746,1.5427801307301083,,,,,,,,,,,,0.5917892705496091,1.345151525210051,11.136931803688123,0.0,11.136931803688123,6.461498003318411e-14,5.165673079983334,34.49454068658675,19.16089816024127,,,,,,,,,,,,0.04304594426735449,1.038253644317426,7.875,-2.7851239669421486,10.660123966942148,-6.05765437811101e-14,4.39484792134114,30.046924799619408,13.548801022731446,,,,,,,,,,,,-0.21578210121171867,0.6218424971494299,4.586206896551724,-1.3884297520661157,5.97463664861784,2.0372592501871623e-14,2.9672385435236337,22.014053200543632,8.582103535785702,532.0,42.9162660085189,601.5252821898167,24.52601235810291,-267.0429303336943,652367.1923383145,641.5376049522561,90308.55957165797,300.5138259242958,0.1302836465213064,-0.8914882639835414,3.0751445086705202,53.70536313631436,498.0,-337.0,835.0,1.8918200339612667e-13,4.4144563190092665,57.41808029345758,707.5408115437582,442.0,42.5869712399235,615.8678457463303,24.816684825865245,-261.8231150636205,678893.717972712,881.3933937028722,108027.33669972439,328.67512333567987,-0.22841537011942148,-0.8847954059191981,2.554913294797688,71.31168775957856,798.0,-168.0,966.0,-3.6148861681795097e-13,9.364535851157578,97.64844264510432,938.5606000679977,1.0
0.23519396840855455,36.200102815292894,558.4839075660764,23.63226412272164,2715.239072962718,563840.4644023135,0.17599989371084604,0.0009192637135407807,0.030319362023973735,0.7387605838758489,-0.9721631373630499,0.0014518146198058922,0.014003025373324372,0.17607448317360885,-0.00048458229965788667,0.17655906547326675,-1.1839487723541708e-16,12.128050858809592,151.0147229281897,0.1791847722826696,0.09881809401072744,37.46298447037894,605.1469189532692,24.599734123629652,2573.9938328592116,611071.5170875626,0.11200408090281117,0.0006364052455809792,0.02522707366265416,0.6334824034872649,-0.11291161518342512,-0.0006099882346341204,0.008997680758416785,0.011860473584354797,-0.10509736801890937,0.11695784160326417,1.960237527853792e-16,-10.07343566917137,114.01373008356606,0.11478464983453894,,,,,,,,,,,,0.006009523118152436,0.04381351625351619,0.5237828008789241,0.0,0.5237828008789241,-9.549652735252323e-16,10.895272242293094,125.66966079365243,0.5558837061720255,,,,,,,,,,,,0.04362999682115401,0.17099085466124034,1.5713484026367723,0.0,1.5713484026367723,1.2073675392798577e-15,7.1580268543911805,54.95700859649976,2.2181859575027634,,,,,,,,,,,,0.5705533084462047,1.6411805937613595,14.48349751809687,0.0,14.48349751809687,4.118927421359331e-14,6.018707109146772,42.47713233180073,21.840392886132136,,,,,,,,,,,,0.05691108300595403,1.227299286315279,10.241379310344827,-5.857142857142857,16.098522167487683,1.3114509478384662e-14,4.346458848550627,39.957039109928715,15.443489913562464,,,,,,,,,,,,0.2140435145174226,4.1336283142717845,47.714285714285715,-6.0,53.714285714285715,-5.2735593669694936e-15,9.985452222608235,111.75708355932902,52.0285136375401,532.0,40.25721955416655,543.3908966499854,23.31074637693923,98.63936072638757,530192.8058452054,608.2439554910408,13785.957275279668,117.41361622605646,-0.025649841180172054,-0.6110437928754765,3.2839506172839505,48.45087484536799,594.0,-78.0,672.0,1.9806378759312793e-13,11.29603758489312,137.77626809427255,618.0938440075261,442.0,39.51258372963985,524.2737369476167,22.89702463089073,59.54654708553039,487980.5073767047,856.6203217099878,163386.36517421855,404.2107929957073,0.3035621483393714,-0.7677362244403263,2.728395061728395,74.40720666438833,659.0,-353.0,1012.0,-1.1146639167236572e-12,5.31190071281614,48.40790922447374,947.6856018743769,1.0
0.001029838712050997,38.333410018858174,464.49794806309166,21.552214458451633,-1854.8294110925692,365606.13104382326,0.0008604062555740885,1.8905823309449947e-07,0.0004348082716491252,0.490620926356774,-0.4736907325386498,6.865591413673311e-06,7.863948674341393e-05,0.0006330860572159148,-0.0002585317736965164,0.0008916178309124312,8.182338270476541e-19,5.678744563143647,42.66382868033625,0.0009667966606836521,0.0014737540039523097,33.61187760930384,473.9543952833634,21.77049368487916,1770.1317983191,382577.54556930385,0.015085321346863424,4.938449329193757e-05,0.007027410141149979,0.32265649957567805,-0.40086166829666836,9.825026693015369e-06,0.0013582066296392488,0.0061650022180380236,-0.007620172933081496,0.01378517515111952,-5.573476792933296e-18,-1.3261899440214382,14.52527275029247,0.016635001262152883,,,,,,,,,,,,0.008253741058767946,0.05324498424933274,0.5761610809668165,0.0,0.5761610809668165,-1.835337437583462e-15,9.237833076144238,92.19460737847993,0.6554895752017568,,,,,,,,,,,,0.06054139187322078,0.2650851475421118,2.2318057781200404,0.0,2.2318057781200404,4.98212582300539e-15,6.358335892623762,43.14896027809542,3.3079356924599845,,,,,,,,,,,,0.7199290951021264,3.12140730229156,31.81980515339464,0.0,31.81980515339464,6.261657858885883e-14,8.03675773657614,72.58201276984778,38.970492098746874,,,,,,,,,,,,0.0042533627332967585,2.26510985016008,22.5,-12.625,35.125,-1.1917550279960665e-14,5.318706751775735,72.23904422393483,27.556299229200686,,,,,,,,,,,,0.6178921521005083,5.680636024871268,47.333333333333336,-5.333333333333333,52.66666666666667,-1.9095836023552692e-14,7.123399279710196,53.248869088132274,69.51553510609354,532.0,37.25946188240594,464.31061408905896,21.547867970847115,124.71020245802897,387735.2727263361,599.3244980433886,15251.426045040345,123.49666410490748,0.10042905641646581,-0.750965670553792,3.546666666666667,49.74181160977355,585.0,-101.0,686.0,-9.094947017729282e-13,10.69991966278697,125.8491982108324,610.7569074517291,442.0,36.89767306378381,463.4584730535043,21.528085680187736,294.32153049599816,375868.3179964858,763.1354469610916,161976.5295914949,402.4630785444733,0.34595854679574095,-0.8276105548706792,2.9466666666666668,70.35526861736963,426.0,-368.0,794.0,7.220890552162018e-13,2.6112107766172206,25.93976352587466,862.427968006604,1.0
0.0005560276530112975,30.971932530897597,356.14333266839117,18.871760189987345,1454.4818950713425,256085.1885677484,0.0004353595051545575,1.8744301977617782e-08,0.00013690983155937992,-1.0118195105439018,-0.0621646228707431,3.915687697262659e-06,3.829167991384828e-05,0.0004080382896082277,-7.828519641883608e-05,0.0004863234860270638,2.456395547037471e-19,8.654129319160546,89.3202116364922,0.0004586775787292509,0.013501783231660475,32.734972558461635,444.97450307836573,21.094418766070937,1434.6879944937148,358483.8830649889,0.0108933366278179,2.3475408364804284e-05,0.004845142760002463,-0.0898977814419765,-0.8417109991698477,-9.508298050465128e-05,0.0009928385744329734,0.003456460127627219,-0.006537613348405336,0.009994073476032555,1.7428549922704484e-17,-2.3526532058814036,18.143451895888997,0.011885168385220761,,,,,,,,,,,,0.0010388594744671588,0.004255283072645811,0.04568834198500607,0.0,0.04568834198500607,-1.6002824065886045e-16,8.738978435479956,89.18504920214812,0.05126960928207816,,,,,,,,,,,,0.015472057984857783,0.05083741538194594,0.5025717618350668,0.0,0.5025717618350668,2.860559011885755e-15,6.8957504584931835,61.61976463551249,0.6219842049420969,,,,,,,,,,,,0.2857017023711155,0.7707883174985619,5.528289380185735,0.0,5.528289380185735,6.561418075534675e-14,4.372560274388037,24.254943896317897,9.621662681616572,,,,,,,,,,,,-0.05544444521727522,0.5786155546298062,3.5176470588235293,-3.909090909090909,7.4267379679144385,1.7943979635504093e-14,-0.5124745108908618,24.10934986162414,6.803542928460618,,,,,,,,,,,,0.13634050354421876,2.834197608068447,32.18181818181818,-3.4622641509433962,35.64408233276158,3.0031532816110484e-14,10.710603728397977,120.85854250277887,33.21179428433224,532.0,35.26504696100985,411.99048565381656,20.29754875973492,-52.802861945053984,305440.13691092154,607.1282046212777,10966.272730808614,104.71997293166483,0.16047491680192,-0.5503739654883517,3.7464788732394365,51.55926941151843,598.0,-68.0,666.0,6.741274205523951e-13,10.896764294507436,125.76285392048939,616.0194802114621,442.0,35.3929726103106,407.16120189533234,20.178235846954816,-20.723220571213133,293043.93002842553,668.9154169696022,108319.48888404525,329.11926240201325,0.2501013307136051,-0.637924698100522,3.112676056338028,62.339834052875894,441.0,-367.0,808.0,-2.4513724383723456e-13,3.067259679348557,35.20851261498706,743.7902930261997,1.0
0.01312613359861834,47.34324865073729,612.0178452297729,24.73899442640652,-4062.1863268409675,751452.6959515609,0.01278114706180014,4.5136713170330675e-05,0.0067183862028265895,0.1388007774791999,-0.8792647394512697,7.766942957762334e-05,0.0011074271544653737,0.009978071729398593,-0.004196484799670282,0.014174556529068875,-8.131516293641283e-20,7.163233585602246,65.02223466572798,0.01443191733009696,0.1021464950413637,31.122937355241834,691.0623145810792,26.288064108661164,11147.807362284091,978110.2547315215,0.03164030265689086,0.0004966395782634769,0.022285411781330783,1.2859663625841737,0.987088030677745,0.0006044171304222701,0.002968160343447903,0.024630158139920203,-0.005175883589442607,0.02980604172936281,2.6020852139652106e-18,5.403872269356172,35.41854486685542,0.039377976150914866,,,,,,,,,,,,0.008438363404478098,0.06398987534770254,0.7856742013183862,0.0,0.7856742013183862,-2.418204525511669e-15,11.184055429134311,133.52920576495367,0.8290809191227898,,,,,,,,,,,,0.048558373913415546,0.22923007348715652,2.3570226039551585,0.0,2.3570226039551585,-3.2612801348363973e-16,7.924510345412115,69.90744607252715,3.009853231343177,,,,,,,,,,,,0.46009877515498815,1.251808670849758,9.293403409880339,0.0,9.293403409880339,-2.275957200481571e-15,4.637045046643796,25.22115137144617,17.131494744089615,,,,,,,,,,,,-0.02133856148008125,0.9428163031316539,5.0,-6.571428571428571,11.571428571428571,2.3168966745146236e-14,-1.665751509493421,24.83107967258654,12.113796105407463,,,,,,,,,,,,0.36653647912875154,4.966310492505041,52.285714285714285,-4.333333333333333,56.61904761904762,3.1308289294429414e-14,8.918896404880893,84.66157183062698,63.96692245412573,532.0,41.64812558388074,577.7792875087802,24.03703990737587,151.6601913169391,602753.3017106485,604.0997425759117,6633.441495907654,81.44594216968488,-0.23514934342940513,-0.18900729303005978,3.1479289940828403,46.75071127359098,596.0,-46.0,642.0,1.4033219031261979e-13,12.171706764928786,154.62240433874473,609.1354529166728,442.0,41.42865875707982,581.8137578932447,24.120815862927287,-317.92991764916127,596740.138836894,733.9487471095506,121183.760425845,348.11457945027956,0.13665610628551578,-0.6437755221592282,2.6153846153846154,62.301044279716564,602.0,-249.0,851.0,-1.596056620201125e-12,6.397361262689243,59.32099087298632,810.6269178851637,1.0
0.005414034577753448,37.813833889814305,400.9235296702905,20.023074930446885,-504.34811375259306,300456.38728635455,0.004648124938793672,3.997837225732799e-06,0.0019994592333260506,-0.02974348640240548,-0.8154170557736747,3.708242861474965e-05,0.000418281906225206,0.003935689219349672,-0.0008538926281839609,0.004789581847533633,-2.913793338554793e-18,7.244299078206685,61.67772100603341,0.005073942205007317,0.06670476070308981,28.156210474602545,464.11218473727,21.543263093999247,4836.335288874399,433396.02997374086,0.022436051907900607,0.0001827256736273973,0.013517606061259416,1.070854061084846,1.1778823029407803,0.0004568819226239028,0.0021673530334841463,0.011767457538765246,-0.006145856025964604,0.01791331356472985,2.0708261494473135e-17,2.874247821828447,11.578347456810652,0.026763770257460403,,,,,,,,,,,,0.17215538749346346,2.00322098003443,24.041630560342615,0.0,24.041630560342615,2.348121697082206e-14,11.955750142157505,142.95943116040704,24.043336778365862,,,,,,,,,,,,0.20713234675947217,2.007362928452872,24.041630560342615,0.0,24.041630560342615,-1.6819878823071122e-14,11.83337620462501,140.91423727877364,24.13202420417602,,,,,,,,,,,,0.6701513306549959,2.470179842552397,24.041630560342615,0.0,24.041630560342615,7.704947790898586e-14,7.213895135054104,60.598440020428555,30.606820322534485,,,,,,,,,,,,0.043693496622870615,1.8092917146271061,17.0,-9.142857142857142,26.142857142857142,7.466249840604178e-15,5.1182002611389255,59.09453686087589,21.64229020062237,,,,,,,,,,,,0.10242021181852166,5.383217321885755,50.857142857142854,-27.428571428571427,78.28571428571428,1.9456658506555868e-14,5.188151541374267,61.15571568889976,64.38556643165369,532.0,36.223564006276305,431.0751574397267,20.762349516365596,21.036011602519253,333186.4277369232,593.1893285180975,11244.530121289745,106.04022878742644,-0.06592683028877117,-0.6140455223590724,3.643835616438356,49.79103452966826,587.0,-64.0,651.0,-5.089262344881718e-13,11.117824532155195,130.57439142716512,603.2362721189766,442.0,36.419297195743574,447.22595249049556,21.147717429795954,-44.59819239706472,363092.8779493007,653.889629681153,87699.5028803763,296.14101857118055,0.1179393772894249,-0.5734079623413805,3.0273972602739727,59.1705157516953,525.0,-192.0,717.0,5.417888360170764e-14,6.123652473313611,50.608095686378746,715.8952437333272,1.0
0.02289790182457876,38.12757861473318,532.5982717603553,23.078090730395253,-1337.210045293036,445531.4182874126,0.021159076687609378,3.516696057934783e-05,0.005930173739389751,0.27831026015750304,-0.767528785373449,0.0001568349440039641,0.00180477394343489,0.020267344054696233,-0.002908886406383759,0.023176230461079993,2.1575623232461538e-17,10.001761454844434,108.27374138047163,0.021889351366317138,0.0857510062806777,27.04098957819414,498.6748244581978,22.331028289315245,7131.309219668456,521174.77924965386,0.046181017348075594,0.0007971253651065328,0.02823340866963344,0.8894608423786224,0.2476510631880592,0.0005873356594566964,0.004464679366490158,0.03424110731570335,-0.012458510811593477,0.04669961812729683,-1.0278236595162582e-16,5.135303889415044,35.062416362312206,0.05441172165329006,,,,,,,,,,,,0.004924887218077788,0.04483903590778609,0.5401223809646515,0.0,0.5401223809646515,-2.688821387764051e-17,11.932887058292666,142.90680964551265,0.5413042456475589,,,,,,,,,,,,0.04654507865768255,0.3158627820385925,3.7808566667525603,0.0,3.7808566667525603,-4.3576253716537394e-15,11.603635610395584,137.44740757981037,3.8312852628217273,,,,,,,,,,,,0.6157014143256659,2.679232796069917,26.465996667267923,0.0,26.465996667267923,-1.4654943925052066e-14,8.1311106751531,71.0867488987531,32.98881979440989,,,,,,,,,,,,-0.05092174684661249,1.9432177642425164,12.48936170212766,-18.714285714285715,31.203647416413375,1.2601031329495527e-14,-4.300505667865476,70.67900040158175,23.326618179968243,,,,,,,,,,,,0.34430383967817574,5.306090828560869,59.714285714285715,-11.567567567567568,71.28185328185329,-1.1213252548714081e-14,9.913455620996423,110.24024872243389,63.80699712534287,532.0,36.25499690635317,433.3427648918475,20.816886532136536,-99.94898268601496,339313.0094686431,606.8329973249341,21872.069522020196,147.89208742194492,-0.019825247428066097,-0.7615593835498222,3.643835616438356,51.5897594869193,587.0,-131.0,718.0,-5.835332217429823e-13,9.958105762688385,113.39304393607806,624.914394137309,442.0,39.832349650970464,438.98449185024936,20.951956754686407,-1955.5917148650515,353813.5332441092,813.4749002939955,178947.21672866054,423.02153222816037,0.4709915834305738,-0.31420846413587333,3.0273972602739727,75.36304326714792,436.0,-428.0,864.0,1.1102230246251565e-13,2.3749600790885035,26.898691213304744,911.3495487462536,1.0
0.3281425376744267,41.4725784927815,575.5034487156768,23.989652951130342,-1520.2924157043533,581464.1308519704,0.3096738771123683,0.0009981279255028741,0.031593162638502564,-0.2148453133688936,-1.224095345549417,0.0020255712202125096,0.024356235150779778,0.307849803644678,-0.028604420235341908,0.33645422388001994,7.719519468096792e-17,12.331652467158925,155.2510297290341,0.3110744588954451,0.12874157858715646,37.78183332430273,650.2597236811783,25.500190659702493,2775.314390182863,656463.8950872436,0.18383257532566907,0.0034824364157465793,0.059012171759278434,-0.10596328196324638,-0.8548022035375167,-0.0007947011023898548,0.01511516082505634,0.03307000169129151,-0.1745066202778579,0.20757662196914942,1.1861171766991419e-16,-9.762301427024768,109.91034698210295,0.19265030789161022,,,,,,,,,,,,0.0015094505323034108,0.0023372850819071206,0.007542472332656507,0.0,0.007542472332656507,2.914335439641036e-16,1.0774492861338116,-0.5133162129580118,0.03497330566653815,,,,,,,,,,,,0.027298120747146024,0.045367345399228376,0.32360361990252123,0.0,0.32360361990252123,-3.3410774147313305e-15,2.329175948907891,10.00343410769043,0.6655333058036884,,,,,,,,,,,,0.5827134330456263,1.4257469783739345,14.238559275710934,0.0,14.238559275710934,6.628031457012185e-14,6.581575896043158,56.467416828461936,19.360394723256245,,,,,,,,,,,,0.0404784107884361,1.0883548106923402,10.068181818181818,-3.4329896907216493,13.501171508903468,-1.4474532683550478e-14,5.507790961801642,48.804965140229,13.689866395262744,,,,,,,,,,,,-0.13925930997670063,1.5312142599902387,18.0,-1.6391752577319587,19.63917525773196,1.0380585280245214e-14,10.611324136691012,125.712797644665,19.32650050927997,532.0,40.068383928883584,541.7051743233852,23.274560668751306,59.557253112760236,516179.3351481299,592.6624709651855,90046.75106499657,300.0779083254823,0.28260201996493634,-0.6533112490550057,3.2839506172839505,52.1923637023374,443.0,-333.0,776.0,1.8918200339612667e-13,3.6205975385806326,49.83393532264767,665.6140022565631,442.0,40.11013727656442,527.7535227722805,22.972886687838784,-28.502753703722014,511878.1513313707,872.2464815127329,102086.96437754718,319.5105074603137,-0.10306002181600948,-1.0509699110509847,2.728395061728395,72.72169380092855,792.0,-159.0,951.0,-1.0222933610748441e-12,9.198991209094702,93.339052216627,926.2472672024463,1.0
0.001083293414099675,38.57910074962599,474.8669918235842,21.791443087220824,-1380.7224180554938,376848.0388255331,0.0009937791700149552,1.7146005035892783e-07,0.0004140773482804002,0.06270761646782273,-0.5421618735129335,7.419817904792296e-06,8.833457708539696e-05,0.0008749684069065233,-0.0001588150150442928,0.001033783421950816,1.1519648082658485e-19,7.975392871577603,72.09658842934067,0.0010711094604021808,0.025267888682951732,33.532879298463264,496.0613111055016,22.272433883738472,1514.6327882070882,404182.1223492529,0.016755079931338554,9.320640620397344e-05,0.00965434649284836,0.44381193095714805,-0.4801809219451424,-0.00017306773070514881,0.001600330765160314,0.004437425517229416,-0.00979378196278273,0.014231207480012146,-2.293087594806842e-17,-2.7970166015376776,15.736488634342233,0.019449617107032812,,,,,,,,,,,,0.006393179769359384,0.04282739173232024,0.4525483399593904,0.0,0.4525483399593904,2.1684043449710089e-16,9.038565262068113,87.54974181950378,0.5178159199101974,,,,,,,,,,,,0.050050561525017856,0.2584345590045959,2.262741699796952,0.0,2.262741699796952,1.519617764955683e-15,7.751768714890949,61.652152390661314,3.147851273416893,,,,,,,,,,,,0.5666617460293041,2.057277912715031,18.384776310850235,0.0,18.384776310850235,1.7319479184152442e-14,6.479326211467538,47.38800164822523,25.51764499462692,,,,,,,,,,,,-0.11123857111681011,1.504784021903124,7.544303797468355,-13.0,20.544303797468356,-9.18709552877317e-15,-4.498309490225332,46.41132277215573,18.043699815611657,,,,,,,,,,,,0.8017288786031265,7.885799984157698,81.6,-5.377358490566038,86.97735849056603,1.9095836023552692e-14,8.78397956346543,83.25172985489723,94.78655660822723,532.0,36.40832974807291,436.3531516278455,20.889067753919644,-78.16014514061054,343761.459321893,613.1291050715834,19293.68681548921,138.90171638784457,-0.2567394675971881,-0.7410600532556159,3.643835616438356,51.91045236501118,596.0,-117.0,713.0,-4.840572387365683e-13,10.24804394811261,117.4817493097126,628.7797706669642,442.0,38.81128148386254,389.77045264761085,19.742605011690095,-1095.0425171700363,296888.17513777694,940.7043206360757,303990.83319141367,551.353637143543,0.5370593909342442,-0.3834578723007215,3.0273972602739727,90.17129400806417,438.0,-420.0,858.0,1.1191048088221578e-13,1.2042003945059756,16.977932000023063,1090.1577867446529,1.0
0.044571360195000784,45.68465767161456,694.5830397788008,26.35494336512224,-2609.8817149812567,820965.1518029774,0.042896551013185465,5.260334105645097e-05,0.007252816077666038,0.8257137329769566,-0.5527558815147012,0.0002546934868285759,0.003279287293398206,0.042182455232742486,-0.005784865396863651,0.04796732062960614,5.2475385148298415e-17,12.092558273533124,154.38125839718194,0.043511537973889985,0.1238038105755351,32.61786650515223,617.9915013495236,24.859434855795165,8338.25847608754,803044.6162907361,0.07562973856070596,0.0017738505265887693,0.04211710491699031,1.1022945443699856,0.37419221922578105,0.0007074503461459149,0.0065250666963010745,0.04965394179516349,-0.026377948451147895,0.07603189024631138,-4.90059381963448e-17,3.388447603730274,25.69491254121133,0.08682437297269653,,,,,,,,,,,,0.001137027273928979,0.0020424771332904477,0.006905339660024878,0.0,0.006905339660024878,3.3219954564955856e-16,1.4416039648279102,0.49049611933980763,0.030746806144206017,,,,,,,,,,,,0.019696031019899113,0.034326035878164005,0.12221598687174896,0.0,0.12221598687174896,1.9845236565174673e-15,1.3857945360497013,0.3578209156813461,0.5205327993786074,,,,,,,,,,,,0.40137326756271413,0.7734280166035178,4.738344410012948,0.0,4.738344410012948,-3.808064974464287e-14,2.6956041935750514,9.869920063313458,11.461126107113175,,,,,,,,,,,,0.013832546089364078,0.6159986680661714,3.1792452830188678,-3.350515463917526,6.529760746936393,-3.342812138207307e-14,0.27462138738845254,9.575679875989394,8.104239990373904,,,,,,,,,,,,-0.1852364775065393,0.5770332986762852,4.649122807017544,-1.3711340206185567,6.0202568276361,-2.6367796834847468e-14,3.250896277287714,29.032480003420176,7.971162813905236,532.0,43.369792906397436,615.7731614162101,24.814777077705333,251.16748603836098,693891.5007441883,540.2447549439348,68831.44383602755,262.35747337559786,0.3011147659025452,-0.8369489014895544,3.04,45.26965050829157,337.0,-325.0,662.0,2.753353101070388e-13,2.4976675871209224,47.97290457785859,600.2099632628568,442.0,44.01940273077948,627.6823714741928,25.053589991739564,-846.8127675842281,710896.7541087796,866.3660965747357,95580.68325758015,309.1612576918074,-0.14425660745890198,-1.1190296576563996,2.525714285714286,69.33709105463231,795.0,-133.0,928.0,8.562039965909207e-13,9.880006583531143,105.64739344327513,917.8518398957426,1.0
0.00037892337472036143,37.78650782834969,401.5607883587293,20.038981719606646,-458.1642443631278,315941.0629729354,0.0008079266945606254,6.40860653496091e-08,0.00025315225724770673,-0.6253051877319988,-0.1285315169758686,2.3982492070908956e-06,6.731032953005237e-05,0.0007526489793796461,-0.00030404269212776236,0.0010566916715074085,5.590417451878382e-19,8.2623901796874,100.75420634210226,0.0008466145909392078,0.0031970961813836433,32.58516932714144,534.2841396831027,23.11458716229002,4037.661213679491,520235.801145882,0.012768383981205285,4.3538220412154296e-05,0.006598349824930041,0.20298031091523475,-0.9837118429396458,2.023478595812433e-05,0.0011427748762880227,0.005791141151131803,-0.007377184262285537,0.01316832541341734,-6.8575787409708155e-18,-0.020547541102640045,19.257410044115943,0.014366709107557777,,,,,,,,,,,,0.0012458199446836163,0.0048777177680984505,0.04971844555217912,0.0,0.04971844555217912,-1.7477339020466331e-16,7.524001132621343,67.09897867087966,0.06267655609371166,,,,,,,,,,,,0.01732538390794139,0.050670661975141404,0.397747564417433,0.0,0.397747564417433,3.7470027081099033e-16,4.774656796697209,27.929632608494142,0.6667017034973517,,,,,,,,,,,,0.30281327419875154,0.7686421114230919,5.14808229717523,0.0,5.14808229717523,1.7430501486614958e-14,3.495033227477577,14.904138860165277,10.285354590144548,,,,,,,,,,,,-0.00623125738419233,0.5841356509179811,3.6402439024390243,-2.1818181818181817,5.822062084257206,-2.743118232562125e-14,2.3044086743863055,15.467139870034407,7.272843977599393,,,,,,,,,,,,-0.0593216106746444,2.882109915609464,27.818181818181817,-21.333333333333332,49.15151515151515,-2.0941581801992015e-14,3.3097258528326132,75.14475788252298,35.88957893271888,532.0,39.131761934609,513.1502585141676,22.652820100688736,-5.363686456982032,472356.35471390653,607.7583747334035,9988.973131285324,99.94485044906178,-0.3359056593405743,-0.48535876149488905,3.367088607594937,48.875371659097816,597.0,-84.0,681.0,-1.1368683772161603e-12,11.433992171670969,139.2432997312218,615.81003564411,442.0,38.84452330420902,500.6015788284555,22.374127442840212,115.17889448707629,443064.54612888733,657.105091196731,107600.26621194348,328.02479511760004,0.2890600458744532,-0.6925442389290478,2.7974683544303796,58.412409758919715,435.0,-320.0,755.0,-1.3100631690576847e-12,4.202503019650766,39.46790531315399,735.0741459199882,1.0
1.0330317135273026,37.58590397390292,746.5486142186303,27.323041818557286,7711.83400863152,980477.7852880991,0.6410414434429174,0.051009188395112544,0.2258521383452292,0.26303277935337854,-1.1543038485818575,0.005836337364561029,0.05094216679568245,0.6100637146360743,-0.033253777750682695,0.6433174923867571,1.6982942829812941e-15,10.272560798760766,115.18603373528012,0.6821748990735176,0.31546295725045603,45.89229878922151,839.5339180163411,28.97471169858884,-4219.988365182306,1060241.1023805377,0.22083568332067036,0.007505140467585354,0.08663221379824801,-0.11127196986992288,-1.4716009815471585,0.001782276594635345,0.01778014030398853,0.19595238405151846,-0.052269751022554954,0.24822213507407342,2.5457067009959644e-16,8.335682748402341,86.22067923193407,0.23773483577045743,,,,,,,,,,,,0.0024268359111891406,0.010339229381213491,0.12780300341445747,0.0,0.12780300341445747,2.5717275531356165e-16,10.822547286817782,127.88936178560478,0.13928295602404447,,,,,,,,,,,,0.041267980553101685,0.16336590999493322,1.9170450512168622,0.0,1.9170450512168622,1.1032841307212493e-15,9.777018421992372,105.89260166186648,2.2098263017697723,,,,,,,,,,,,0.7483390000710458,2.7830393748875477,28.75567576825293,0.0,28.75567576825293,-2.942091015256665e-14,8.068040364627759,71.53108667359471,37.79570002588539,,,,,,,,,,,,0.09184812796249325,2.035736631293618,20.333333333333332,-13.571428571428571,33.904761904761905,1.27675647831893e-15,4.398862495726181,69.38276093350787,26.725595787996124,,,,,,,,,,,,-0.15261679609328105,1.368627532798404,15.96,-1.7619047619047619,17.721904761904764,-1.2323475573339238e-14,9.77925107457029,112.95472384399221,18.060634322115686,532.0,44.28913947315629,631.1840161263366,25.123375890320485,-230.90244471254147,720340.2176086188,559.2832027305351,65989.33323438432,256.88389057000893,0.11326098718579408,-0.9533708897605618,3.005649717514124,46.12969890019931,426.0,-285.0,711.0,-4.32542890393961e-13,4.6162009482888715,57.60044364763874,615.0170729337519,442.0,43.42948330456001,644.1793532255342,25.380688588482666,157.6635277108954,746838.3476222513,869.3897414697731,88763.48879075755,297.9320204186813,-0.239948336600004,-1.2785211923331818,2.4971751412429377,68.88253526356684,798.0,-37.0,835.0,-2.7355895326763857e-13,10.190916660498585,109.46410895672136,917.024536203912,1.0
0.00743309191359869,37.91927953711992,534.3474525987019,23.11595666630957,-1584.0507078898147,439571.51791565004,0.006455708618345747,8.25626112835405e-06,0.002873371039102686,0.8395585823594409,0.2876272136223744,5.234571770139923e-05,0.0005844932969646494,0.0047089945400725095,-0.0024693970194713663,0.007178391559543876,-1.5043305143236374e-18,4.8730869793800995,40.23794113420466,0.00699291737023082,0.05048963031640104,28.37434470834298,483.00395858804694,21.977351036647864,4637.372313440733,423545.42833284225,0.03475299554092898,0.00041070973866795925,0.020265974900506495,0.7682115470204124,-0.08370814644000932,0.00035556077687606374,0.0033685581272387974,0.020892707599998474,-0.01982677896452558,0.04071948656452405,6.396792817664476e-18,0.9416612854043449,21.059093426161688,0.04036399682656292,,,,,,,,,,,,0.004541927178839308,0.029608935602064918,0.33145630368119416,0.0,0.33145630368119416,1.1275702593849246e-17,10.211280869524844,110.38891643853587,0.35061744007958245,,,,,,,,,,,,0.046840487654817145,0.23915977491464746,2.6516504294495533,0.0,2.6516504294495533,-2.733924198139448e-15,9.818440743422713,104.38760193929824,2.852477134574846,,,,,,,,,,,,0.6068672835611977,2.1041442251072286,21.213203435596427,0.0,21.213203435596427,4.907185768843192e-14,7.625950407112895,69.10759525460702,25.63225277511795,,,,,,,,,,,,-0.1305171734878171,1.5429908221954183,6.32258064516129,-15.0,21.32258064516129,1.0103029524088925e-14,-6.317183109403879,65.35189532205355,18.124739754373604,,,,,,,,,,,,0.4356504326310002,3.770719942369721,25.875,-2.0833333333333335,27.958333333333332,3.608224830031759e-15,6.22314437440408,38.673898489551945,44.42873467817163,532.0,35.42700923060034,411.52664559760694,20.2861195302997,-74.6748666879297,305558.0087703183,604.6489905380497,18677.68274835987,136.66631899762234,-0.09196282336961137,-0.8740758609645793,3.7464788732394365,51.92090905849789,588.0,-120.0,708.0,6.741274205523951e-13,10.087032533670847,114.2706736510548,620.317660557879,442.0,36.189168439639204,411.9199237211709,20.295810496779154,-708.6047987712088,305808.3134146212,690.6997900808594,95965.12392591848,309.782381561506,-0.03188217831291859,-0.8270013395478999,3.112676056338028,63.41447590897966,556.0,-225.0,781.0,-3.623767952376511e-13,5.108488989602427,45.05165136988749,756.5804649870363,1.0
0.001149363028776442,37.10780107417212,430.66854787150805,20.75255521306974,-753.018518125205,313267.15665596985,0.0015809889843332212,1.0711108547540324e-07,0.0003272782997318998,0.7010172519657062,-0.29941589927701534,8.209735919831729e-06,0.00013550111192988396,0.0015416202837905235,-0.00033403594554667947,0.001875656229337203,1.3010426069826053e-18,10.32421228268715,118.75753648213316,0.0016062108061319909,0.0026148353045020428,29.437748992943572,437.90300706778834,20.926132157371757,2952.9873836901465,332995.04222841864,0.013153744800801802,4.031792486659246e-05,0.0063496397430557,0.16032073002212788,-0.8018274904449001,1.867739503215744e-05,0.0012342538426979685,0.007252827892060221,-0.005833049306550473,0.013085877198610693,-2.3689817468808272e-17,1.9611225210539336,19.398080871148558,0.014605560415882155,,,,,,,,,,,,0.0008881826290319339,0.0025699684649971902,0.022097086912079608,0.0,0.022097086912079608,2.2985086056692694e-17,4.968334023746782,34.099398128660255,0.03194241175171322,,,,,,,,,,,,0.014129136302113984,0.035688056644002965,0.2651650429449553,0.0,0.2651650429449553,6.557254739192331e-16,3.602492363927735,17.980736840412625,0.4509004805878579,,,,,,,,,,,,0.2794511678152718,0.7121845491951745,5.774705379690137,0.0,5.774705379690137,4.6851411639181606e-14,4.314721229811912,26.51377794685203,8.987289393815049,,,,,,,,,,,,-0.03908723901100544,0.5395573013122209,4.083333333333333,-2.25,6.333333333333333,-1.3600232051658168e-14,2.47856071189418,26.102666405734396,6.354973274852557,,,,,,,,,,,,0.09097699894124113,2.423776736562078,27.25,-3.1869158878504673,30.436915887850468,2.3397950243975174e-14,10.37726195776303,115.6892539706996,28.492980304961986,532.0,34.58712972341031,401.01270801974505,20.02530169609799,-26.49090465587637,289763.52244969486,596.1846424216362,8184.3007120143975,90.46712503453615,-0.38857008436268803,-0.6676655373691216,3.8,50.84910450117514,588.0,-57.0,645.0,-4.3165471197426086e-13,10.95637430212229,125.99196246061017,603.3324125223176,442.0,35.13508909510626,413.1654156512366,20.326470811511687,146.2039984288209,303429.25486748904,668.8089528508153,98226.95601516712,313.41179941917807,0.5053787461797068,0.07389979454738185,3.157142857142857,61.56521181740924,429.0,-341.0,770.0,1.0755840662568517e-12,3.4215007445417953,33.906216955194424,729.4066081411656,1.0
0.017025773556978215,39.452245393761984,420.5524668497094,20.507375913307616,-1589.270115477468,336697.7730523894,0.014614795239502812,5.3116919694076644e-05,0.007288135543064265,-0.14704264558198754,-1.123889932204592,0.0001150390105201231,0.0013421450667199897,0.012281712342836764,-0.002589925304923276,0.01487163764776004,1.2170169386149787e-17,7.891686916763397,66.67795830643595,0.01638776764544866,0.09037721169505633,30.507116716433966,451.3172833283447,21.24422941243915,2597.195900910161,360517.61056607857,0.032128133860380735,0.0003459528861435738,0.018599808766317297,0.6655192963073221,0.14738796087704734,0.0006106568357774078,0.003051537106646473,0.02200140643724435,-0.0064265983916863235,0.028428004828930674,4.2934406030425976e-17,4.947959217987873,29.249588800786853,0.03785957622160686,,,,,,,,,,,,0.005398697462959362,0.03733842041989024,0.4386680957360989,0.0,0.4386680957360989,3.0010716134398763e-16,10.982633551500745,126.57195201880708,0.4542895752640719,,,,,,,,,,,,0.046381637537445126,0.2292312534489478,2.6320085744165933,0.0,2.6320085744165933,-3.677613769070831e-15,10.17453753514314,112.92859820260986,2.816246164573056,,,,,,,,,,,,0.5692804523183554,1.930369495027576,15.79205144649956,0.0,15.79205144649956,-5.3734794391857577e-14,6.774012043687292,50.57920860631522,24.234458112470737,,,,,,,,,,,,-0.021904308020395953,1.4229277956567412,10.981481481481481,-11.166666666666666,22.148148148148145,7.008282842946301e-15,-0.19817947259836402,49.74323354968849,17.136349669709396,,,,,,,,,,,,0.4608382270116109,5.572479242030944,60.5,-5.9714285714285715,66.47142857142858,-8.43769498715119e-15,9.33388796786166,95.81151315427661,67.33060249455252,532.0,36.74492921853722,450.1103386643239,21.215803983453558,156.54526498127254,365576.33593653725,601.9278682584742,8294.49006245775,91.07409106028865,-0.12444859481056668,-0.3360908644059156,3.5945945945945947,49.8458214570442,593.0,-67.0,660.0,8.419931418757187e-13,11.270994128954314,133.65264926566206,607.9753284468046,442.0,36.32604740987879,448.20519097122195,21.170857114704212,-147.87718559912602,359419.2308422593,681.2450262748123,100284.4303920465,316.67717062024934,0.11611453561448616,-0.612185429300735,2.9864864864864864,61.73526593955986,562.0,-209.0,771.0,-1.084465850453853e-12,6.323571741680313,53.8762453458369,751.9202085327937,1.0
0.034382183698333464,39.98653131145078,723.6982562183464,26.901640400138174,175.33700866737613,821521.5722473109,0.016827543482196033,5.9350686707539234e-05,0.007703939687428715,-0.0011348910340385212,-0.4853363120298689,0.00020588133951097892,0.0014278368273265907,0.012679036579464141,-0.0019678249515550214,0.014646861531019163,3.3772897672923463e-17,6.996976536703114,53.19330945697883,0.018642546954443347,0.09811489205804545,39.76864616312347,768.615043991414,27.723907444503816,701.0070570607509,932321.5460403416,0.04097106499653423,0.0005030150981585706,0.02242799808628872,0.7185388122544021,-0.2625551647008482,0.0005875143237008709,0.003603540784495615,0.028341258700875383,-0.01670565451260127,0.045046913213476654,1.5178830414797062e-17,3.6459747481112705,29.33135150612192,0.04718287228894474,,,,,,,,,,,,0.005861703243967335,0.04544122313682933,0.5761610809668165,0.0,0.5761610809668165,-4.787836793695988e-16,12.135736054036302,152.02883093026364,0.5885393900497151,,,,,,,,,,,,0.05244368761748325,0.28181400343896645,3.456966485800899,0.0,3.456966485800899,1.887379141862766e-15,11.014120237722967,130.719974381951,3.682113934869615,,,,,,,,,,,,0.6344897020671275,2.0315385098931946,20.741798914805393,0.0,20.741798914805393,-3.219646771412954e-14,7.333264371288243,63.82897096872313,27.338704676143173,,,,,,,,,,,,-0.032783956981817956,1.5045890341780261,8.0,-14.666666666666666,22.666666666666664,-2.1885271372923398e-14,-4.205745252973709,60.43020794606004,19.331383465357213,,,,,,,,,,,,0.4862661684720508,6.116279726834994,60.666666666666664,-6.839285714285714,67.50595238095238,1.249000902703301e-13,8.64282196701793,77.51143470600991,78.81294220987049,532.0,41.15933827579287,568.7730717583248,23.84896374600634,166.0831904852679,582980.2521989362,616.8467198997446,17528.774751335746,132.39627922013423,-0.0002180036512149883,-0.13854097290460382,3.18562874251497,48.67374247621217,597.0,-88.0,685.0,6.750155989720952e-14,10.946548865401114,133.90092120728298,630.3491096210099,442.0,41.1371478814421,557.9506858912924,23.6209797826274,-343.7113114909188,546660.5548507756,905.2119095794238,159438.91682786244,399.29803008262195,0.45522344303051526,-0.5281520982697712,2.6467065868263475,76.32997055758054,678.0,-383.0,1061.0,9.237055564881302e-13,5.06832026174542,48.00711719649069,986.9934143650605,1.0
0.03207668591105902,26.991289746555417,349.18528961268515,18.68650019700546,3264.5738616068807,285429.32135680114,0.02003005904705828,8.827511766204835e-05,0.009395483897173595,-0.23471498976561112,-1.3479356573421146,0.00021242838351694725,0.0017944668532414512,0.019122874359242526,-0.0008810777085732088,0.020003952067815734,-5.296327612591689e-17,9.185276154945981,89.42186370441775,0.02220474730618189,0.009228987174452592,39.4010368104391,525.5153751426029,22.92412212370635,-2009.389791722414,468293.5386725223,0.037322180465034126,0.00029019600418778315,0.017035140274966425,0.04880840155323971,-0.7025164937288586,-6.111912036061324e-05,0.0033275834246623962,0.011405011888356926,-0.024413016075467402,0.03581802796382433,-4.7379634937616544e-17,-2.834430792013667,24.5189334398642,0.04089692648890873,,,,,,,,,,,,0.04340162017592192,0.28587381161552927,2.8284271247461903,0.0,2.8284271247461903,-4.128641872824801e-15,8.088228110927883,70.31066466469771,3.5057535437931806,,,,,,,,,,,,0.13439629799164315,0.6776574904179995,5.656854249492381,0.0,5.656854249492381,-1.4432899320127035e-15,6.392018851935558,42.58559620834633,8.376184081508802,,,,,,,,,,,,0.8124542126393647,2.9600033311411558,29.09239328310367,0.0,29.09239328310367,-5.651035195342047e-14,7.029677482306088,59.42889485799917,37.21545553256503,,,,,,,,,,,,-0.1398629063739894,2.16593839972925,9.380952380952381,-20.571428571428573,29.952380952380956,-1.2601031329495527e-14,-5.067313776065331,57.371024408143256,26.31530097202315,,,,,,,,,,,,0.49424281039259044,6.279503746470184,55.285714285714285,-8.105263157894736,63.39097744360902,-4.6407322429331543e-14,7.379389562453705,59.124119719197026,76.37039451817039,532.0,37.30406648766671,462.00296468325166,21.494254224867902,47.01991433742132,384877.219371417,615.0129540416787,24385.133027594555,156.15739824803228,-0.11099591622456506,-0.27880216712924477,3.5231788079470197,51.46590647183852,591.0,-144.0,735.0,-1.0169642905566434e-12,9.898703897821843,113.94172561608124,633.9037781871946,442.0,37.357502743689125,451.94101603522694,21.25890439404691,406.08537203401147,356176.3966509448,916.3049450443494,183466.8210206051,428.3302709599277,0.7729025336339007,0.5396228436032082,2.9271523178807946,82.03965277224202,494.0,-399.0,893.0,1.368682944757893e-12,2.1904133191243984,22.136484954531653,1008.7616170334793,1.0
3.070419553381315,28.26048195382931,390.3928625543804,19.758361838836244,4101.607677177815,359208.249843737,1.8879289213606354,0.7459388153080203,0.8636774949644227,-0.12666470701034838,-1.425585863612769,0.019556812441919202,0.16516274221558244,1.7586958687364427,-0.0016680215953023619,1.7603638903317451,8.881784197001252e-16,9.341900979004473,90.12643740161167,2.083940606558243,0.937763875523295,32.40782850024335,422.100445769794,20.54508325049558,2342.1344216303714,366184.7857527378,0.7471718329011755,0.04759376608825179,0.21815995528110055,-0.8578284495938687,-0.6812059786028035,-0.005973018315435,0.06192251867918755,0.07616919287073765,-0.6919571718966492,0.7681263647673868,8.760353553682876e-16,-9.80011905997909,102.07295813426508,0.779488176290844,,,,,,,,,,,,0.0015578663867488896,0.006664443008655412,0.08002237235650228,0.0,0.08002237235650228,2.229119666630197e-16,10.674547983318677,125.05829600381236,0.0852083973893395,,,,,,,,,,,,0.026865158103781893,0.11875066911054084,1.4404027024170412,0.0,1.4404027024170412,-5.828670879282072e-16,11.00632202271361,130.7622733347477,1.5157955042788849,,,,,,,,,,,,0.5190308250400906,2.189449309109252,25.92724864350674,0.0,25.92724864350674,7.37188088351104e-14,10.3485687418174,118.2941065344336,28.01388222913096,,,,,,,,,,,,-0.09156585095523735,1.5884446267305734,4.830508474576271,-18.333333333333332,23.163841807909602,-1.584843367652411e-14,-9.647116831750727,113.5277891835767,19.80880609157982,,,,,,,,,,,,-0.18365574775192864,1.5295396460724788,13.457627118644067,-12.444444444444445,25.902071563088512,-2.7255975254547593e-14,1.2484469185237685,66.6527541039391,19.179396476464706,532.0,39.12710064837462,493.77320509372703,22.22100819255794,-37.67051816119132,443948.1682393915,537.8269407070998,67761.48954194952,260.31037156046915,0.42947689914525344,-0.6069339729394228,3.388535031847134,47.534452766017054,340.0,-330.0,670.0,-6.110667527536862e-13,1.7989855440113955,39.030739937091255,597.1164040620556,442.0,38.55270026521505,502.6496201725311,22.419848799055963,117.31080400855515,455519.54991787625,874.3387434766563,124751.22319412358,353.2013918349184,-0.2803382634142635,-0.9945776103442998,2.8152866242038215,75.01828411149162,794.0,-224.0,1018.0,-1.5631940186722204e-12,8.623722106540685,86.38346292112249,940.6380813043878,1.0
0.0071026539382276314,45.77772168173343,622.158234403882,24.943099935731365,-7798.533122628532,680882.3108479673,0.006128192356508985,1.205679879177735e-05,0.003472290136462872,1.0371407420010192,-0.06082127991858116,4.6121129469010594e-05,0.0005602701843763556,0.005184930336243982,-0.00206523790949687,0.0072501682457408526,-1.1750041044311654e-17,6.286401414777984,56.183093355945125,0.006976288057773289,0.07696994709022331,27.884724647255087,543.8960646161042,23.32157937653675,8613.11489304504,622176.7183021795,0.027796168568868337,0.0003321381688627468,0.018224658264635495,1.2243104430133982,0.7769298297647289,0.0004998048512352163,0.002673190613529019,0.021050941556209367,-0.005586529007928542,0.02663747056413791,-4.0549161250957866e-17,5.034689365936492,32.10637399542099,0.03374827334277998,,,,,,,,,,,,0.007218826778875742,0.05100163536549447,0.5543717164502533,0.0,0.5543717164502533,-7.546047120499111e-16,9.4202754142577,93.92997917774817,0.6350577115843703,,,,,,,,,,,,0.052449051280469824,0.27421531208871525,2.7718585822512667,0.0,2.7718585822512667,2.7755575615628914e-17,8.302741677275524,73.76702888140296,3.4420387759797504,,,,,,,,,,,,0.5222884643231577,1.6839902904783082,13.859292911256333,0.0,13.859292911256333,2.4202861936828413e-14,5.79322407507226,37.56209469061277,21.73726058718808,,,,,,,,,,,,-0.0613068008917467,1.245209117120315,6.4,-9.8,16.200000000000003,-4.8128168117500536e-14,-3.4150016957082556,36.86422578912675,15.370564365619762,,,,,,,,,,,,0.6687169216539517,7.235789974432379,78.2,-2.2436974789915967,80.4436974789916,-9.681144774731365e-14,9.423590999395799,93.8404064559401,89.58896979573528,532.0,38.072782478685525,483.95208258582636,21.998910940904015,40.25158289749872,419843.08526062884,602.2511686075458,7081.451988767642,84.15136355857605,-0.26710883452092454,-0.09845237324278582,3.4545454545454546,48.89109165252081,595.0,-49.0,644.0,-5.657696533489798e-13,11.607981764927839,140.7601561960609,608.2351518943968,442.0,37.68363298565874,499.125528781424,22.34111744701737,682.719585592987,454944.76634380786,718.7078427733303,127587.89387896331,357.19447627162896,0.1516253961404918,-0.515612387526711,2.8701298701298703,64.36853120177625,544.0,-267.0,811.0,1.2709833185908792e-12,5.192334508677103,43.36820211954973,799.5861429514646,1.0
1.6699042035511578,24.762518273510846,317.6859996974704,17.82374819440261,3354.5175930712444,248934.13020677882,0.9146865337721568,0.2536227526186259,0.5036097225219405,-0.004449799560667522,-1.3112428296523444,0.011283136510480796,0.0858248335928983,0.9105400974501775,-0.015793367687569473,0.926333465137747,-2.7269853042355408e-15,8.934189188697495,86.37652118783086,1.0530884398534126,0.0841075243377534,45.435535277241215,291.03415615900644,17.05972321460716,-2969.6772967495262,232812.38823825604,0.18739199212853422,0.010376043548357358,0.10186286638592769,-0.06786343723896934,-1.245802451829217,-0.0005682940833631986,0.0175136422709956,0.1028675951085879,-0.15617697829232502,0.2590445734009129,-8.565197162635485e-17,-3.749656575847762,51.24383438350264,0.2131747928736309,,,,,,,,,,,,0.006295959526559243,0.05744040532537947,0.6940122111645745,0.0,0.6940122111645745,2.3678975447083417e-16,11.95991470076423,143.65717755750305,0.6958165664843526,,,,,,,,,,,,0.05185035875683399,0.3460759996414308,4.1640732669874465,0.0,4.1640732669874465,1.8457457784393227e-15,11.693766765194695,139.28506064480564,4.213819324377722,,,,,,,,,,,,0.5944407840359084,2.2478715786014956,24.98443960192468,0.0,24.98443960192468,2.0761170560490427e-14,9.176759215986358,96.69340802782972,27.998420304427782,,,,,,,,,,,,-0.106638958418356,1.6406618702073448,5.348214285714286,-17.666666666666668,23.014880952380953,1.0824674490095276e-15,-8.226234445108641,91.74842527809264,19.797872859772003,,,,,,,,,,,,0.15393549476353593,2.738748991356859,22.833333333333332,-5.961538461538462,28.794871794871796,8.576472865229334e-15,6.646439285453377,49.40377720737824,33.03095692316398,532.0,36.67619175565378,451.025623785005,21.23736386148255,86.77600261128386,364521.123237347,615.1919562042191,13991.208372977644,118.28443842271749,-0.0510939933503172,-0.46664402786017883,3.5945945945945947,51.33380923700852,599.0,-106.0,705.0,8.348877145181177e-13,10.609002763500497,123.67924269042385,626.0319480665504,442.0,36.5172738595751,437.5857024288306,20.918549242928645,-188.71352435614884,346258.49465556804,746.4879347741182,81090.62810153661,284.76416224928414,0.1505868511494593,-0.6728098399466436,2.9864864864864864,65.62001450679072,671.0,-191.0,862.0,-8.002487561498128e-13,7.550758434529367,75.0702306224853,799.1282750597678,1.0
0.12992084736212717,36.540297143855504,608.6871071201718,24.671585014347414,5539.568360156315,753957.4319143837,0.08936975753885915,0.0006135753353311292,0.024770452868914796,-0.12489366518472629,-1.219249062106963,0.0007424048420692983,0.006990353769289745,0.057579157574028324,-0.03254839999798402,0.09012755757201235,-4.85722573273506e-17,5.715590009220022,49.0877617663366,0.09299374648134413,0.11502748032454381,32.91937035284305,415.12223049460283,20.37454859609417,3746.7316397687646,441495.0034076822,0.12840028314264137,0.004085748156668734,0.06391985729543467,-0.09121267812679869,-1.2195902484594299,-0.0006572998875688218,0.010811323271902732,0.04864299522955682,-0.10281980326686295,0.15146279849641978,2.0101108277881252e-16,-5.5141065041867625,52.86528798978781,0.14328444422044662,,,,,,,,,,,,0.0054246751518629635,0.03632172727894534,0.37565047750535335,0.0,0.37565047750535335,4.2327252813834093e-16,9.293112861130291,86.96906312022882,0.4816383865111281,,,,,,,,,,,,0.05426179304974717,0.2770981550244345,3.284248025015204,0.0,3.284248025015204,8.326672684688674e-16,10.16469804188684,112.0212654535005,3.7031296910724247,,,,,,,,,,,,0.7519391278232936,3.035377001895314,36.126728275167245,0.0,36.126728275167245,1.716404796070492e-13,9.911365652845637,110.20353415744907,41.01189182713832,,,,,,,,,,,,0.041164510617314985,2.2108298172539,25.545454545454547,-10.44,35.985454545454544,1.827704654289164e-14,8.442232584153984,106.15614481342938,28.999786820258656,,,,,,,,,,,,-0.20260195212144605,1.4050336529310565,14.272727272727273,-6.72,20.992727272727272,2.2537527399890678e-14,6.034807076556138,69.40034800207776,18.61743118966789,532.0,43.483877962026824,623.4608172074535,24.96919736810644,-164.04952464655648,699977.6964042238,669.1999224711515,72996.32583357023,270.1783222865414,0.2529493655625879,-0.7557390861507653,3.04,54.39793693567017,589.0,-261.0,850.0,6.128431095930864e-14,7.332460159485136,83.43171701732258,720.7398976052318,442.0,43.08714023148761,626.0245502919063,25.020482615087708,169.77475635001258,705899.6279891159,879.5075912183253,111559.70733416708,334.0055498553386,-0.01146148956703875,-0.9961928091781873,2.525714285714286,70.91385656598594,790.0,-168.0,958.0,6.856737400084967e-13,9.201793548382257,95.06866195825523,938.6969692078483,1.0
0.0008020012446405951,41.97115924757325,498.93195251698586,22.336784739907976,-2483.8048265814805,476948.22666303173,0.0010969348335621606,3.736564005884749e-07,0.0006112744069470559,0.27470479337645365,-0.9968471450238681,5.346674964270633e-06,0.00010129019206088253,0.0008343668666011701,-0.00032107889360948717,0.0011554457602106572,-1.2519146960418559e-18,6.856211472238032,56.95275920207299,0.00124227351703866,0.017471233670827598,30.764254019287346,525.1653203591653,22.91648577681939,3397.299646856662,468224.02988822333,0.014820366465240556,6.900654135905486e-05,0.008307017597131648,0.673147099458404,-0.28064461701175847,0.00011647489113885067,0.001387196932343643,0.007904926838986309,-0.009656953836564064,0.017561880675550375,-1.146543797403421e-17,-0.2255706931679865,24.362628997865237,0.017049406423843987,,,,,,,,,,,,0.002420971977261865,0.013529077182799889,0.12221598687174895,0.0,0.12221598687174895,1.0885389811754465e-16,8.294519977538586,69.24119702046593,0.16720275458395087,,,,,,,,,,,,0.02684966227228333,0.10831802973833654,1.0999438818457405,0.0,1.0999438818457405,-1.7486012637846216e-15,8.070681769200021,72.87253772178082,1.3576257178318945,,,,,,,,,,,,0.4105899435648126,1.245555280915298,9.899494936611665,0.0,9.899494936611665,3.6637359812630166e-14,5.549022002111555,36.60764139704088,15.954899711898438,,,,,,,,,,,,0.052430138038274315,0.9258764012607509,7.0,-2.682926829268293,9.682926829268293,3.289035710452026e-14,4.902671118461427,34.96023947494154,11.28181777943468,,,,,,,,,,,,0.016891856695461917,1.6843855755793904,15.823529411764707,-2.6792452830188678,18.502774694783575,-1.9949319973733282e-14,7.388764197838156,62.562543146788876,20.492465325145684,532.0,37.10486347420127,458.56463967387566,21.414122435296658,49.593057663230205,378465.0123400694,598.4858040852673,12439.542308410902,111.53269614068738,0.01974288869594823,-0.8989322735194355,3.546666666666667,49.56606186584597,586.0,-110.0,696.0,-8.526512829121202e-13,10.864609839601856,128.62311675988468,608.6098914740048,442.0,37.17674964572088,455.3879379083299,21.33982047507265,129.89610364894858,376775.04528123734,654.8518833227783,101113.62424194369,317.9836854965105,0.29074259712454925,-0.6148152480880582,2.9466666666666668,59.33203594087153,435.0,-284.0,719.0,6.581402089977928e-13,4.863926079499589,40.53810877821514,727.5616812339694,1.0
0.00036698290803112454,34.529108297460006,387.9325093052292,19.696002368633824,-57.50037073724298,259547.59034717377,0.0004505685005281386,1.1315227742635149e-08,0.00010637305928963004,-0.509957834930221,-0.1499491625147702,2.6787073578914198e-06,3.940828484569891e-05,0.00043953916189220246,-5.84343194372821e-05,0.0004979734813294846,2.270048298641525e-19,10.015160582034468,111.44812784485059,0.0004623265178417604,0.010265718062235328,31.562033660477088,412.3971701661595,20.307564358291703,1443.3985481302227,307162.4240658458,0.00970172068929646,1.6513756417710538e-05,0.00406371214749649,0.11728456241554537,-1.0513871796875998,-7.493224862945496e-05,0.0008953634436401914,0.0030319725586836887,-0.005937125302706611,0.0089690978613903,2.5695591487906455e-17,-2.089223686735118,17.90009126016416,0.010516596584379798,,,,,,,,,,,,0.0010431473846643194,0.003601001943684772,0.03685878969147985,0.0,0.03685878969147985,-1.8995222061946038e-16,7.605301888810457,72.54266216287657,0.04356001776531698,,,,,,,,,,,,0.015512772630655739,0.04057507542512875,0.3317291072233186,0.0,0.3317291072233186,-1.2108369862318114e-15,4.272461145495246,26.784141765098067,0.5047204039466959,,,,,,,,,,,,0.2944955697284725,0.7842906421534811,6.818119044611751,0.0,6.818119044611751,5.040412531798211e-14,4.991302399380507,35.47506219452465,9.733875179726422,,,,,,,,,,,,-0.027081167803226176,0.5917654402971024,4.821138211382114,-1.1764705882352942,5.997608799617408,9.56179579958416e-15,4.2295353521326495,34.072711223470804,6.882889146807976,,,,,,,,,,,,0.0751941947435512,2.3500202015344143,26.307692307692307,-3.3867924528301887,29.694484760522496,1.8068879725774423e-14,10.426151221600627,116.43458084537187,27.31874137773008,532.0,33.71476266181124,378.1204382183201,19.445319185303184,-18.302251921658105,257669.23898652618,601.8188530802499,7849.185724231293,88.59563039016818,-0.2731532117381942,0.32845049078720034,3.883211678832117,51.780991029729016,593.0,-57.0,650.0,-1.0302869668521453e-13,10.874090502668682,123.8540134235184,607.7828559609097,442.0,33.69174908940372,370.09428061628404,19.23783461349754,-18.49568140892316,239582.5849117418,651.5739078767518,130339.70728010045,361.0259094304735,0.03437746330020177,-1.1940083207364844,3.2262773722627736,63.409109928372835,436.0,-359.0,795.0,2.851052727237402e-13,3.1398166007757586,33.20814005949004,743.1446696303486,1.0
3.531464393527664,33.6373192060766,512.4384784403544,22.637104020619653,4630.539330329581,555268.3489631686,2.4591186409326453,0.6473204069102367,0.8045622455163035,-0.1831639074066715,-1.4404910257979144,0.021020621390045617,0.1994889148733594,2.3615076739850376,-0.0028634065271212444,2.364371080512159,-8.673617379884035e-16,10.610460372844587,118.12494989787606,2.599987026583715,0.9829121971487803,34.221962269952286,523.9383266258988,22.88969913795065,4344.4272699316225,572121.0013861335,0.6894609283945845,0.04449494610655319,0.21093825188086013,-0.18423641321968057,-1.315427949299962,-0.005850667840171312,0.05558443522841901,0.028260921170982053,-0.6545000489828252,0.6827609701538072,-5.429684479807406e-16,-10.46996332607283,115.77076923793231,0.7244366353552503,,,,,,,,,,,,0.00138137262059867,0.0028314998537317614,0.02317047500592079,0.0,0.02317047500592079,-1.8865117801247777e-17,3.5782728035750875,21.126128443789185,0.040345946576256106,,,,,,,,,,,,0.025812953649338517,0.06338720955492458,0.5792618751480197,0.0,0.5792618751480197,-3.337607967779377e-15,5.636322971533641,42.4925988005288,0.8764796024135981,,,,,,,,,,,,0.5382300044986884,1.6617352255276074,14.481546878700494,0.0,14.481546878700494,1.609823385706477e-14,7.027698137683402,55.85092091199558,22.369021024406017,,,,,,,,,,,,0.07270409175796969,1.2329808854125077,10.24,-9.941176470588236,20.181176470588234,-1.3461454173580023e-14,0.24182324165233385,53.66994783259095,15.817286454861947,,,,,,,,,,,,-0.019296522573678428,2.5715588878421998,31.92,-2.764705882352941,34.684705882352944,4.288236432614667e-14,11.811868540834565,146.65813178397772,32.932949229995856,532.0,42.09412412817113,579.6764313317482,24.07647049157638,-126.09876359878437,607608.3969178905,509.8617291498302,57731.231434059664,240.27324327535862,0.2351930501041904,-0.7915323394101056,3.1666666666666665,43.22031966270054,341.0,-338.0,679.0,3.2951419370874646e-13,1.1479460449173713,50.891503846604905,561.7009880710555,442.0,41.36606353664316,577.4710922124195,24.030628210939877,92.24573493656276,599485.3520373075,868.0580079593949,100011.93767470976,316.2466405745834,-0.20749146963293982,-1.0950315362652694,2.630952380952381,71.24735245906571,798.0,-94.0,892.0,-1.432631790976302e-12,9.67394918674789,100.64092414807902,924.1006438694868,1.0
14.321156184130455,39.3586801304957,534.9938612603556,23.129934311630798,105.97787804541102,516323.79453663586,13.926598100435811,0.04684662472673817,0.21644081113953112,-0.15944006629658067,-1.0147988313691807,0.088951280646773,1.0942879107265595,13.927442570954357,-0.025577382301597316,13.953019953255954,-9.908740494779522e-15,12.679561201556194,160.84467847741973,13.930754332212253,0.6489289091378488,39.18825250880343,511.55614317586776,22.617606928582603,364.4698169907558,467495.61515215866,0.764658228814743,0.007247380910995247,0.085131550620174,0.13308296470966674,-0.9688398607401816,0.004030614342471111,0.060447240086741634,0.7601667323105956,-0.1052512564392442,0.8654179887498398,-2.1163626406917047e-16,12.234031345794627,153.92114079475243,0.7686926983256656,,,,,,,,,,,,0.0024895664363394103,0.009207921920198099,0.06587621402489248,0.0,0.06587621402489248,2.3071822230491534e-16,5.672369434496572,32.906657297302615,0.1202764273395937,,,,,,,,,,,,0.030329506079912468,0.08847132632688763,0.7246383542738173,0.0,0.7246383542738173,-5.48172618408671e-16,5.182247164283097,31.27802767563617,1.179314067097194,,,,,,,,,,,,0.44835629067100496,1.081307420763276,7.97102189701199,0.0,7.97102189701199,6.405986852087153e-14,4.185678833345852,21.54450219931922,14.760406740721518,,,,,,,,,,,,0.03401435221331348,0.8270233216992786,5.636363636363637,-4.0588235294117645,9.695187165775401,-6.245004513516506e-16,1.8794939587565769,20.575132863092957,10.437183699435812,,,,,,,,,,,,-0.025336728475630406,2.164127024258288,24.0,-5.909090909090909,29.90909090909091,-1.0456913113188193e-13,8.944845508619823,97.29224181545979,27.290473586631766,532.0,39.95669308819216,523.4012721710749,22.877964773359427,-53.31806705273043,495611.415460961,539.1366177336276,10268.969918744315,101.3359261009851,-0.03757261602539126,-0.4857594739147865,3.3043478260869565,43.099486742812886,527.0,-69.0,596.0,-2.0872192862952943e-13,11.235520473687275,136.75277516294324,548.4760705810236,442.0,39.684533301162176,526.957029187285,22.95554462841788,-204.90959410711375,496310.4549197661,831.4512143502895,43094.96565542905,207.59326977392365,0.030079044608833826,-0.482729728422434,2.7453416149068324,67.32901320138357,796.0,-139.0,935.0,1.397104654188297e-12,10.424499596267557,121.27558782052158,855.0192980278281,1.0
0.45101706480582837,39.57070863275932,571.5462460325571,23.907033400916916,-757.5042230856891,613355.2085799593,0.2752316816949854,0.01297223802046186,0.11389573310911107,-0.38569850844695674,-1.135211428800945,0.0028365853132442023,0.023547983869072017,0.24359424628467408,-0.012663461198069369,0.25625770748274346,-2.1163626406917047e-16,9.09409149590418,84.72535864436351,0.2990753214918352,0.06836704800725305,38.87072563582601,455.5340595625539,21.343243885655102,-924.4232006757061,346741.65393806755,0.13085044758338982,0.003314092580152102,0.05756815595580687,-0.009847179326935577,-0.8566897117226677,0.0004299814340078807,0.011301306302123634,0.10561846555311744,-0.08628069391143925,0.19189915946455668,-1.734723475976807e-17,2.3585637578500673,68.47509669313281,0.14260715584680028,,,,,,,,,,,,0.022816331299788117,0.18008766362753878,2.1213203435596424,0.0,2.1213203435596424,-6.8382799423005736e-15,10.569577251105247,119.60429278818904,2.2745302362630264,,,,,,,,,,,,0.09602457236596322,0.5113057504156097,4.242640687119285,0.0,4.242640687119285,-1.4030443473700416e-14,7.2930418557663375,54.5241912471783,6.51864428836727,,,,,,,,,,,,0.7393130813120252,2.5324682773104614,24.98443960192468,0.0,24.98443960192468,-4.440892098500626e-16,7.081757130506418,59.06624417938707,33.05626668306503,,,,,,,,,,,,-0.11237915025714823,1.8620850223550323,6.040816326530612,-17.666666666666668,23.70748299319728,-2.270406085358445e-14,-5.999407575676967,56.2645779314453,23.37431033230623,,,,,,,,,,,,0.7646301934672444,7.430427160253142,65.5,-7.0,72.5,2.3803181647963356e-13,7.215188128522245,53.55003932821423,93.59464416997655,532.0,39.27742231736921,513.1060587665195,22.651844489279885,176.3696797975774,474741.91173009557,609.0561409311291,16372.579219397028,127.95537979857286,0.09880404507165583,-0.44381424627384997,3.3459119496855347,49.20026939402966,592.0,-106.0,698.0,1.3145040611561853e-13,10.82316390143525,130.2157904214385,621.8247341494225,442.0,40.260513932513454,511.94418979202425,22.626183721344265,-802.5664742073736,473924.2533051348,876.7805780883097,159303.89383649704,399.1289188175884,0.14924193967425675,-0.7544937088496825,2.779874213836478,76.15819746746648,649.0,-306.0,955.0,-1.1191048088221578e-13,4.556999841081018,40.400918631815046,960.9578554754626,1.0
0.6027204852590603,46.91827882388536,803.9739146160458,28.35443377350438,-5648.619440055545,987528.8261320795,0.4774255903658696,0.04370178257483526,0.20904971316611573,0.2538969733228847,-0.6510871839150929,0.0035041888677852335,0.039397290342972895,0.3989695876955592,-0.08043244177556655,0.47940202947112576,4.848552115355176e-16,8.579979200057368,79.6867203538928,0.5187304136738212,0.45378418510953744,36.600672386754965,807.2131167207064,28.411496207005825,6969.319624240253,958534.83816908,0.23229770740391267,0.018139838018356405,0.13468421592137814,-0.02592571960956937,-1.1226208016594783,0.0026382801459856825,0.02044095366114074,0.1860342563313462,-0.05547457035539059,0.2415088266867368,-5.551115123125783e-16,7.622813801013923,65.95843691318831,0.2703043001828942,,,,,,,,,,,,0.15958731141281113,2.054655393734672,26.870057685088806,0.0,26.870057685088806,2.3092638912203256e-14,13.038331153300264,169.99871096072846,26.870114858042204,,,,,,,,,,,,0.18446864085907017,2.0540277688553763,26.870057685088806,0.0,26.870057685088806,1.3877787807814457e-15,13.013951461483948,169.56570604221668,26.88903100331419,,,,,,,,,,,,0.6577648405613102,2.454694303664258,26.870057685088806,0.0,26.870057685088806,-2.9531932455029164e-14,8.768470714813024,85.59765376438774,33.134428932553945,,,,,,,,,,,,0.11636093586432929,1.7931953288933677,19.0,-1.8691588785046729,20.869158878504674,3.833044992518353e-14,8.436318255453418,81.32442005487968,23.429579388952632,,,,,,,,,,,,-0.24168025719130817,1.241893045989329,7.842105263157895,-12.0,19.842105263157894,3.93574062229618e-14,-3.1050865219577934,57.81055727364161,16.496069421130574,532.0,42.9405222170098,609.1479094271974,24.680921972795048,-70.25036665877776,666395.9041602293,636.0126128320663,51546.351667365256,227.03821631471044,-0.09119353749370687,-0.5139631795211671,3.0930232558139537,51.15415096184655,587.0,-200.0,787.0,-2.1316282072803006e-13,8.80186484592149,101.9582527085518,672.1056464574599,442.0,42.70615336889451,618.2157959038813,24.86394570264103,207.0650639369139,684863.9591995741,833.2597685608656,109291.34414440441,330.59241392446444,-0.08386774253690338,-0.8541753563783352,2.5697674418604652,67.82124944801672,739.0,-164.0,903.0,4.707345624410664e-13,8.954200765356203,90.05189318604347,890.1056117113294,1.0
0.4038812743389741,38.53078986252476,451.6660524251102,21.252436387979383,-1184.4717905071025,372504.02199601853,0.4541100643403959,0.0019963740928758337,0.04468080228549879,0.012084882311168818,-1.3962672585540772,0.0027289275293173932,0.03733748745515987,0.4498356418601957,-0.06925568863721308,0.5190913304974087,4.380176776841438e-16,11.672114170014765,140.77704394910938,0.4554417440341015,0.213820480388962,33.32059971231963,407.69511453309195,20.19146142638249,1753.992688628019,331267.6949576595,0.14935520139595643,0.001154247689027288,0.033974220948055425,-0.020611881363349897,-1.1225191119579307,0.0014447329756010947,0.012561450722763533,0.1482887522560083,-0.015449540688909502,0.1637382929449178,-7.068998164605489e-17,10.944663433012014,127.60948436766859,0.15382405549659187,,,,,,,,,,,,0.009365096531653983,0.08247464843978743,0.9951873216699556,0.0,0.9951873216699556,1.1345091532888318e-15,11.755589285326588,140.66763295810784,1.0063779519852942,,,,,,,,,,,,0.05029971410776839,0.262780007947603,2.985561965009867,0.0,2.985561965009867,4.3576253716537394e-15,9.902824673300023,107.53652633782666,3.2438802214309725,,,,,,,,,,,,0.5308500569145499,1.6717539997425748,15.076526727441745,0.0,15.076526727441745,7.083222897108499e-14,6.085952191851316,44.45939594047253,21.266283011647204,,,,,,,,,,,,-0.03993673732569293,1.2396316655775246,10.660714285714286,-6.333333333333333,16.99404761904762,1.3600232051658168e-15,2.8294553456786224,43.67463103521448,15.037532928168014,,,,,,,,,,,,0.025680027810880156,2.348792507717623,21.4,-7.3076923076923075,28.707692307692305,3.622102617839573e-15,6.2414855151179465,52.95129865082947,28.479297728286877,532.0,36.91261118099685,450.634032334931,21.228142460774354,5.488623677229202,365897.6706218363,605.4493758556472,7116.810032763964,84.36118795254109,-0.19767436469297317,0.04824175167113822,3.5945945945945947,50.018893435494064,597.0,-42.0,639.0,8.277822871605167e-13,11.39589419348813,135.44637654790787,610.0754051754586,442.0,36.72617316662226,447.809783635943,21.16151657221058,-203.32592360948755,360154.77791163826,701.663130991517,32345.093850424513,179.84741824787065,-0.06420652654934475,-0.8488382355519412,2.9864864864864864,59.38160904741983,675.0,-95.0,770.0,-6.865619184281968e-13,10.176277756766059,112.78673966686443,723.321505279637,1.0
0.004592134363201062,42.28919358122384,575.1359653019066,23.981992521513025,-1499.7526454839833,568798.1393910944,0.006816670893287725,1.9152626762753685e-06,0.0013839301558515764,0.1700285400174892,-0.20803991990215634,2.8172603455221242e-05,0.0005431415153783871,0.006659358844435191,-0.0010968842737490753,0.007756243118184266,8.199278929421627e-19,11.204255873184765,137.75838656102755,0.006943688746913641,0.0048666402996173745,37.46922678458884,602.1928805963288,24.539618591093237,1502.5035199613112,607489.2002071211,0.0338178216904846,0.00026775884351126756,0.016363338397505187,0.2149793683257197,-0.42405589590427895,-2.9856688954707798e-05,0.0029335639537421956,0.01364019148022753,-0.02442958973597981,0.03806978121620734,-3.323079658668071e-17,-3.3982745292206844,35.97702510494871,0.0374551770719223,,,,,,,,,,,,0.0839858273233419,0.9835639205539285,12.551145366061219,0.0,12.551145366061219,-2.0039525594484076e-14,12.688917270721825,161.32047976672936,12.564281117957735,,,,,,,,,,,,0.21276801757783548,1.9883844662191856,25.102290732122437,0.0,25.102290732122437,-3.597122599785507e-14,12.252296802702867,153.32504371930816,25.45248059420796,,,,,,,,,,,,0.9578478805082787,4.6853018163435065,50.204581464244875,0.0,50.204581464244875,9.348077867343818e-14,8.534120099386673,81.56274186127821,60.867587096360275,,,,,,,,,,,,0.06746044617731874,3.3808596428149054,35.5,-19.375,54.875,-2.756128658631951e-14,5.903999501149457,81.3043548337634,43.03988359029915,,,,,,,,,,,,-0.4479383959226715,15.843918214262548,57.833333333333336,-183.0,240.83333333333334,4.0900616227190767e-13,-8.988856584734389,110.98949737671612,201.74073385476402,532.0,40.183376383100196,537.122825943295,23.175910466328933,259.2365455086351,523163.72043041565,623.8128108106998,31449.55237709598,177.34021646850434,-0.04467515599870353,-0.8467125377247833,3.263803680981595,50.640780896689364,595.0,-155.0,750.0,-1.0480505352461478e-13,9.812754203895837,115.9035235419149,647.8796184477484,442.0,40.768279150388096,497.54438695293936,22.30570301409349,541.0830006302805,465819.5629190866,869.7552556485318,170616.91872854732,413.0580089146648,0.5871900357725217,-0.2324444121434814,2.7116564417177913,75.18498446277177,497.0,-366.0,863.0,1.5374368445009168e-12,2.394858210852484,24.598930541511574,960.5217332262712,1.0
246.5852286162963,36.287953871158116,456.32860132741683,21.361849201963224,122.09496604736722,374721.0269260812,242.88437544371018,5.856683080035134,2.420058486903805,0.0720560180287937,-1.393586818094027,1.6549344202435994,19.831963936942152,242.8969065928989,-0.015533249992972422,242.91243984289187,1.7141843500212417e-13,12.202854975388894,148.93879544045708,242.92137540404028,2.889765576815959,36.61933558516715,458.188539173129,21.40533903429537,64.4968590373156,375280.14251847327,3.0280505502872304,0.0050640159730295205,0.07116189972892462,-0.35566125733871623,-0.906160974932026,-0.01939439984440241,0.24730198704545933,0.0744187879779222,-3.0261071524862597,3.100525940464182,3.6914915568786455e-15,-12.18356205380764,148.62738440779376,3.027974226401474,,,,,,,,,,,,0.0014559998933837746,0.005230827819082247,0.05772300254584062,0.0,0.05772300254584062,-2.2768245622195593e-17,8.844201702688474,92.45050712671727,0.06560715146165895,,,,,,,,,,,,0.021071351143273593,0.0491903826416427,0.4040610178208843,0.0,0.4040610178208843,-1.4224732503009818e-16,4.158023609288647,25.670391531993307,0.6466061824491148,,,,,,,,,,,,0.39334700787541954,0.9965557776385936,9.449517894038408,0.0,9.449517894038408,-1.9317880628477724e-14,5.692195036321754,46.46144537473014,12.945478432109567,,,,,,,,,,,,-0.002563399633621019,0.7575724864704508,6.681818181818182,-2.230769230769231,8.912587412587413,-3.168862741653733e-14,4.247322955200262,41.70504046869997,9.153835585048869,,,,,,,,,,,,-0.1736943209151,1.3276908430504455,8.75,-9.384615384615385,18.134615384615387,1.0602629885170245e-14,-0.667874314573128,33.561485285601975,16.17925131173787,532.0,36.89389129112532,448.67191693337867,21.181877087108656,44.20542366356959,363126.95084240247,597.7034652628325,6935.2703155046265,83.2782703681136,-0.654470419796948,-0.05582007975846318,3.5704697986577183,49.27259540727006,588.0,-58.0,646.0,5.195843755245733e-13,11.303309442293992,134.38562677647812,603.0257042614353,442.0,36.74628116836485,449.15370303079675,21.193246637332297,-126.01628051164717,363889.70008393336,788.5486311781224,25774.08329413673,160.54308859037417,-0.0015885852915995546,-0.25497998073151423,2.966442953020134,65.70407688691907,770.0,-122.0,892.0,7.398526236102043e-13,10.80226568214402,126.0962893502035,802.8374679846476,1.0
0.03133553685415742,47.94263030034989,808.7999123041417,28.439407734763776,-6186.7784827361365,1035407.1804125629,0.0263385392816919,0.00010391677418066215,0.010193957729001144,0.051034670980451606,-0.9321084463743177,0.00017703693137942046,0.0021168266021335796,0.023531539034588978,-0.004283875423831442,0.02781541445842042,3.323079658668071e-17,9.364247424601697,95.56820821185804,0.02826086619563102,0.04405866127084687,34.91641482654052,502.7525369274118,22.422143896768922,5844.798306400351,608118.4749983394,0.06076340964726059,0.0006388912795271324,0.025276298770332897,-0.19332593594587238,-1.48512086461497,0.0002489189902307733,0.004932661716403628,0.030786897128504194,-0.038100064942537745,0.06888696207104195,1.6371452804531117e-17,-2.346692645122055,36.979488332690984,0.06570830139468165,,,,,,,,,,,,0.002837058991441668,0.014938447666240038,0.18594092668316425,0.0,0.18594092668316425,1.2065001775418693e-15,11.01432457399337,131.66998233317727,0.20057384001219256,,,,,,,,,,,,0.03798436504126242,0.16260595741728573,2.045350193514807,0.0,2.045350193514807,8.756884106730922e-15,11.037011875304371,134.6206797348333,2.202664439101263,,,,,,,,,,,,0.6146100445454614,2.1617500007298354,22.498852128662875,0.0,22.498852128662875,2.615685446016869e-13,8.1900684098962,74.86211830204591,29.645540838666143,,,,,,,,,,,,0.08375440853967815,1.586959194593856,15.909090909090908,-2.4,18.30909090909091,4.08006961549745e-15,7.7938489470121075,70.9366410238289,20.96256295896356,,,,,,,,,,,,0.15185463139751257,3.607068977782803,42.6,-2.5714285714285716,45.17142857142857,3.136380044566067e-14,10.12027303070393,113.13354174587217,47.6226534380796,532.0,43.827177115094976,636.0226908051865,25.21949029630033,-91.39263004658977,724918.2302668614,614.3720843744491,36627.37375957668,191.38279379185758,-0.0799382832408801,-0.28554609530948477,3.005649717514124,48.23090613977437,582.0,-158.0,740.0,-1.8385293287792592e-13,9.918281811864624,119.36040685400152,642.9152354704312,442.0,43.69710261513741,640.6848489506257,25.311753178131017,193.6824861209037,739019.0824037604,798.6458621552288,103537.58231687675,321.77256302686334,-0.008326402232901648,-0.8861459037036267,2.4971751412429377,64.53590287879867,700.0,-174.0,874.0,-6.714628852932947e-13,8.766358199839578,87.57999107086923,859.2368707172661,1.0
0.19159796100724966,40.628168275589715,540.5374270076378,23.249460789610538,-2782.624302253925,507756.51856850873,0.16936670324733247,0.0011595797735099787,0.034052603035744256,-0.1634324883669872,-1.4418136070178913,0.0012441426039431795,0.013856567372141863,0.1682175039661444,-0.0229547309003762,0.1911722348665206,2.0383000842727483e-16,11.469805162179098,138.50891215045294,0.17264721811914172,0.06798117156531769,36.249997751311305,341.8518197851982,18.489235240679864,-618.3616706510917,263795.57054477127,0.0902432591149454,0.0014645268456317804,0.03826913698571971,-0.06550279286919111,-0.7540840707948049,0.0004414361789955693,0.007897589095109576,0.08317100484621573,-0.03282950330137026,0.11600050814758599,-1.122149248522497e-16,6.9365676952536495,80.4368071925561,0.09815948262882844,,,,,,,,,,,,0.02505800024456102,0.22080046101547762,2.6516504294495533,0.0,2.6516504294495533,2.1510571102112408e-15,11.494544576587948,136.14358430979837,2.712513833545311,,,,,,,,,,,,0.09899441290124343,0.5324390719494232,5.303300858899107,0.0,5.303300858899107,1.1782241848834474e-14,8.45300977774249,74.79482543257555,6.610627625988302,,,,,,,,,,,,0.8094652500316293,2.533581479715775,25.859905140536593,0.0,25.859905140536593,1.7985612998927536e-14,7.427200669022901,66.5961322371515,32.46638410263394,,,,,,,,,,,,-0.06972795253444723,1.8794341077353862,7.518987341772152,-18.285714285714285,25.804701627486438,4.038436252074007e-15,-5.31256485939634,62.18818434206629,22.95720035957958,,,,,,,,,,,,0.6248479638024961,6.717240416244922,58.857142857142854,-6.5,65.35714285714286,1.6198153929281034e-13,7.035541009207773,51.738817429545065,82.34835344035636,532.0,38.04782384046987,486.91540502182806,22.066159725285868,120.100210458615,426384.24923459627,613.6456850446209,22320.11608326069,149.39918367668778,-0.16043672512576246,-0.46295470394577204,3.4545454545454546,50.840863372190455,594.0,-128.0,722.0,-5.071498776487715e-13,10.233982389579197,119.56216929926505,632.3733074695674,442.0,38.262651792267896,496.10431440249107,22.273399255670228,243.94640931589515,434760.2995304285,972.4807160545122,219748.7633956093,468.7736803571733,0.48255760234227063,-0.4531146125965821,2.8701298701298703,86.78871951496981,748.0,-358.0,1106.0,1.226574397605873e-12,4.689218183971168,42.04907009582378,1077.6084632184363,1.0
0.0005978436649045155,36.02720776938321,442.3343505667756,21.031746255762396,-1564.2515466021237,331102.9411808648,0.000995111509740767,1.5142476672309047e-07,0.0003891333533932686,-0.047239038723095886,-0.8817024026168474,4.094819622633667e-06,8.83494168063643e-05,0.0009031529258117837,-0.00033421320964737496,0.0012373661354591588,-1.5365177663193008e-18,7.127521279504921,76.56567931668022,0.0010686760508563516,0.0135028758027678,30.391646722051476,485.9120467199357,22.043412773886345,3554.404752378909,417969.9438197608,0.01593654329629417,9.055906136571658e-05,0.009516252485391325,0.9443105663137755,0.7403722397141002,-9.248545070388905e-05,0.0015312332509989576,0.006719596426177852,-0.008441095218347686,0.015160691644525538,3.3637372401362775e-17,-1.130149260345544,12.811087949788531,0.018535679346149792,,,,,,,,,,,,0.00850422199309818,0.06570177026775388,0.7332959212304938,0.0,0.7332959212304938,-1.2715523078909996e-15,10.048358098749386,106.66223009432058,0.79223314140947,,,,,,,,,,,,0.04989310740229815,0.2677882142008186,2.320194125768359,0.0,2.320194125768359,2.491062911502695e-15,7.981043293188603,64.48891026939238,3.257388298292098,,,,,,,,,,,,0.5315037841415909,1.979990058051876,18.561553006146873,0.0,18.561553006146873,-3.186340080674199e-14,7.118313009843453,57.131773084635796,24.51547546068353,,,,,,,,,,,,-0.056828914430720294,1.4485161116657228,8.850746268656716,-13.125,21.975746268656714,-4.510281037539698e-16,-3.321602284507249,56.16198728880451,17.335058942261725,,,,,,,,,,,,0.745272012217026,7.377654879534044,70.83333333333333,-7.378378378378378,78.2117117117117,3.9968028886505635e-15,8.124370320429419,69.7401501765087,88.67291994064497,532.0,36.235337882879314,434.69131372052544,20.849252114177272,8.023178593850265,341210.45186454797,605.3675649399003,14219.262003667141,119.24454706051401,0.003886940970715246,-0.6729953639533133,3.643835616438356,50.945544352746204,593.0,-105.0,698.0,-4.733990977001667e-13,10.677514145034202,124.12000234183384,617.1499007534555,442.0,39.195737240887695,383.95237322697955,19.59470268279107,-1393.3882505561105,289092.07222196605,968.0983714910552,253479.40613006515,503.46738338254363,0.4041496468169103,-0.43074816734619603,3.0273972602739727,90.24456460735428,440.0,-440.0,880.0,1.1191048088221578e-13,1.1045169613711778,17.402022374906423,1091.0426206157117,1.0
0.025015560428377884,37.072948913504035,428.91368475795343,20.710231402810386,-867.8324466104721,333201.3127863925,0.02623472639995236,5.404593973380586e-06,0.002324778263271701,0.24444956202223592,-0.6536605432469778,0.00017252110640260607,0.0021796576186484326,0.02612460969962524,-0.0028033041797590566,0.028927913879384298,-6.667843360785852e-18,11.745165434302637,140.46408177692112,0.026328639837058538,0.06430403841834945,33.704608865418244,480.79522308990704,21.92704319077032,794.1922800498012,387650.4585539341,0.03207147091019632,0.00016674162898367123,0.012912847439030295,0.7093005845574593,0.09971593933543871,0.00044347612702309955,0.0028612479590792573,0.029285315552539767,-0.00570833508247499,0.03499365063501476,2.4936649967166602e-17,7.406134346724644,71.76273276866132,0.0348653780847608,,,,,,,,,,,,0.004278567782042198,0.023525287675770973,0.21496046148071044,0.0,0.21496046148071044,2.714842239903703e-16,7.435224705144626,57.57264007558895,0.2859363185335916,,,,,,,,,,,,0.03892974220648687,0.15767813656321014,1.2153397801643786,0.0,1.2153397801643786,-2.3869795029440866e-15,6.423553689901028,41.98062953326462,1.9421746831061097,,,,,,,,,,,,0.47616254965243054,1.3248387879193637,9.722718241315029,0.0,9.722718241315029,9.880984919163893e-15,4.956194874036406,28.49221726965082,16.834957322084367,,,,,,,,,,,,-0.06026964386698424,0.9936457436439422,3.9865771812080535,-6.875,10.861577181208053,3.346628529854456e-14,-3.051246235796785,27.50387366344553,11.904112483431978,,,,,,,,,,,,0.35903212982897076,4.24186566854589,40.55555555555556,-2.3689320388349513,42.924487594390506,-5.2458037913538647e-14,8.118085727420166,69.304433136905,50.906708439006394,532.0,35.76296822715448,426.1755626324007,20.644020021119935,89.78245927064721,327100.4404856931,606.2336194028363,4526.743150181367,67.2810757210478,-0.48570374023187907,1.117899900736901,3.668965517241379,50.47909163241065,594.0,-56.0,650.0,-3.277378368693462e-13,11.131790350360866,130.53647406511132,609.4522130569385,442.0,35.38514205761068,428.6837583749001,20.70467962502439,-111.54701930960368,323734.6272804342,687.8970949897973,111832.97559348677,334.4143770735445,0.18825701352775212,-0.469616802437454,3.0482758620689654,63.30008781760898,534.0,-244.0,778.0,-1.0578204978628492e-12,5.2664076329977725,43.17874581193657,763.1172911158546,1.0
0.13333030601971527,28.615369103914304,496.614082424303,22.284839744191633,4308.127185088625,479091.8150423433,0.04390858888139419,0.000871331622956675,0.029518326899685133,1.18679248541537,1.1083678426831534,0.0009008804460791572,0.004343845076488164,0.03301712208195069,-0.0007943310581853802,0.033811453140136075,7.589415207398531e-18,5.965812442502213,37.23296595483118,0.053969669192477046,0.05544143126396945,43.304377735634375,396.0414937970193,19.90079128570066,-3863.482466754529,347366.1705657293,0.05382872956689808,0.000763634689065238,0.02763394088915365,0.48307883684139236,-0.42992791373836087,0.0003746042652970908,0.004950499873420193,0.027236597667421623,-0.027003413611499983,0.054240011278921606,4.2717565595928875e-17,0.49025837117774873,16.64611152168574,0.06039760796705599,,,,,,,,,,,,0.004658455244011088,0.026930391305013058,0.2521917189417042,0.0,0.2521917189417042,-2.8449465006019636e-16,8.227215301940157,69.04198730648167,0.3279640133896198,,,,,,,,,,,,0.04723427479986725,0.22461076388154327,2.269725470475338,0.0,2.269725470475338,-1.7208456881689926e-15,8.407587135326766,75.79158826946833,2.7542829127186716,,,,,,,,,,,,0.5817377734927608,1.9985017066342874,20.42752923427804,0.0,20.42752923427804,-1.1879386363489175e-14,7.722819415664936,70.59734785506313,24.97738214521494,,,,,,,,,,,,-0.10649263968843597,1.4679486612127943,3.827338129496403,-14.444444444444445,18.271782573940847,-6.938893903907228e-15,-7.121751945018364,66.42189600887936,17.66167629116928,,,,,,,,,,,,0.05903484126020063,2.306847820488215,16.0,-9.333333333333334,25.333333333333336,1.0925982341092322e-13,4.681968810836984,32.6880829821879,27.69123697182618,532.0,37.003045000230486,450.18718718679986,21.21761502117521,2.636353499477574,366801.5692762447,553.7631123706151,21933.280242474382,148.09888670234622,-0.03416745178982187,-0.8163737040477833,3.5945945945945947,46.89159981215979,532.0,-130.0,662.0,8.277822871605167e-13,9.69452483123595,110.36191833372621,572.1345995480434,442.0,36.83786075209033,450.5791759189564,21.22685035324262,-239.92645768709704,361469.8839192471,826.9942483179324,48412.51324905819,220.02843736448747,-0.05598518990316699,-0.6797814624921341,2.9864864864864864,70.27878716578033,793.0,-130.0,923.0,-3.739231146937527e-13,9.708466256953255,108.97746581313369,855.7499634823247,1.0
0.906833726321235,42.92852785035337,596.5845803849188,24.425080969874365,-1123.2827075169264,646142.717807263,0.9250011313340949,0.0028949593436255025,0.05380482639713191,0.23315529470809215,-1.3024559624052492,0.0053031212065569305,0.07064868421962243,0.916334807571243,-0.11267528079862431,1.0290100883698672,1.5040052536718918e-15,12.626983663259455,163.5299900868442,0.926450486901865,0.4740695557624244,36.50299095847281,588.616591414054,24.26142187535706,3211.2466523413664,637218.013167401,0.36016471896708685,0.007645672832032609,0.08743953815084231,0.5090706994560182,-0.38709880079496395,-0.00277233658340599,0.028259552815790723,0.019453912757774344,-0.353706343901449,0.37316025665922337,-1.0312931064682118e-15,-11.47154252154952,140.60975670440456,0.37131560431404786,,,,,,,,,,,,0.0026137214809967657,0.013744242116093283,0.17701808359244475,0.0,0.17701808359244475,5.837344496661956e-16,12.158950881123848,154.1058682064397,0.18241456719632523,,,,,,,,,,,,0.0395693549477183,0.17915032543777482,2.301235086701782,0.0,2.301235086701782,-1.1199374760906267e-14,11.95403278199648,150.87173877690645,2.3921323965083245,,,,,,,,,,,,0.6774665946796654,2.4780043456935403,29.916056127123163,0.0,29.916056127123163,1.2279066652354231e-13,10.094791055747962,115.58515554091744,33.49491467538163,,,,,,,,,,,,0.04196216446370138,1.8160320588703796,21.153846153846153,-6.7631578947368425,27.917004048582996,1.1435297153639112e-14,9.092227291922807,109.07896519060054,23.684481302227155,,,,,,,,,,,,-0.18291201748184877,1.151139016775792,11.0,-4.2105263157894735,15.210526315789473,1.404432126150823e-14,6.242965009160612,58.36248214282997,15.197310063102618,532.0,42.26143480852208,595.7643783082106,24.408285034147944,-134.9458646387372,633152.8091758039,647.3872085850246,74589.82568990182,273.1113796418996,0.13518498435059803,-0.6306616341472522,3.111111111111111,53.57472176517319,572.0,-257.0,829.0,1.341149413747189e-13,7.176539174531565,80.88716487526621,701.7606429545618,442.0,42.00647306416452,603.9317081228708,24.57502203707803,440.4264973290579,651332.7906308387,875.6429820548342,103811.89738988232,322.19853722492644,-0.14998248645584653,-0.8059388206025095,2.584795321637427,71.14237107238023,787.0,-160.0,947.0,-6.190603585309873e-13,9.20320936138413,94.43697485311802,930.9210492839874,1.0
0.4163894153114826,32.9341631232845,513.0923497405081,22.651541884395158,1083.2736438393167,431137.88529841055,0.20669255937839115,0.007951769081668546,0.08917269246618353,0.2531273766151297,-0.1947931833222759,0.002635376046275206,0.017907658685826947,0.18594983255859557,-0.0010973843438848495,0.1870472169024804,4.822531263215524e-16,8.530355400230528,78.17624305389175,0.22752022448369325,0.004392096433905934,46.34671296176229,541.9428151085332,23.279665270543155,-2841.3891226318456,496770.4992720431,0.09926888195632408,0.0026748117058320677,0.05171858182348069,0.7616938842838815,0.49759689012686353,2.7798078695607143e-05,0.008800570768497664,0.05913148814012517,-0.06200933825049256,0.12114082639061774,-7.923485001795627e-17,0.981996853675204,36.073626742423585,0.11062201108438277,,,,,,,,,,,,0.013595345915151838,0.14167423891765096,1.7677669529663689,0.0,1.7677669529663689,-2.831068712794149e-15,12.367795644334144,153.58232627555049,1.771932737869721,,,,,,,,,,,,0.053677482807758324,0.2996868116020685,3.5355339059327378,0.0,3.5355339059327378,3.975986206938842e-15,10.580904720430913,119.77880390731845,3.7904466580289187,,,,,,,,,,,,0.5390922631286702,1.3891722579509396,13.113616669277791,0.0,13.113616669277791,4.340972026284362e-14,5.813668216879212,45.65468695899997,18.55168738190634,,,,,,,,,,,,0.07710636805270034,1.0508399608021066,9.272727272727273,-2.787878787878788,12.060606060606062,3.1183389204159084e-14,4.861460793975353,40.420815895946156,13.11802395019888,,,,,,,,,,,,-0.08989164710945145,2.034247462729368,20.77777777777778,-9.909090909090908,30.686868686868685,-3.4264258097493894e-14,6.358951555312457,75.18345029461373,25.350891570422988,532.0,39.42673187893899,511.6095613523749,22.618787795820865,120.95804425302292,473097.3785264202,530.9618405608182,15254.258045483475,123.50812947123552,-0.10756039905649195,-0.6540420236041736,3.367088607594937,43.0781383702668,511.0,-92.0,603.0,-1.0231815394945443e-12,10.468627633793337,123.30968600350047,543.1353422490567,442.0,38.91107249621826,506.9373126971266,22.515268434933805,-204.4844067903935,460146.73878830037,826.0115505358266,41095.095596589446,202.7192531472762,-0.42520924924184844,-0.10715637098183652,2.7974683544303796,67.61663710836216,799.0,-111.0,910.0,-1.5933920849420247e-12,10.531275276857736,123.07182746335705,850.6550417178516,1.0
1.5265444539179727,43.40529689941543,587.1925571561321,24.232056395529707,-3739.819108248574,665950.2779779293,1.0448332273452883,0.16556437348825456,0.4068960229447501,0.20278516489792803,-0.9604291465589695,0.009196050927216702,0.08661368590460321,0.9668604884198011,-0.12199196117230647,1.0888524495921075,1.6132928326584306e-15,9.360975918157916,95.97325320728145,1.122211503155168,0.4382780750976697,35.2772356238098,635.7843242829225,25.214764014024055,3939.47860135734,632213.6481530124,0.31670626501308186,0.024553243491748016,0.15669474621616392,0.12028455629937274,-0.9104944944621755,0.002640229368058251,0.027425215647482282,0.2581128575216178,-0.17159475585466583,0.4297076133762836,5.594483210025203e-16,4.193808529036674,57.25331754116019,0.3549828191544756,0.4886354737641671,40.07450936066459,580.4392553192696,24.09230697378874,380.36058748922255,605766.9239314582,0.1859777628874334,0.002246998808344087,0.04740251900842493,-0.06172859840599507,-1.1084186872657589,0.002943587191350404,0.014882228434718934,0.1810193359837562,0.0,0.1810193359837562,-7.719519468096792e-17,10.852985501370755,126.12408220936034,0.19545879660484924,6.424706393688168,38.01178629548999,604.7386955827224,24.591435411189856,1502.3391975028985,655651.6832407833,1.3625558724018834,0.4231907718267803,0.6505311459313692,0.22179412865183087,0.052065840716879426,0.03870305056438654,0.11712028168724654,1.1059247927208289,0.0,1.1059247927208289,5.440092820663267e-15,7.224782432463302,58.88419161432169,1.5892464755069449,114.53182788889939,38.73648380565386,612.3092357743195,24.744883022037495,1080.674429985044,664402.075028603,24.53451309786199,122.33724567663853,11.060616875954006,0.021145772740800702,-0.5919561996375411,0.6899507704150567,2.0779905160258534,18.80072147625409,0.0,18.80072147625409,-1.5987211554602254e-14,7.070106441524903,56.01901839486129,28.210223748635816,20.468911648723495,40.935261496765335,592.4167866542125,24.339613527215516,-70.85758991889536,628175.4537618044,18.163785559306934,67.91977217282437,8.241345289018314,0.09630892413615723,-0.7064216551025824,0.12330669667905722,1.5433190803262153,13.294117647058824,-4.909090909090909,18.203208556149733,1.8263168755083825e-14,6.286968350365555,51.84303557177573,19.94764051145017,19.874275447090724,40.60611135587926,585.0825597192128,24.188479896827182,150.97460197113713,610155.4406225766,20.29944503955625,51.58630218183005,7.1823604881563865,-0.05484785839283656,-0.41727888379245,-0.1197245508860887,1.6682269532343872,18.372093023255815,-2.4,20.772093023255813,-1.0824674490095276e-15,8.899426079593663,93.70043027000452,21.548881931708312,532.0,41.46332811900363,564.4820457598613,23.75883090052752,157.8182867942672,577119.8697799128,578.0383055826217,54353.45221893084,233.13826845657672,0.07368188946292852,-0.7999899208792578,3.2048192771084336,48.228936731182,512.0,-216.0,728.0,-9.769962616701378e-14,7.140969937394315,79.45364555714413,622.75677435095,442.0,40.82297077608984,570.5326896559824,23.885826124628437,38.99632402486576,582609.8581173137,864.5993427237973,96049.25367001125,309.91814027257465,-0.22722210078988728,-1.1064317783568054,2.6626506024096384,71.25311696558701,790.0,-90.0,880.0,3.108624468950438e-14,9.604228455045586,98.43702249684429,918.6729559533143,1.0
0.1340107060796666,36.94362595071775,827.069698799673,28.758819495933295,10015.148264041887,1145273.8032330421,0.0697971218966267,0.0011397302278726709,0.03375989081547319,0.36856384016406146,-0.9489938728545166,0.0007528691352790256,0.0057935471168317635,0.05955944756832942,-0.0038926124791663643,0.06345206004749579,-1.5092094240998222e-16,8.548021999802392,76.90011665807936,0.07794546826535442,0.06535276260985984,50.703570044201186,826.2317216949399,28.744246758176494,-10188.189350928105,1132643.7903011597,0.07398847671169227,0.0014569839137152452,0.03817045865214676,0.2897934041780332,-1.3244097822205052,0.0003671503517407856,0.00620962655892867,0.04639742916258658,-0.034764902940141645,0.08116233210272822,-3.7621815385247004e-17,2.5564501057234157,35.03363953579228,0.08299143646196362,,,,,,,,,,,,0.004259278488306757,0.023550119028020032,0.2209708691207961,0.0,0.2209708691207961,-4.81385764583564e-16,8.67594892241716,76.65402547122775,0.31749633457344933,,,,,,,,,,,,0.0490004483636512,0.22698525324752408,2.794954614394164,0.0,2.794954614394164,7.265021917390868e-15,10.585082564923843,123.73487339976754,3.0806670458158734,,,,,,,,,,,,0.7229137116001597,2.866664060604605,36.33440998712413,0.0,36.33440998712413,1.488809076022335e-13,11.10775444295741,136.4824504763799,39.22122645274571,,,,,,,,,,,,0.2055823050351794,2.0803652206396825,25.692307692307693,-2.9444444444444446,28.636752136752136,1.8290924330699454e-14,10.632935675508962,129.02860847064113,27.733595191189696,,,,,,,,,,,,-0.21351574004699003,0.8023206489063363,6.246031746031746,-5.0,11.246031746031747,-3.552713678800501e-15,2.263158233447433,32.07371620394238,11.014449668686884,532.0,44.61324350602815,649.6754116272657,25.488731071343384,-167.02534372622443,757185.4661271797,570.3865318647761,71072.73235716044,266.5946967911411,0.34771017447388386,-0.8758945884435033,2.9887640449438204,47.12617402513892,402.0,-318.0,720.0,-1.056932319443149e-13,3.6272282698887137,53.19145776139881,630.0047618867654,442.0,43.76718650812203,655.5621208105808,25.603947367751342,44.78450673756901,768478.7668061929,853.9304307146581,88535.26893768052,297.54876732677036,-0.23785169348959417,-1.258095605097698,2.4831460674157304,67.74955737813895,787.0,-46.0,833.0,1.7408297026122455e-13,10.203834810022455,109.93490630161399,904.4987562180503,1.0
23.705530930396392,41.678147967804826,588.1020241131256,24.250814916474983,-134.83017068284383,622869.0098314496,23.594448186977985,0.05451303887265141,0.23348027512544053,-0.5840587675797361,-0.37613020645388545,0.14110435077616906,1.8148248508905847,23.591533658439815,-0.24085889417102804,23.83239255261084,-3.774758283725532e-14,12.95765638387816,167.93361011633593,23.59381159907447,0.7524597303089792,41.15906402230561,590.5730958654184,24.301709731321754,136.95187244108254,620036.8681178415,0.9067117244534947,0.008332299798940221,0.09128143184098407,-0.13240544088380904,-0.5137687910771642,-0.0044789269661248765,0.07012006400226059,0.08519444097123785,-0.9014303439684429,0.9866247849396808,4.0766001685454967e-16,-12.548305653605686,161.18678752735656,0.9107121056027716,,,,,,,,,,,,0.00722399343242606,0.03928496895194156,0.3862898156482066,0.0,0.3862898156482066,-9.80118763926896e-16,7.702443673938504,64.42608064998505,0.5130854246614427,,,,,,,,,,,,0.06419226357434653,0.281418489122089,2.3744820306511225,0.0,2.3744820306511225,-4.8155923693116165e-15,7.012099122394145,52.777352832281025,3.707736115100699,,,,,,,,,,,,0.7302167324019435,2.4603903100363635,21.370338275860103,0.0,21.370338275860103,2.1760371282653068e-14,5.85773948276925,39.34533027258378,32.96682571025149,,,,,,,,,,,,-0.0038302146321395184,1.81475998590893,9.934782608695652,-15.11111111111111,25.045893719806763,-6.093649890237529e-15,-3.4562025850735916,39.1962270408868,23.311066013913845,,,,,,,,,,,,0.20470247896213706,4.003765527783126,36.833333333333336,-13.666666666666666,50.5,3.169686735304822e-14,5.990849508415309,49.908577789749685,51.496474137061355,532.0,41.9463013990755,576.438788040379,24.009139677222485,25.32735166207479,594338.117899917,487.9017216182194,23137.171946739538,152.10907910686836,0.009611865404942636,-0.42224230302178956,3.1666666666666665,39.306740405048146,457.0,-136.0,593.0,1.5898393712632242e-13,9.114372335408097,107.44117975483968,511.1242510388252,442.0,42.040872008216645,580.302922110923,24.089477414649803,-159.04937991021083,614352.9240098511,849.7171452537305,77310.48734756523,278.0476350332173,0.2566827038023745,-0.46969602466602806,2.630952380952381,68.82678046092823,787.0,-164.0,951.0,-1.6511236822225328e-12,9.013847511712594,101.71930768890772,892.7485648266257,1.0
1.0348513101762602,42.89878792182125,919.5871164259113,30.32469482824042,3655.557431061334,1226478.5460866021,0.6371346407150048,0.07425071467156509,0.2724898432447806,-0.3692039860902835,-1.1752527156811874,0.005685996209759674,0.05113836264303383,0.546100906756298,-0.051838273788325014,0.597939180544623,-8.795048023202412e-16,9.374894765901923,90.37560719493528,0.6941456684160935,0.3210885347491485,47.278892649844266,987.6022055169436,31.426138889735462,-6399.859992866515,1386733.3329418646,0.20411268042914354,0.012881943410513451,0.11349864937748577,-0.009616802387938187,-1.4316092296228644,-0.0017642227184019143,0.017206299044360173,0.027475427611106953,-0.16109315491112258,0.18856858252222952,-1.3314002678121994e-16,-8.313289646306233,73.63336129315749,0.2333426578359421,,,,,,,,,,,,0.04453168482677138,0.5504147230717664,7.424621202458749,0.0,7.424621202458749,-4.0245584642661925e-16,13.429228304728262,180.55198711696607,7.429269031157111,,,,,,,,,,,,0.12535112112912006,1.1106170426637074,14.849242404917497,0.0,14.849242404917497,2.220446049250313e-14,13.007778058491612,172.4699150457163,15.036693271568605,,,,,,,,,,,,0.8203599247105815,2.9115827371257708,29.698484809834994,0.0,29.698484809834994,1.2745360322696797e-13,7.472644694805453,63.36609358604843,40.696499896885385,,,,,,,,,,,,0.13858716816311173,2.1344661668484006,21.0,-10.75,31.75,-6.644684802381562e-14,5.832042975311471,60.72929323847281,28.77677104764529,,,,,,,,,,,,-1.0041917189730618,15.476084808026412,48.5,-202.5,251.0,-7.061018436615996e-14,-12.111202048974405,160.77976633098578,208.64727642808103,532.0,45.56504581783564,687.411028009563,26.218524520070975,51.949824831482346,850509.582711708,636.3724896575676,50879.76869274342,225.5654421509275,0.00705010799068627,-0.6863389636197291,2.923076923076923,49.67769322059305,586.0,-192.0,778.0,-1.5187850976872141e-13,8.993760495388793,107.23775988956164,671.3478978890155,442.0,44.88896976927916,675.4172682679424,25.988791204439316,746.3917175104389,814940.9284335821,975.7606893780568,197384.81332819606,444.2801068337362,0.060196389197085066,-0.754439472617473,2.4285714285714284,79.45731356004276,785.0,-405.0,1190.0,-8.197886813832156e-13,6.110163795046144,62.43862695275944,1072.4383432160564,1.0
0.002032456406219769,36.70918704714469,433.5588843927134,20.82207685109037,-171.6780191743416,331667.0949535968,0.0017292112710873449,3.809790069295678e-07,0.0006172349689782392,-0.13080700311061208,-0.28259795525476833,1.4114280598748395e-05,0.00015152469391355947,0.001578767190381602,-0.0002552632903536181,0.00183403048073522,-1.128247885742728e-18,8.50190883734073,82.11844668821078,0.0018261676244715906,0.010818245063944016,31.70802312364114,422.9825020625151,20.56653840738677,2232.6237888876635,311185.44516552915,0.01388343285781962,6.540428061838725e-05,0.008087291302926293,0.4907635495751292,-0.7262269313835635,7.512670183294454e-05,0.0013387973969352642,0.0065208049030065695,-0.005544592639050227,0.012065397542056797,3.835365185167472e-17,0.9179837421414803,10.739516234457835,0.01609084332025911,,,,,,,,,,,,0.004498923396451593,0.026306733523301866,0.2473842966250312,0.0,0.2473842966250312,1.9949319973733282e-16,7.922269462330909,65.3427420358175,0.31803208129971444,,,,,,,,,,,,0.04018751366671086,0.18458105158255428,1.7316900763752183,0.0,1.7316900763752183,-2.3314683517128287e-15,7.6790002949696445,63.00272629197402,2.2510660856227123,,,,,,,,,,,,0.48463300502063034,1.5213612497578992,12.121830534626529,0.0,12.121830534626529,3.441691376337985e-14,5.427868177769894,33.705035190869,19.026720859319795,,,,,,,,,,,,-0.08653510894572332,1.1257070115398058,5.759615384615385,-8.571428571428571,14.331043956043956,-1.5626389071599078e-14,-3.277342698985594,32.97975541792992,13.45392334336856,,,,,,,,,,,,0.6380238312018902,6.193822212082622,58.42857142857143,-3.029126213592233,61.457697642163666,-8.215650382226158e-14,8.087388312466965,67.95962043517461,74.1984645163085,532.0,35.82438021874374,431.40253268455496,20.77023188807855,34.1021087258872,334217.30985870544,611.3042156580874,9951.489251983867,99.75715138266463,-0.07877899175412947,0.4216474804584629,3.6944444444444446,51.252815339714914,599.0,-60.0,659.0,-8.562039965909207e-13,10.98715671225211,127.88595915870893,616.6295484324442,442.0,35.61654255982057,429.2323720840115,20.717923932769217,234.4453562444634,329473.395984038,740.0535471041107,116760.08075195747,341.7017423894082,0.0027678283975015473,-0.7416942105848735,3.0694444444444446,67.54110402580557,431.0,-312.0,743.0,-1.2256862191861728e-12,3.120438990238454,26.161818933317544,811.32977265721,1.0
0.057822152592649105,31.25148887515872,373.51441480920846,19.326521021881007,1787.8024580129925,286288.84446005337,0.04905772117743498,0.000163543722169755,0.012788421410391316,-0.8106250265875686,-0.8333155442655574,0.0003933479768207422,0.004167185831750152,0.04083524494761437,-0.011051963923852657,0.05188720887146703,4.141652298894627e-17,8.102881876528931,73.030933831322,0.05074902537901208,0.10958774502694674,27.913422682256883,372.0631804124169,19.288939328340916,3697.4607829662837,312890.26110422885,0.05923403894093219,0.0006667411576859188,0.02582133144680806,0.22366364667683125,-1.05080390394952,0.0007454948641288893,0.005311397294979407,0.05487077123800381,-0.008702196734132334,0.06357296797213614,-1.0581813203458523e-16,7.984287633923107,76.2499506081661,0.06502849730065198,,,,,,,,,,,,0.0033670693541521554,0.020612877805951606,0.19378436568960775,0.0,0.19378436568960775,1.8821749714348357e-16,8.416520820950868,71.31627943582492,0.2506328306446341,,,,,,,,,,,,0.033496390529858235,0.14691598870413478,1.3564905598272543,0.0,1.3564905598272543,1.2628786905111156e-15,7.797398116700497,63.97784831017019,1.8082338045240942,,,,,,,,,,,,0.46720354014369825,1.5301574378814917,12.970990017390731,0.0,12.970990017390731,-3.019806626980426e-14,6.036335605541488,41.32259533328511,19.198728455245824,,,,,,,,,,,,-0.04424314285883088,1.130430453687175,9.171875,-6.714285714285714,15.886160714285715,7.271960811294775e-15,1.5834913374309818,41.26809400533625,13.575551080863452,,,,,,,,,,,,0.2455419156225813,3.257805038969992,33.0,-3.268292682926829,36.26829268292683,-3.502753642692369e-14,8.355434445699846,76.74879678147313,39.20454270380266,532.0,36.181355232172365,440.4110210533396,20.985972006398455,116.85000960595616,349031.4615032932,596.175871571421,6587.672621809984,81.16447881807647,0.0972051934742477,0.8197589189957198,3.619047619047619,49.45627263041901,587.0,-47.0,634.0,3.6504133049675147e-13,11.279726207620111,133.2713984717308,601.2287418279336,442.0,36.165583319110745,436.61260506949674,20.895277099610254,-186.02233513396015,341223.7663798416,674.3479367522754,48189.175266442275,219.520329961583,-0.030876322794131265,-0.6495453216850783,3.006802721088435,58.29277461890612,634.0,-134.0,768.0,2.2470914018413168e-13,9.084872143875204,95.59397346393045,707.7019146505116,1.0
0.18386604629477432,37.50721692974956,483.9678632970431,21.999269608262978,146.6243887873419,421395.8768651794,0.20338015289980527,0.00013703975624300513,0.01170639809006191,0.40900759372999984,-0.5894833569506007,-0.0012017388646717276,0.016415615290217157,0.013849784641253663,-0.20291586422154578,0.21676564886279945,3.1051550219984847e-16,-12.240816693567998,150.94528472183785,0.2035933202569697,0.2645779300556012,37.05204731039003,492.3195821628879,22.18827578165748,-66.22721570220227,430848.54722244455,0.2593046448512468,0.001080189203568055,0.03286623196486106,0.049855125657858455,0.5353647443118787,0.0017292675167032761,0.0210620865674251,0.2572258642868127,-0.018698599865419843,0.27592446415223254,2.896988204881268e-16,11.782413629975379,143.2309701030223,0.2614002373332105,,,,,,,,,,,,0.005614565568777385,0.03671239726544297,0.41860721446243615,0.0,0.41860721446243615,3.642919299551295e-16,10.132718985346674,109.34728244570071,0.4563746732507982,,,,,,,,,,,,0.050419537389938845,0.22105652904407708,2.093036072312181,0.0,2.093036072312181,8.881784197001252e-16,8.066815431812056,67.98176680252998,2.7861489436726394,,,,,,,,,,,,0.6220104754638228,1.77322616523372,16.97056274847714,0.0,16.97056274847714,2.1538326677728037e-14,6.610830497486482,53.48617827031492,23.091458112537822,,,,,,,,,,,,-0.0952169151829547,1.3253481698750502,3.781456953642384,-12.0,15.781456953642383,7.965850201685498e-15,-5.698318035255145,48.75981175990374,16.328126618860612,,,,,,,,,,,,0.16620626191628282,3.1645991108007236,33.0,-3.466666666666667,36.46666666666667,-1.1712852909795402e-14,8.413347090364452,80.50822702836173,38.94084128637589,532.0,37.872531751518025,476.8630741697752,21.837194741307208,-0.09480274707191877,409814.5827381077,591.6817707184482,19864.84009421839,140.9426837200796,-0.0463621122357406,-0.429931450932692,3.477124183006536,49.012081339399046,571.0,-120.0,691.0,-8.881784197001252e-14,10.187859436683858,118.77985229567878,607.7696932226878,442.0,37.87093033755369,475.1164791250104,21.79716676829836,-314.9239607687764,404757.48418231116,860.2961929747441,80124.57877421442,283.06285304542246,0.09435343584042184,-0.855182944798879,2.888888888888889,72.97923024037632,799.0,-180.0,979.0,-1.1715073355844652e-12,8.720389356569651,94.03207117135948,903.410205831216,1.0
0.0011728232338283871,39.11866487195728,517.8411826852712,22.756124069912943,192.64816496665966,473036.83496399806,0.0014678375434214628,4.552034321007119e-07,0.0006746876552158872,-0.12339027766009124,-0.33498583650837976,7.6157352845999165e-06,0.00012858733231901036,0.0012153386288122794,-0.00047055748526316155,0.001685896114075441,1.7160887511372125e-18,5.647342092858061,54.38972300138958,0.0015985230759529494,0.007712109542564401,34.79179766329702,551.3493474992791,23.48082936140202,1820.4555768643295,525702.4225526736,0.020842284085839435,0.0001054736208937879,0.010270035097008573,0.5174406012519942,-0.06371278471344671,5.007863339327532e-05,0.0018662803012126836,0.006699921893892925,-0.011473879304705196,0.01817380119859812,4.5672016515951874e-17,-1.2042717338155426,14.190948332448432,0.02316826590320092,,,,,,,,,,,,0.01068477908909808,0.07488036197211903,0.8380524814062785,0.0,0.8380524814062785,8.673617379884035e-18,9.663338813534581,101.22221023032748,0.9325381671627601,,,,,,,,,,,,0.06429801497633357,0.3178623967624619,2.7179416901857922,0.0,2.7179416901857922,7.452372052796363e-15,7.309020101239965,55.53055103197012,3.9982436365024085,,,,,,,,,,,,0.6378470998441742,2.3084702448029795,21.743533521486338,0.0,21.743533521486338,3.852473895449293e-14,6.7748121765728895,53.29156817481694,29.527179626166312,,,,,,,,,,,,-0.08310527443259598,1.69145955030608,9.88135593220339,-15.375,25.25635593220339,-2.2065682614424986e-15,-3.6120252836900724,52.137252444333434,20.878868942975465,,,,,,,,,,,,0.6820102374901248,5.886608210975839,51.166666666666664,-3.3333333333333335,54.5,-4.9182879990894435e-14,6.924099352409848,50.10009011218895,73.06044564210217,532.0,38.36006198352208,487.2654872933158,22.07409085994972,68.19538348593215,429755.91788949,603.7587594146912,18845.776014448602,137.27991846751877,0.06247623101185196,-0.9635712130017572,3.4545454545454546,49.609133389956156,583.0,-123.0,706.0,-4.289901767151605e-13,10.403526282702272,122.33626143062331,617.1239745788523,442.0,37.943484889685884,432.96844713739677,20.807893865968193,-287.8192991491894,347340.9251567644,804.6890579311263,166212.4291368256,407.69158580577255,0.2778285854980635,-0.7658878720721871,2.8701298701298703,72.67582363854977,525.0,-321.0,846.0,1.112887559884257e-12,3.011894003895873,26.911079931321613,902.5862839640318,1.0
0.0010662280558710931,37.64655230951046,482.75157388503914,21.971608359085575,480.56991862305347,416943.5771755042,0.0007308461706941849,9.157857331219767e-08,0.000302619519053543,-0.3253533109035158,-1.1036923310766737,6.923558804357749e-06,6.334643169587822e-05,0.0006356439054904284,-7.320046165344021e-05,0.0007088443671438686,-7.775762455794477e-19,8.61056353669232,77.80537165705684,0.0007907899440231692,0.00728702894235314,34.65717441994204,453.68874904060965,21.299970634735853,1103.1466902368086,374546.3320450584,0.01107158637715823,2.670249078112858e-05,0.005167445285741164,0.0014456684744912237,-1.043203386723344,-4.7318369755539856e-05,0.000984507289979248,0.004254527656540389,-0.004206589685300783,0.008461117341841172,-1.1478990501190278e-17,0.4329710978757944,10.64375575501132,0.012231517458980497,,,,,,,,,,,,0.07517305817228633,0.9115825666224396,11.313708498984761,0.0,11.313708498984761,8.576472865229334e-15,12.368619052940378,152.9883795320185,11.313927963358884,,,,,,,,,,,,0.16400842528080958,1.8227421114257112,22.627416997969522,0.0,22.627416997969522,3.7636560534792807e-14,12.354632941954367,152.75390129299532,22.6371596706421,,,,,,,,,,,,0.5724594477605605,3.7158983916904744,45.254833995939045,0.0,45.254833995939045,-5.240252676230739e-14,11.525612413358676,138.25207697799016,46.505359191547214,,,,,,,,,,,,0.17322556660381913,2.652884890345578,32.0,-2.875,34.875,5.623279619726418e-14,11.43163844925433,136.98255274377152,32.88425484585917,,,,,,,,,,,,0.3023229871245278,4.260553600065463,48.75,-3.7155963302752295,52.46559633027523,4.718447854656915e-14,10.228468378763875,112.2399322436822,52.83264685437321,532.0,38.08989928884148,486.7585232067026,22.062604633331546,-20.08950805477452,425577.8496579721,592.8542973243752,6401.418507657567,80.00886518166325,-0.40667694332640647,0.11890717926200609,3.4545454545454546,48.095426100684016,586.0,-26.0,612.0,-5.568878691519785e-13,11.667722626450038,141.37970926084859,598.3861629416242,442.0,38.59871402857402,486.76150501544043,22.06267220930956,1225.2693409237852,421220.59140365757,826.5709852091809,186414.38043629844,431.7573165984549,0.33618017754662183,-0.8886899374391142,2.8701298701298703,74.51581382748728,434.0,-405.0,839.0,1.112887559884257e-12,1.784369445274177,24.119925417026224,925.4026150816735,1.0
0.42252369145485114,38.1111443427412,697.8017115899129,26.41593669718931,-153.88869265744466,769570.5863298129,0.1816927311994471,0.00765112747036695,0.08747072350430714,0.9824824422418605,0.7151650562478031,0.0024423334766176365,0.015286914504105508,0.14517450239829097,-0.023995957120816473,0.16917045951910745,2.0816681711721685e-16,6.958381741107839,54.188070642886586,0.20361795446611114,0.3302498594295486,42.49758477272108,647.8127978258553,25.452166859146892,-3303.0055228327483,733348.5194806883,0.14710881437036621,0.005077746760006924,0.07125831011192255,0.16647352953575753,-0.7168373174970931,0.0019089587250262926,0.012391565839392537,0.10159336447255962,-0.040921131126609514,0.14251449559916912,-1.704365815147213e-16,5.229199469756111,37.383568624512826,0.16490827673071135,,,,,,,,,,,,inf,,inf,0.0,inf,-inf,,,inf,,,,,,,,,,,,inf,,inf,0.0,inf,-inf,,,inf,,,,,,,,,,,,inf,,inf,0.0,inf,-inf,,,inf,,,,,,,,,,,,inf,,inf,-2.939655172413793,inf,-inf,,,inf,,,,,,,,,,,,-0.1741080691209417,1.0667814223345289,11.661764705882353,-2.0,13.661764705882353,2.2037927038809357e-14,8.361351784550555,90.84636528648694,14.051648360541787,532.0,42.849485445528636,597.8517670530041,24.451007485439206,1.8769848924841472,647018.9065315092,515.4014056207591,55499.70503763413,235.58375376420616,0.21718699154689003,-0.53588982092193,3.0751445086705202,42.95999100664773,332.0,-341.0,673.0,1.7497114868092467e-13,1.1101013169800624,51.351216387716676,566.4962488843153,442.0,42.68693101071795,612.0233326081578,24.7391053316032,72.38823246651506,673225.3200279273,865.2342569461765,96537.77363005355,310.7052842004036,-0.199321470331956,-1.276740178498607,2.554913294797688,69.69308141592532,793.0,-98.0,891.0,-2.4780177909633494e-13,9.88794176314944,104.35050116301213,917.2851247022378,1.0
0.26784155844216734,45.61679654134091,827.7766760958538,28.771108357097642,-3033.3405988296117,1062052.3380091263,0.1766855300859531,0.003120705442812282,0.05586327454430399,0.14945812090253768,-1.5915041538143577,0.0015047278564166698,0.013818079907144459,0.1682246046429681,-0.012814262156188232,0.18103886679915632,-5.160802341031001e-17,10.698015327027418,123.22830633654273,0.1854460293645961,0.07608893941411847,41.877721081886044,551.5542981182409,23.4851931675735,-1101.0050388816746,644019.8674955601,0.10455306972077598,0.0022694027451492147,0.047638248762409546,0.008361661771248563,-1.1661588701104988,0.00042746595176471053,0.008590739656261464,0.07923674924245305,-0.044816098601978854,0.12405284784443191,-1.1926223897340549e-17,3.274082691657567,46.3326103238342,0.11475656507024579,,,,,,,,,,,,0.0031072943244433936,0.016126671468362355,0.1590747765632288,0.0,0.1590747765632288,-2.905661822261152e-16,9.068904993548381,82.9661810062706,0.2178797068967857,,,,,,,,,,,,0.04408410747121763,0.18778001321898874,2.027520464422652,0.0,2.027520464422652,6.38378239159465e-15,9.06629481950555,87.16401254994261,2.5589127718048785,,,,,,,,,,,,0.7150273693457554,2.517005955111237,28.385286501917125,0.0,28.385286501917125,1.2656542480726785e-13,8.628062923986931,86.99530667522808,34.71309016190145,,,,,,,,,,,,0.17784554306111788,1.8416466874248083,20.071428571428573,-9.11111111111111,29.182539682539684,4.1744385725905886e-14,6.820861151433983,81.91325366430956,24.545861449420542,,,,,,,,,,,,0.3393576593860685,5.6174864949618595,56.142857142857146,-1.6444444444444444,57.78730158730159,7.294165271787278e-14,9.288503178537493,86.20568067141704,74.66024372450875,532.0,44.001894520227154,640.5202989960859,25.308502504021963,67.71854462991176,736863.8286455962,519.9666104152888,61870.49933413428,248.7378124333618,0.29815336907270173,-0.65204795604705,2.9887640449438204,43.18772567563847,339.0,-336.0,675.0,-1.056932319443149e-13,1.423348543447683,50.120013325763175,577.5742376526156,442.0,44.044219637762545,663.6470212541047,25.761347426990397,74.78115698201931,785446.8285607422,863.2470913315447,90870.95368965022,301.448094519853,-0.2613474809580314,-1.1834068985883262,2.4831460674157304,68.14683623601822,786.0,-74.0,860.0,4.298783551348606e-13,10.087644479733532,107.67543618539969,909.7955814357421,1.0
0.8743230831410966,38.56037573921536,620.6603125950569,24.913055063461343,-1856.8057217097885,636251.1911633336,0.43109115454342306,0.04271839459510447,0.20668428724773558,0.36158086184546445,-1.081127521766446,0.0050832737391924235,0.03644625929658058,0.3379084892080078,-0.04295841136399327,0.38086690057200107,-8.534839501805891e-16,7.941444525516634,66.52064327991923,0.48261491071333285,0.22803411128790269,42.22811285670646,589.7344184732439,24.284448078415203,-4525.548359410663,629443.1357326778,0.1586149498947531,0.006133202177888779,0.07831476347336293,0.7434063203293313,-0.7383250259498034,-0.0013257797167901316,0.013484699107776008,0.06158468212811466,-0.12166171193547815,0.1832463940635928,-4.718447854656915e-16,-5.084083831531732,46.38380581628958,0.17770285851434608,,,,,,,,,,,,0.012830416516903708,0.10554315402189639,1.2954417202206672,0.0,1.2954417202206672,-2.9524993561125257e-15,11.186503720905623,132.3605172152891,1.3780668080369027,,,,,,,,,,,,0.10830958032123925,0.8261438785220142,10.363533761765337,0.0,10.363533761765337,9.908740494779522e-15,11.6746666076425,143.1339347072843,10.799680786906258,,,,,,,,,,,,1.0315755197307082,6.557556325935121,82.9082700941227,0.0,82.9082700941227,-1.1257661469699087e-13,11.78764834801776,146.21121362549627,86.04089973658382,,,,,,,,,,,,0.32073987319433117,4.682944847433408,58.625,-11.166666666666666,69.79166666666667,-1.4788170688007085e-13,11.49839576952262,144.6083465352771,60.84010366313026,,,,,,,,,,,,0.6477090975279,8.297706070934318,99.0,-7.066666666666666,106.06666666666666,-3.430589146091734e-14,10.50069928632292,119.9183075732649,107.8777276515389,532.0,42.72672519862299,597.6790622431452,24.447475580172796,-52.886131763046784,637905.985450011,491.02080401885365,19504.61653230642,139.65892929672066,-0.07692505398582615,-0.49895010491334274,3.0930232558139537,38.90615659625714,469.0,-97.0,566.0,-3.481659405224491e-13,10.05416785766761,120.78562533174406,511.8593556827891,442.0,42.9286737356174,617.5884585535808,24.851327098438443,-56.153678423826086,692662.2438919242,846.2746227329678,64911.37919724278,254.77711670643183,-0.7186298620283146,0.28342880286316685,2.5697674418604652,67.00443246318382,792.0,-159.0,951.0,6.501466032204917e-13,9.912543465446989,114.15289920804375,879.4009324534516,1.0
250.59978204320473,40.0324288146741,546.7988617767081,23.38373070698318,-22.841211842747178,537991.1256320382,250.9615308364166,0.12764877187560936,0.3572796829874452,0.40933169858508256,-1.3016880320794646,1.5374219757251826,19.596454244422215,250.95886858933557,-0.5766438524951172,251.5355124418307,9.992007221626409e-14,12.767037023040887,162.99814761716772,250.95956586965158,2.879336897489959,40.21618220713073,539.949653291434,23.236816763305466,-143.38410256297362,528213.7928860438,2.9374970467156793,0.0031571518216034836,0.056188538169305344,-1.149265592276084,0.38665100741219915,0.01766464354288319,0.22941762376805405,2.9365105745458466,-0.05235679682344756,2.9888673713692944,4.440892098500626e-16,12.751577282274345,162.73554327821347,2.9376778539317465,,,,,,,,,,,,0.18313550203699586,2.22205655432072,28.284271247461902,0.0,28.284271247461902,-9.381384558082573e-15,12.6805496283677,160.8622186954159,28.290332355341278,,,,,,,,,,,,0.22807523992278536,2.2291538006941107,28.284271247461902,0.0,28.284271247461902,1.3711254354120683e-14,12.504600312490833,157.75599720979437,28.432452270892576,,,,,,,,,,,,0.8028754458619408,2.8498742771577987,28.284271247461902,0.0,28.284271247461902,2.7755575615628914e-14,7.005828051121386,58.25709803880397,37.56845981305293,,,,,,,,,,,,-0.18309095219972318,2.085587181541321,10.172413793103448,-20.0,30.17241379310345,2.3370194668359545e-14,-5.307566037125362,55.900572247528196,26.564912692544027,,,,,,,,,,,,0.4475929455258287,6.651385708348157,61.2,-18.0,79.2,1.9506618542664e-13,7.768227775177102,66.98353091374084,84.5874971675042,532.0,40.44730283748654,535.8885810743805,23.149267398221923,67.23748953278597,521445.58038163336,625.016708800159,48171.90384407417,219.4809874318825,-0.013387472845603848,-0.6832246464038667,3.263803680981595,51.72637165104782,590.0,-194.0,784.0,-1.0480505352461478e-13,8.98334726877898,104.119484919914,661.7114174623255,442.0,40.380636223633104,537.7276991137537,23.188956404153977,105.44806021434282,515510.58620481787,869.2944010508243,100939.9850424295,317.7105365618671,0.057542301460070194,-0.5288558241366864,2.7116564417177913,72.27068442541234,740.0,-280.0,1020.0,1.6511236822225328e-12,6.8897073487048965,70.30698191774034,923.3395908331885,1.0
0.12895719686491497,27.13029878677593,435.2473788551059,20.86258322584013,6121.184591370556,455166.4921154967,0.06117160718212565,0.0011311626616685411,0.033632761731212935,0.2792292363230357,-1.0050980855142269,0.0008266486978520193,0.005588835972849389,0.04153106636865428,-0.005417737077647204,0.046948803446301486,1.929879867024198e-17,6.485922197196133,42.20822692480082,0.07056398482064229,0.043825233548263336,42.98364534887978,635.1184870513247,25.2015572346497,-4664.794831314038,652701.6027113503,0.10666952506319018,0.002358693431492194,0.04856638170063932,0.13883385523408218,-0.2777084710188032,-0.00028093098428373946,0.009296299066081651,0.0557350094799801,-0.054203190108564316,0.10993819958854442,-5.659535340374333e-17,-0.007660192470493723,25.646461596612085,0.11616374379666795,0.17785326076411756,34.312735132140624,582.9746068131869,24.144867090402194,1798.2074699711675,582125.0526574645,0.03558933074990499,0.0003228163811068147,0.01796709161513946,3.5327940812996017,15.920274469433203,0.0011400850048981894,0.0031862737932613185,0.03266162661517545,0.0,0.03266162661517545,-1.929879867024198e-16,6.596013976613656,60.901867067141254,0.04226739857888977,3.18924793566451,35.879459781690386,561.9876889585445,23.706279525867075,757.1403473857098,549138.565832959,0.7812991578060374,0.08670335065909221,0.29445432694917595,3.2424076405690405,16.128490971071464,0.02044389702349045,0.06671505183576132,0.7512174121490354,0.0,0.7512174121490354,3.3861802251067274e-15,8.643396827014405,92.42807927836428,0.8715163604001048,64.1923968831218,36.79859616551237,544.748380397312,23.339845337904706,289.424950601175,522351.1100495127,17.722938306639563,26.781204114914818,5.175055952829381,3.075061180062679,14.97854187101213,0.4114897236097552,1.4747256840512335,17.278000479427813,0.0,17.278000479427813,2.864375403532904e-14,9.755810192851843,110.3169719124722,19.122912518508898,8.813836242464017,37.46209836853608,518.6063351671303,22.772929876656853,531.2893340544395,475951.9387914809,13.164293737735594,9.550238954577322,3.0903460897733317,0.7894546920409338,1.2176127598380042,0.05649895027220525,1.0811464685862655,12.217391304347826,-1.6683417085427135,13.88573301289054,-6.827871601444713e-15,9.164925578828386,103.14878099197321,13.521941117874762,5.922801984335042,38.71462279334151,503.3809025728649,22.436151688131922,-47.47427527143556,456123.0925217845,34.56365801465887,7.628798852904731,2.762028032606608,0.15339436404627124,4.380836053706497,0.037966679386763076,2.7668232336277354,34.130434782608695,-1.25,35.380434782608695,8.201772594418344e-15,12.100140751373686,149.56201231249148,34.56086449847859,532.0,38.850351762429966,495.8431636339297,22.267536092570495,-118.30482829422448,435695.1715601938,533.9983002803068,73439.86657979467,270.99790881074097,0.3169612446725388,-0.7581151907738437,3.41025641025641,47.92874944134459,337.0,-332.0,669.0,2.0339285811132868e-13,1.7222919446222558,37.91429497297748,600.1433162170516,442.0,38.82266279341166,502.5118559838377,22.41677621746351,-29.089863283757335,454347.65261965786,871.8302239191095,117194.98373807836,342.3375289653157,-0.18963034658899816,-0.9690189961267385,2.8333333333333335,74.68573760571282,785.0,-245.0,1030.0,-1.305622276959184e-13,8.393663532916174,84.40876872178835,933.4955811357652,1.0
0.610448672806375,41.58219190725053,610.8199316486032,24.714771527339742,-1501.4579634650274,634736.152355683,0.5172067564456486,0.00667623944651588,0.08170825812924835,0.7261308496152806,-0.5676527420470613,0.0037682016839899694,0.04091462320096077,0.5120999712694057,-0.034850024579688436,0.5469499958490941,-8.500145032286355e-17,11.999483216561066,148.77947013701083,0.5229620723995846,0.1876438079756508,38.64637088877682,454.24701112419564,21.31307136768879,1023.3867256065562,451161.46711987257,0.18247074414164033,0.003051317654919139,0.05523873328488932,0.448536881475033,-1.0272701851231572,0.0011582951109608073,0.014944691296825395,0.15879149021194616,-0.07853530519634182,0.237326795408288,-9.974659986866641e-18,6.6682254760423705,81.99640894146263,0.19078533008195525,,,,,,,,,,,,0.001985021989898508,0.00576775162749977,0.06767232866824381,0.0,0.06767232866824381,-2.5847379792054426e-16,9.454538211043674,106.29446819598643,0.07691525278362005,,,,,,,,,,,,0.03335962814507397,0.09373213573256454,1.082757258691901,0.0,1.082757258691901,6.689093723366568e-15,9.077287708629497,99.41063117225711,1.2545413151329512,,,,,,,,,,,,0.6079223570539672,1.60221356394953,17.324116139070416,0.0,17.324116139070416,1.354472090042691e-14,7.8197691874383395,76.38641364184082,21.608530851885188,,,,,,,,,,,,0.0651083738140517,1.2099958049572865,12.25,-5.32,17.57,-9.853229343548264e-15,6.0016225579805,66.69001059498402,15.27953869684674,,,,,,,,,,,,-0.13598728485104733,1.5453882822896767,17.48,-1.25,18.73,2.2426505097428162e-14,9.63120528638953,107.43513014946038,19.561903794468112,532.0,40.530130145052375,537.288141144292,23.179476722831602,-161.0858674459485,519045.0882368573,568.1791891245282,48378.90287295447,219.95204675782054,-0.02318993655651791,-0.7592695654972347,3.2839506172839505,47.688478451143915,511.0,-183.0,694.0,1.5898393712632242e-13,7.432722580162765,82.39643788269132,608.4126888880605,442.0,39.763779027425244,539.1925402840537,23.220519810806426,68.13968311456773,517352.37492152315,866.8270811267107,86843.10772164361,294.69154674276564,-0.16900243927489764,-1.2041613969167726,2.728395061728395,71.88657257914892,793.0,-66.0,859.0,-9.938716516444401e-13,9.642177059129533,98.43441260188436,915.6254692831562,1.0
0.007924783250837428,36.79467335394748,563.1912701564506,23.73165123113962,-372.49031895059704,496571.34162635717,0.005318219762376998,4.853021429133662e-06,0.002202957427898611,-0.1809783516282839,-0.9226266230379082,5.079989263357325e-05,0.0004608054466536512,0.0038008181110908545,-0.0014301943760528632,0.005231012487143718,6.1663998560113065e-18,5.7319199460044565,40.40977057979063,0.005790326160600254,0.02199790182123195,32.48392608670402,542.8354947065037,23.298830329149652,5268.121957085091,547765.7361818803,0.027458895965501242,0.0001951034826237719,0.013967944824625128,0.5884734797349901,-0.39001309518899535,0.00014101219116174337,0.002463684316076631,0.016477366130638427,-0.012895277484352454,0.02937264361499088,-8.673617379884035e-19,0.9617304187441471,19.212626623489626,0.030821769517416824,,,,,,,,,,,,0.008308485587903085,0.05250461215982544,0.5237828008789241,0.0,0.5237828008789241,-4.926614671774132e-16,8.123161311637986,70.24369227053614,0.6575272468234047,,,,,,,,,,,,0.054897355691275,0.2654098625787651,2.5632620818012346,0.0,2.5632620818012346,-1.9220736113823023e-15,7.615489901405449,62.16843121699033,3.3524298004348965,,,,,,,,,,,,0.5576474982835492,1.915984595248757,20.506096654409877,0.0,20.506096654409877,-1.1879386363489175e-14,8.093102236013385,78.65175508561296,24.682808963742037,,,,,,,,,,,,-0.11027088860206533,1.4067068571358914,4.190140845070423,-14.5,18.690140845070424,4.191091917959966e-15,-7.219062030536636,73.64299664175184,17.453381596994095,,,,,,,,,,,,0.8097692693689288,7.4177520448483865,69.5,-6.333333333333333,75.83333333333333,5.6288307348495437e-14,7.523912499832749,60.033002663920996,92.2976276253914,532.0,38.83429030819698,496.4846381807102,22.281935243167506,-24.4713288160097,444709.3093056245,610.5541227999149,14809.047747411201,121.69243093722469,-0.03653523143177139,-0.7034410137748356,3.41025641025641,49.726414560698785,595.0,-116.0,711.0,1.9628743075372768e-13,10.844244336235297,129.87355116304,622.5415648773984,442.0,38.17843299629518,496.1567887957094,22.274577185565374,800.6326252073062,437427.4913232406,858.2465199415432,149303.80844412826,386.39850988859706,0.2257231031941243,-0.7780253538110459,2.8333333333333335,75.31751876209553,517.0,-340.0,857.0,8.144596108650148e-13,2.956642384073906,25.840920987868074,941.380900592316,1.0
1.4573905370866609,38.81437103806558,728.7722360472104,26.995781819521554,3596.4489838781797,844479.497426736,0.930603105486857,0.07726085866755228,0.27795837578233235,0.316834035470218,-0.9704277917206935,0.00852275167886936,0.07405414187229836,0.8927112206243093,-0.003009715449454923,0.8957209360737642,-1.2836953722228372e-16,10.730037973471227,122.67463830213958,0.9747757185170286,0.05960268191002818,42.79348005218398,374.2023609801733,19.344310816882913,-491.93566975571224,312080.11775158317,0.31422787805087427,0.018335279940618225,0.1354078282102561,-0.4119689253204853,-1.378192744242602,-0.00034855369538028204,0.02608911778707,0.16394672478541508,-0.291994743989302,0.4559414687747171,8.218252467440124e-17,-6.745184586285945,100.51097962247758,0.341189929769675,,,,,,,,,,,,0.005183708974838022,0.03077829707048913,0.3535533905932738,0.0,0.3535533905932738,-3.3046482217358175e-16,9.661575471344587,101.89866001614746,0.4045507394154363,,,,,,,,,,,,0.05283787119592201,0.21164771080834263,2.099674217604952,0.0,2.099674217604952,3.524958103184872e-15,7.751768295146019,64.77530380685471,2.827463140812279,,,,,,,,,,,,0.7673141928105781,2.6083872037052314,29.39543904646933,0.0,29.39543904646933,-2.0539125955565396e-14,8.66750601687396,88.73046168772292,35.24106154743662,,,,,,,,,,,,0.20879954117212765,1.9111855454343456,20.785714285714285,-3.576923076923077,24.36263736263736,1.6375789613221059e-15,8.165244843049525,82.34620717197257,24.919193596404924,,,,,,,,,,,,-0.16084395588072062,1.3846448679385281,14.527272727272727,-4.5,19.027272727272727,-1.3822276656583199e-14,7.586714483398234,77.87593547224712,18.067729455023173,532.0,42.58791239599608,585.586759559682,24.19889996590097,-279.8876531286533,620902.6191880584,563.0472546630195,68133.04783996628,261.02307913279674,0.17282596617716456,-0.8151315544135886,3.111111111111111,47.32016674354365,446.0,-279.0,725.0,-7.993605777301127e-15,4.9254562367575465,59.06654509623059,620.1274062642289,442.0,42.10775262344191,601.186810311641,24.519111124011836,-9.212851500353162,650933.9637125732,873.6223968018431,93724.77839443868,306.1450283679921,-0.23070436011815623,-1.197173497752915,2.584795321637427,70.58359568160368,799.0,-72.0,871.0,-7.895906151134113e-13,9.870246451309576,103.4582670964605,923.618969055963,1.0
0.1568145893906269,39.52386422202294,591.687155047964,24.324620347457923,1626.8154993901037,630905.6257199965,0.13952377439329297,0.00014135163154164703,0.011889139226270632,0.30397798330162606,-1.5873310363309454,0.0009334201749442083,0.010777124498679961,0.1392005695347639,-0.0016837996654928084,0.1408843692002567,-8.890457814381136e-18,12.700425601013066,163.14609923851637,0.14021045322924705,0.015412158850545504,41.77443369902261,517.6586319061258,22.752112691047525,842.4467853322109,507207.61043250357,0.07965406908613873,0.00025962705134662374,0.016112946699676747,-1.5918945350529614,4.15489638225345,9.173904077705668e-05,0.00625187914072306,0.02077730076167147,-0.07439374520999013,0.09517104597166161,-2.7376104855258987e-18,-9.842586252389468,121.42015476988259,0.08104233884473093,,,,,,,,,,,,0.006235066180965368,0.049604701910130874,0.6222539674441618,0.0,0.6222539674441618,3.0010716134398763e-16,11.804005470864071,145.1100630273617,0.644140834997345,,,,,,,,,,,,0.04968544059045282,0.260241599030697,3.111269837220809,0.0,3.111269837220809,5.329070518200751e-15,10.374038879905427,117.65998693603467,3.4135405749561274,,,,,,,,,,,,0.5638381472395274,1.624709495994884,15.556349186104045,0.0,15.556349186104045,7.349676423018536e-14,6.4412481585322805,50.52175440617154,22.157632338345717,,,,,,,,,,,,-0.045771120639191004,1.2151963651380195,6.846153846153846,-11.0,17.846153846153847,1.715294573045867e-14,-3.6534048094130873,47.075833000197775,15.667812081482596,,,,,,,,,,,,0.5490596037952512,6.793234040703148,63.6,-7.545454545454546,71.14545454545454,1.1124434706744069e-13,8.682867424878971,76.44127008069015,87.8101144511711,532.0,41.68020655664435,579.067032023797,24.063811668640465,268.9923217481154,605469.3653211393,599.7172247074542,14635.178960617297,120.97594372691331,-0.012312722466863083,-0.33664878187591396,3.1666666666666665,47.03641783952712,584.0,-78.0,662.0,2.7977620220553945e-13,11.30757114020228,139.72347647838913,611.041733435614,442.0,41.86663477047412,571.3450709074011,23.902825584173122,-466.31460660358726,588021.7944008748,863.1772893203616,119248.11005869588,345.3231965256546,0.008160601861716668,-0.8920790453510348,2.630952380952381,71.6839591145124,659.0,-332.0,991.0,-1.5374368445009168e-12,5.5996593787139215,51.925608864160125,929.7558819389099,1.0
0.0293529582835294,44.93647827637595,524.9097469320222,22.91090890672001,-6629.814733374048,600289.0954233572,0.02485525550022386,0.00016667473770580197,0.012910257073575335,0.19819060349053894,-1.1348677834344472,0.0001716547268042655,0.00213556761740002,0.02078052430256776,-0.005032987300107551,0.02581351160267531,-4.6891743959998067e-17,8.398365880964056,76.01420099714423,0.028016237458417474,0.012320374870258433,31.97591373937173,576.2876731630528,24.005992442785047,10025.653330288775,774629.9559014966,0.07335762384913772,0.0016195725090409915,0.04024391269547472,0.8258451703108476,-0.21656880518271152,7.204897584946455e-05,0.006379780043182452,0.03633106194634595,-0.05263225556499868,0.08896331751134463,-1.7862230791698686e-17,-2.566425483986954,36.36428595796044,0.0834317693788584,,,,,,,,,,,,0.002981467922619991,0.020480938536636337,0.2638765830666999,0.0,0.2638765830666999,-1.3834419720915037e-16,12.502414797806757,159.45904435919527,0.2674617450227599,,,,,,,,,,,,0.03710472774483536,0.15581660598724353,1.8471360814668996,0.0,1.8471360814668996,4.2396641752873165e-15,10.069541714869297,112.15217485833199,2.0698988169089767,,,,,,,,,,,,0.6318871612293162,1.9556770859600892,18.950461735799475,0.0,18.950461735799475,9.969802761133906e-14,6.825239775834552,55.18572801863164,26.55937423200433,,,,,,,,,,,,-0.021664096861050232,1.4531028151665915,9.142857142857142,-13.4,22.542857142857144,4.9439619065339e-14,-2.7823788182192697,52.474168548311596,18.780313623521515,,,,,,,,,,,,-0.18279333195785788,1.167779362756673,10.116279069767442,-7.44,17.55627906976744,4.091171845743702e-14,3.493504937361094,48.19635844751854,15.274795614416663,532.0,42.59682034207079,588.2794695814567,24.254473187052668,-9.265591984456215,624807.4385707959,612.3988967575513,89233.48536778131,298.71974385330026,0.2596067282981389,-0.7223726370991512,3.111111111111111,51.95313277559091,434.0,-335.0,769.0,-1.2168044349891716e-13,3.517565112830229,47.09425715092221,680.5923890259132,442.0,42.01014038499875,599.3315059239271,24.481248046697438,272.19487887619914,645943.6495783073,864.0584160781207,111552.99478104016,333.99550113892275,-0.23115173668251188,-0.6739870814189683,2.584795321637427,70.63337185148524,783.0,-186.0,969.0,-7.043254868221993e-13,9.202477386853738,95.47527761747062,924.2694412345353,1.0
0.0003367006928931822,37.3068585977166,427.2281785612884,20.669498749638038,-923.6553506898375,319770.0619763575,0.0010641021596496183,9.595911728195036e-08,0.00030977268646856254,-0.05744729626458628,-0.8621384741400542,2.3711316400928336e-06,9.239103801237344e-05,0.0010028431028198143,-0.0003830783504917744,0.0013859214533115888,-9.147955830346444e-20,8.470901573366746,99.55685754331923,0.0011013287956721692,0.01264148473086424,33.303753635315104,451.390661926775,21.245956366489484,680.0015126341972,351578.89914822363,0.019674813814341843,4.2381378139818184e-05,0.006510098166680606,0.18455831962841834,-0.4925434473708274,8.902454035819885e-05,0.0017323423027233605,0.0060535555534500275,-0.016324908254559515,0.022378463808009542,-1.1438332919722072e-17,-5.389820478201684,57.87165582787844,0.020670481407260504,,,,,,,,,,,,0.008370194265577249,0.07985240400009179,0.9428090415820632,0.0,0.9428090415820632,5.447031714567174e-16,11.65861732450215,136.8274325133944,0.9466038528088703,,,,,,,,,,,,0.04201723183842399,0.24527941521942934,2.82842712474619,0.0,2.82842712474619,2.55351295663786e-15,10.736877223842198,121.32682853057176,2.9339246859698234,,,,,,,,,,,,0.4503384990722712,1.2318754397660217,8.48528137423857,0.0,8.48528137423857,2.375877272697835e-14,4.606907984307261,25.06028465148415,15.463658652967954,,,,,,,,,,,,-0.00328866117391599,0.9274427832111158,6.0,-5.8,11.8,-2.981122293466143e-14,0.5573663593921779,24.866372376485405,10.934457895467675,,,,,,,,,,,,0.05544733177267486,2.255699759232705,18.53846153846154,-5.666666666666667,24.205128205128208,-5.440092820663267e-15,7.036118053600556,55.57471290148649,26.6023412061052,532.0,35.08131618318377,414.371437677453,20.356115485952937,35.28187079856326,307646.0790551115,603.3746550391027,17210.9411494017,131.19047659568014,-0.09298954056392938,-0.5957832839869919,3.7464788732394365,51.707660998265155,587.0,-145.0,732.0,7.025491299827991e-13,10.062680254003055,115.5872285065421,617.7831334699904,442.0,34.954260129247274,405.46294100579775,20.136110374295175,-164.2408893411379,296308.4509697803,623.7389620551916,93767.53820022794,306.21485626962635,0.21439680963455016,-0.8137508892211517,3.112676056338028,58.248508243190585,429.0,-257.0,686.0,-4.725109192804666e-13,5.0708951914362865,40.26610794431563,695.1014314472385,1.0
0.011901841734584341,39.52947954187905,432.38354995116913,20.79383442155797,-1316.2503491197806,357226.2456933163,0.01766035588460574,6.824302840012345e-06,0.0026123366628389125,-0.6087683498060419,-0.726641921547307,7.934561156389561e-05,0.0014528207619853323,0.01695037415962813,-0.004944540038786189,0.02189491419841432,-8.673617379884035e-19,10.269215418670823,123.31363888954598,0.017819864867038463,0.030109406933453577,28.9847057156241,440.2085548692874,20.981147606107903,3751.9531393285683,395075.7857685885,0.03801178779834821,0.00041200256449599234,0.02029784630191076,0.5576651967544183,-0.23743783291479365,0.0002007293795563571,0.0035103434346561106,0.030142040801671963,-0.015294866389143196,0.04543690719081516,5.708324438136181e-17,4.024738153113209,40.97282389322447,0.043062982908265275,,,,,,,,,,,,0.009588753239183238,0.0805312246197904,0.9428090415820632,0.0,0.9428090415820632,3.608224830031759e-16,10.903657672690136,124.0044890478829,0.9866250070122237,,,,,,,,,,,,0.06917741965967736,0.48316408252516185,5.65685424949238,0.0,5.65685424949238,-1.304512053934559e-15,10.83258364164343,122.95593165643241,5.9378860559046185,,,,,,,,,,,,0.6547432526325542,2.9676487085577854,33.94112549695428,0.0,33.94112549695428,-1.1102230246251565e-16,9.926515063556511,108.5121527582481,36.97124399411431,,,,,,,,,,,,-0.19978384866403842,2.139602814998441,4.746031746031746,-24.0,28.746031746031747,1.482147737874584e-14,-9.551145488654061,105.04664499077707,26.142617337140653,,,,,,,,,,,,0.774168233876825,7.593435972411805,67.66666666666667,-5.780821917808219,73.4474885844749,6.750155989720952e-14,8.046292592586957,66.1560820583416,92.85699615848175,532.0,37.42925040601132,457.74479211609446,21.394971187549995,-109.80502325476479,378373.6718342983,619.7245142069025,25608.05982435208,160.02518496896693,-0.001205009128593476,-0.8765716896918561,3.546666666666667,52.13029658674698,598.0,-144.0,742.0,-9.379164112033322e-13,9.934298943524404,114.23387275461202,639.9390595986465,442.0,37.724297132052186,415.8685050884289,20.39285426536533,576.5526740838824,334151.1730761161,968.521676279372,228331.09591032861,477.8400317159798,0.39412447931574673,0.0850072634014182,2.9466666666666668,87.95641243757552,520.0,-422.0,942.0,6.084022174945858e-13,1.9408921202821232,20.86587874073849,1077.8460001317442,1.0
0.0005949778414946929,32.4632948478001,383.560104322734,19.584690559790165,1132.5521882902278,279227.4795242087,0.0007923086807456027,4.977971785404596e-08,0.00022311368818171145,-0.2594459205374394,-0.5168653645864464,4.2197010035084594e-06,6.907327625903143e-05,0.0005810064652926269,-0.00024153650869269258,0.0008225429739853195,-1.6771252355635147e-19,5.1288155432220925,43.05904905957923,0.0008217287844111837,0.013716153572738608,30.283598821603956,408.84157236979723,20.2198311657095,2268.744939793463,315282.0154541453,0.01806511533137517,6.958315936018374e-05,0.008341652076188729,0.45213786505069536,-0.5454546427505116,-9.727768491303975e-05,0.0016697634905136426,0.0060951315204439685,-0.011558576939043093,0.01765370845948706,-1.8539857149502126e-17,-3.48181563525363,25.0353486400578,0.019860961753526456,,,,,,,,,,,,0.0027898168860023627,0.020662678365310713,0.24249203744394635,0.0,0.24249203744394635,1.1752751549742868e-16,11.44560558289941,133.06543358599518,0.24493397285192375,,,,,,,,,,,,0.03273777493126227,0.18733288551510302,2.182428336995517,0.0,2.182428336995517,-1.0547118733938987e-15,11.08197194162511,127.27590111715179,2.2340146200495985,,,,,,,,,,,,0.4851954533775506,1.8453193635236866,19.641855032959654,0.0,19.641855032959654,4.546363285840016e-14,8.647735680640201,85.9433344222085,22.41439959110155,,,,,,,,,,,,-0.09458811260635186,1.3458685595705187,5.385321100917431,-13.88888888888889,19.27420998980632,-1.2712053631958042e-14,-7.386757265421217,82.04242816109603,15.849373947092884,,,,,,,,,,,,0.3802235040103777,4.500332681509881,47.44444444444444,-4.236111111111111,51.68055555555556,1.4099832412739488e-14,8.961535930139592,89.0309679899265,53.0552905345261,532.0,34.71851734954067,403.47789879241833,20.08675929044848,-30.334607053785717,292035.0452354567,606.9576553017442,18956.333242037508,137.6820004286599,0.09390827986979637,-0.6150888398846612,3.773049645390071,52.22745790084739,587.0,-125.0,712.0,-3.9168668308775523e-13,9.937439128767657,111.66327595383973,621.7829203186591,442.0,38.34557550207371,390.4817735803411,19.760611670197385,-1748.8537278250674,292263.67362033785,836.8285669482144,194999.9066822553,441.5879376548405,0.29485804874692395,-0.8482339980897903,3.1347517730496453,79.4007895934226,438.0,-438.0,876.0,3.019806626980426e-13,1.7043484306009014,23.05314862412199,943.566637816323,1.0
0.2469385357724267,44.17908509226321,677.7287783104274,26.03322450850888,-855.070028755783,849058.117737554,0.3084454505401982,0.010901468174925221,0.10441009613502528,-0.37044243197207427,-0.8676640301764724,0.0013872951447889141,0.024339309857393906,0.20021822140300136,-0.18120003699155782,0.3814182583945592,2.7755575615628914e-17,2.293193936583102,50.01399413268367,0.32525395217157904,0.28802669538677284,43.557762262962896,686.8382466017848,26.207599023981285,-538.3498100153511,839068.7605732528,0.29467749430228457,0.007374548809325928,0.08587519321274292,-0.9203859686130563,-0.03866256654602435,0.001618127502172881,0.022899950721346405,0.27710875850750044,-0.07590554427885986,0.3530143027863603,-2.203098814490545e-16,9.918264413593759,119.62130146830684,0.3062852301014562,,,,,,,,,,,,0.014769321433106856,0.13451318549504526,1.7677669529663689,0.0,1.7677669529663689,2.0261570199409107e-15,12.662424127738362,164.70907857862852,1.8003365233168345,,,,,,,,,,,,0.0724079225239667,0.3436307839100086,3.5355339059327378,0.0,3.5355339059327378,2.914335439641036e-15,8.220001497274572,73.3698459890875,4.672101138929603,,,,,,,,,,,,0.7429065433928759,2.350148469591929,22.941686678496872,0.0,22.941686678496872,-3.1530333899354446e-14,6.510361352349758,51.17294461723446,32.79167743738334,,,,,,,,,,,,0.028995123641558183,1.742616786179798,9.363636363636363,-16.22222222222222,25.585858585858585,5.377642775528102e-15,-3.110150091927002,49.465753883703556,23.187217482455672,,,,,,,,,,,,0.04977466140647157,4.27361718441328,39.55555555555556,-13.409090909090908,52.964646464646464,4.708733403191445e-14,5.654573335380337,48.89633652019021,56.86063488901631,532.0,44.42571620653046,653.3800826748286,25.56130048872374,83.04459360102962,766348.6445189369,530.389704276816,32459.975080297736,180.16652042013172,-0.09039068929692863,-0.2783048316875703,2.9887640449438204,41.80707277994312,493.0,-146.0,639.0,-1.056932319443149e-13,9.018324951255996,107.75283005813577,559.1994277536414,442.0,44.24458920987941,656.7084425489928,25.626323235083742,292.1746790553504,782713.2384804373,947.3699169909281,157980.66734689445,397.4678192594898,0.41637106617120057,-0.09148232890572125,2.4831460674157304,76.81637412637039,798.0,-295.0,1093.0,2.291500322826323e-13,6.714866815100634,68.96576743230037,1025.393582971924,1.0
0.2482997059603928,38.51435293101175,508.9555375285367,22.560042941637693,-3.428471060939724,466443.9098171438,0.2916477503066008,0.0008239886062905863,0.02870520172879101,-0.045757821963975966,-0.8626955446899831,-0.0015916647817973899,0.023362910019301936,0.034810120614213604,-0.2896461577019621,0.32445627831617574,1.5265566588595902e-16,-12.102752948059528,149.9819328350623,0.29247905560950543,0.21382834881290474,37.79249996993286,511.8719296171991,22.624586838596613,-140.22208415394743,473090.1377590593,0.12489637803539831,0.0029489055094449592,0.05430382591903594,0.014946005557352881,-0.5948462457511515,0.001370694543672466,0.010903225124411116,0.10858091851084256,-0.03416098248123285,0.1427419009920754,1.8301332671555315e-16,6.60752414111516,63.92349316177279,0.13725313466992412,,,,,,,,,,,,0.005524066695579821,0.030001130181500094,0.25801152784035897,0.0,0.25801152784035897,3.7730235602495554e-16,7.464657402597222,57.84910981784055,0.3773317083532109,,,,,,,,,,,,0.051900892828611,0.23448636753957677,2.3221037505632305,0.0,2.3221037505632305,-9.020562075079397e-16,7.744560220304873,66.08332348896403,2.9706340339162995,,,,,,,,,,,,0.6187911912844336,2.071871403633925,20.898933755069073,0.0,20.898933755069073,4.163336342344337e-14,7.192860849306323,62.79359377361078,26.74620923973907,,,,,,,,,,,,-0.13084105111591987,1.5233704228277778,4.966101694915254,-14.777777777777779,19.74387947269303,-1.4932499681208355e-14,-6.396501903768939,58.97844152928733,18.91242592445379,,,,,,,,,,,,0.3227433310831869,3.8325382074835987,32.333333333333336,-3.9074074074074074,36.24074074074074,-1.0863532295957157e-13,7.0998944453075925,52.44510340152683,47.57367331356471,532.0,38.841520393518664,496.31725552069656,22.278178909432803,-14.094991448604285,446507.2423173594,608.672695350958,21855.549934199888,147.83622673147434,-0.033911298406361534,-0.41725189070244156,3.41025641025641,50.02100479245785,586.0,-133.0,719.0,1.3944401189291966e-13,10.160030624514201,119.3574949940551,626.2124240223919,442.0,38.63735905692451,484.8980687290795,22.02040119364494,-194.1846153768998,429678.4327309662,761.2411665757949,103266.11707955392,321.3504583465751,-0.048540105250447385,-0.36979826371435237,2.8333333333333335,65.95704053837754,672.0,-211.0,883.0,2.460254222569347e-13,7.158453584748459,71.05117057174766,824.5629145189589,1.0
0.16246683998502923,33.43285948226965,531.3294796640142,23.050585234740012,4456.4638626042215,548068.5938453246,0.10809913853961613,0.000978831795555773,0.03128628766018386,0.473638250600055,-1.294395805163774,0.0010028817283026495,0.00883129644899685,0.10251084517366008,-0.010003706578024253,0.11251455175168433,-1.1058862159352145e-16,10.064624323402086,110.67544207631401,0.11312650500402875,0.21018027869040704,37.03710485077422,611.564217365819,24.729824450768326,-157.32672078042054,625548.009991053,0.0926649706565608,0.00130766254947158,0.03616161707489835,0.9451404691557608,1.187136529940145,0.0012974091277185617,0.007802256927495628,0.05043607143772659,-0.028405378875816813,0.0788414503135434,7.979727989493313e-17,4.226227398634914,26.602115072916444,0.1006701263751526,,,,,,,,,,,,0.006785695709341022,0.04533617429500591,0.41902624070313926,0.0,0.41902624070313926,2.3592239273284576e-16,8.789226671358946,76.70721225318051,0.5798502380397099,,,,,,,,,,,,0.056104736643290264,0.24223363257380248,2.5141574442188355,0.0,2.5141574442188355,1.762479051592436e-15,8.406100312067448,76.44392135988902,3.145151804888612,,,,,,,,,,,,0.7389298679364456,2.124463587784452,19.368577049892387,0.0,19.368577049892387,1.0391687510491465e-13,6.591988086397068,49.887977947729944,28.45167941770907,,,,,,,,,,,,0.1936936870720011,1.5786589873572245,13.695652173913043,-5.9,19.595652173913045,1.587618925213974e-14,5.519281029961207,45.80626038936002,20.118375452407804,,,,,,,,,,,,-0.23998018939441393,0.8844059300368475,7.568965517241379,-3.25,10.818965517241379,-2.0039525594484076e-14,4.77331178333022,41.902491373833854,11.591475077046018,532.0,39.90525862626013,534.9033603537393,23.127977869968213,242.64145632557,513666.4919949007,514.1913520916017,64665.69787865522,254.29451012291875,0.16207674192123675,-0.6760318570422178,3.2839506172839505,45.04393864976709,338.0,-295.0,633.0,1.6076029396572267e-13,2.762917642163082,43.42304989436936,574.8373683051581,442.0,39.943216915409366,550.9032579145643,23.471328422451172,97.94403127509601,540661.2234675492,870.8005939618167,89751.36259278486,299.58531771898447,-0.28286480288529114,-1.1852456775454627,2.728395061728395,71.89335592263878,794.0,-45.0,839.0,-9.938716516444401e-13,9.69253370339011,99.02011282717214,915.7117450377057,1.0
0.20251128230617413,36.95403821931161,648.1484667489801,25.458760118061132,5982.945624897044,819216.9531946195,0.13508844353404212,0.0013984708666445328,0.0373961343810364,0.39470183625800215,-1.076365466160948,0.001150632285830535,0.01054643569869073,0.1301848030079269,-0.003854976003355316,0.13403977901128222,-3.7470027081099033e-16,11.04302925591736,130.369693103361,0.14074452694961648,0.13619375833840064,46.54740042455336,759.3463173332016,27.556239172521376,-3543.273608280515,966706.7038224214,0.11418009554999936,0.0014082259056554533,0.03752633616082782,0.15198389563484183,-0.8213323573767877,0.0007738281723772762,0.00899787559617148,0.09452287132522964,-0.03314875230486642,0.12767162363009607,2.45029690981724e-17,6.544575977261157,69.63402965981193,0.1198109396093675,,,,,,,,,,,,0.0015441220835921412,0.0032764352139542413,0.03355371303298458,0.0,0.03355371303298458,-7.48099499014998e-17,5.735714758250434,51.95491062496612,0.047502911530637036,,,,,,,,,,,,0.0287858606918701,0.07725442275986956,0.9059502518905836,0.0,0.9059502518905836,4.3576253716537394e-15,8.71179264609892,96.68557205982559,1.0812316667661794,,,,,,,,,,,,0.6043301333625318,2.0640455863173193,24.460656801045758,0.0,24.460656801045758,1.3311574065255627e-13,9.574838073643718,106.03853683223679,28.206131317633517,,,,,,,,,,,,0.07808774667283101,1.518766555485916,17.296296296296298,-2.9217391304347826,20.21803542673108,4.454769886308441e-15,8.978843002839556,98.29941013647414,19.944746725736906,,,,,,,,,,,,-0.07079991286468078,2.2862949154278898,29.185185185185187,-1.1875,30.372685185185187,-1.8041124150158794e-15,12.27938731466593,157.47040035445005,29.998850239490192,532.0,43.87546763610942,643.1594633406543,25.36058878142726,326.31395918757073,745328.1059011084,636.7917423038726,72903.54966087094,270.00657336604036,0.702495135331763,-0.17758119914289755,3.022727272727273,51.55049979317016,467.0,-336.0,803.0,-1.056932319443149e-13,4.029373344351409,55.49519656706245,685.0693395562233,442.0,43.71378568963797,650.127078623916,25.497589663023366,16.220844515909405,757545.79637605,870.5639912946876,102228.15524288121,319.7313798220018,-0.22846460080514455,-1.020636235768636,2.5113636363636362,69.4062471510674,788.0,-135.0,923.0,1.06314956838105e-12,9.681308300138078,102.021785185461,921.3804860099871,1.0
0.13320387857108815,40.33892092644012,530.1958401712723,23.025981850320136,-1242.093549543408,491548.99432696577,0.1396672852049066,0.0002093321998233398,0.014468317104049793,0.9439319432420599,-0.6439941881621171,0.0008484323475865485,0.011170565660768489,0.1389219876999232,-0.015083628221892409,0.1540056159218156,1.4289784633358948e-16,12.133087990466597,150.49949340026,0.14036992490168831,0.16443548432386124,35.98704788821526,597.2792176877497,24.439296587417356,1581.1267545787957,569189.7947371413,0.08599231303799862,0.0006486613108061725,0.025468830181344656,1.1167445092079593,1.486740349674006,0.0010473597727634473,0.007134784153725443,0.08317121065123376,-0.004857081322079016,0.08802829197331277,-1.1275702593849246e-16,10.161607078055345,113.62428693595844,0.09035668688024819,,,,,,,,,,,,0.022647093428084,0.22840962375961796,2.8284271247461903,0.0,2.8284271247461903,-2.282896094385478e-15,12.16638842702411,149.72463253456021,2.848387692762274,,,,,,,,,,,,0.07429553594185677,0.4817670427129242,5.656854249492381,0.0,5.656854249492381,1.0560996521746802e-14,10.53737933954828,119.03128112280629,6.049245717955885,,,,,,,,,,,,0.5135238688735803,1.4785655564268108,11.313708498984761,0.0,11.313708498984761,-6.994405055138486e-15,5.382382973968546,33.61975233044788,19.423668081940928,,,,,,,,,,,,-0.01189909976094838,1.1067022389523686,8.0,-7.5,15.5,-5.873426744962273e-14,0.07330724141251005,32.85874287910613,13.73460741625713,,,,,,,,,,,,0.3197248631516659,5.125494693645951,55.666666666666664,-9.0,64.66666666666666,-3.136380044566067e-14,9.299927559571223,94.31413096248242,63.729346895895354,532.0,38.88568957087274,500.9893345443078,22.382791035621715,-35.40369217031649,452759.380441392,594.5672352359786,6431.7258607674785,80.19804150206835,-0.10523877559656898,-0.1253236016040145,3.388535031847134,47.72861840710807,586.0,-45.0,631.0,-7.531752999057062e-13,11.695633824613004,142.99799219264443,599.543159413899,442.0,38.45098456622769,503.7732558358174,22.444893758621745,-86.78709977011684,451740.81823746045,748.2059917724561,87681.60156810303,296.1107927247891,-0.14787939771485406,-0.6260763553283878,2.8152866242038215,64.0148093590422,649.0,-212.0,861.0,-1.8758328224066645e-12,7.424673466349008,71.43311933766952,802.8785711426106,1.0
0.8511254894734225,43.73762025535529,641.0759604656204,25.319477886907944,-1424.378003575486,747373.6836763237,0.6996055823638976,0.018205040057531794,0.13492605403528185,0.1490014935342512,-0.9375074772970359,0.0050066205263142515,0.05434678446475081,0.6937763878832014,-0.055936988495835324,0.7497133763790367,3.5214886562329184e-16,12.159367052100356,153.48522903836258,0.7115958608844927,0.12130166904424089,40.189025158970075,507.33994295756514,22.524207931857784,253.456509280409,430318.5183338185,0.2139517969733358,0.007915445683033293,0.08896879050000227,-0.23817879506600037,-1.0308339190266622,0.0007135392296720051,0.017771133076472993,0.20087372219060132,-0.07307931843054659,0.2739530406211479,7.524363077049401e-17,7.776849472086644,97.1915998299474,0.2318939251881747,,,,,,,,,,,,0.01090815927323985,0.07711510743264148,0.8824692629208112,0.0,0.8824692629208112,-2.671474153004283e-16,9.833563705649524,103.87768492506031,1.003449452484272,,,,,,,,,,,,0.09574048356259365,0.517036299578018,4.412346314604056,0.0,4.412346314604056,-8.146261443187086e-15,7.597150364869885,58.36466683519366,6.774791561037551,,,,,,,,,,,,1.068966227482185,4.72932199350431,42.99209229614209,0.0,42.99209229614209,4.1522341120980855e-14,7.675004593762354,60.99868019826461,62.47017770169222,,,,,,,,,,,,0.28950794708316113,3.416251279611342,30.4,-15.6,46.0,-6.100675520315235e-14,6.42513992357722,60.29050406412217,44.173086274795224,,,,,,,,,,,,0.5114923498059999,7.250658183496867,73.8,-4.471264367816092,78.27126436781609,-8.992806499463768e-15,9.117452684804434,84.29768513919994,93.65035490567078,532.0,42.54858842977563,591.6904154696336,24.324687366328753,262.35179484716235,628995.2522632534,530.9920340898196,62324.63620374408,249.64902604204983,0.18225305439289305,-0.9083944367673633,3.1294117647058823,44.62491739594784,377.0,-286.0,663.0,3.4017233474514796e-13,3.6698643601618524,50.090097756475956,583.2666628567074,442.0,42.29264669817321,587.7679987095191,24.243927048015944,453.7754127164113,618744.2534457315,963.65079277368,181739.9260572459,426.30965982164406,0.18720129272777286,-0.5929061958572109,2.6,80.78929748571468,795.0,-389.0,1184.0,-1.091571277811454e-12,6.316637128851516,63.41517196297937,1053.9089144703162,1.0
0.07448447521129375,37.371684194372136,513.385184473541,22.658004865246653,-1237.1538338486853,492947.31321486965,0.0447425677288569,0.0002476512043379455,0.015736937578129537,-0.11567590732193267,-1.1693561485776307,0.0004569599706214341,0.0037035446955360914,0.031987241001068076,-0.007168222222027696,0.03915546322309577,2.1467203015212988e-17,7.395899286488912,57.930475738868886,0.04764225103238903,0.012154542231339046,37.9140288535188,598.2207377327226,24.458551423433125,3743.505916601349,636387.3308798216,0.07397714494162333,0.0005335838219213486,0.023099433367971357,-0.27668272104381586,-0.42593224779602484,-7.456774375054628e-05,0.006051595100709814,0.04554645363497302,-0.047251456611423825,0.09279791024639684,-3.664603343001005e-17,-0.887073646285618,43.100469899514344,0.07726745931275923,,,,,,,,,,,,0.0038388427260246673,0.018189238181519993,0.1653189465274104,0.0,0.1653189465274104,-9.454242944073599e-17,7.880898484364479,63.987577131163206,0.23587963234449438,,,,,,,,,,,,0.04762347963157792,0.1858064783781915,1.9838273583289248,0.0,1.9838273583289248,7.979727989493313e-15,8.640467797181788,81.9791280325189,2.433828046174069,,,,,,,,,,,,0.7074378914553585,2.158162417141302,23.805928299947098,0.0,23.805928299947098,7.194245199571014e-14,8.353202558932376,83.64680415580263,28.817693794498933,,,,,,,,,,,,0.05512523949139349,1.6050009042006776,16.833333333333332,-6.75,23.583333333333332,1.04638520070921e-14,6.93520238885624,76.52672174742727,20.377186700247684,,,,,,,,,,,,0.13154303433623,4.264565380806236,52.0,-4.066666666666666,56.06666666666666,2.098321516541546e-14,11.379285304798266,137.43000822612842,54.13700448478485,532.0,40.213150928144564,537.031437496591,23.17393875664193,-9.471284846669565,518887.1940747454,636.1294571897317,46078.23962142316,214.65842546106398,0.12350469078033761,-0.6303921803761406,3.263803680981595,52.424275300157845,595.0,-183.0,778.0,-1.0480505352461478e-13,8.962458043871353,101.99475005672844,670.6042051761978,442.0,40.509925734216594,495.62550490807746,22.2626482006988,-343.9557611252598,469337.661695893,993.2820943836074,203865.65628555598,451.5148461408063,0.28688712837398306,-0.6170556698355723,2.7116564417177913,85.19812520809351,771.0,-427.0,1198.0,1.5374368445009168e-12,5.262261671646427,50.71850391335731,1088.2876457995837,1.0
0.5629744704004883,36.36476925895981,533.2824442686828,23.092908960732572,780.8290192784873,543801.4139292258,0.33172597298449197,0.02128847762165731,0.1459057148354968,-0.3157027853457678,-1.1625063270636153,0.003632093357422505,0.02901426841295282,0.2658894014074813,-0.028029963877987417,0.2939193652854687,-3.165870343657673e-16,8.230776782003778,69.05436147625997,0.36404406384786103,0.1248495370740954,40.1259871696972,489.9583647926739,22.135003157729024,-1041.5718973888204,491519.130593842,0.11937886310707477,0.0033600651599185786,0.05796606903972856,0.13216313834622886,-1.0482572095738758,0.0008054808843490025,0.010624911786307138,0.08565910667423193,-0.04671515558295193,0.13237426225718385,-1.7455654977016621e-16,5.456478522826171,48.01375956701458,0.13265866062149226,,,,,,,,,,,,0.006975903807359646,0.04394617710590901,0.4947685932500624,0.0,0.4947685932500624,1.9168694409543718e-16,9.784086983440707,103.65720809864852,0.5467809315797058,,,,,,,,,,,,0.05962828061652034,0.30531577792698705,3.4633801527504366,0.0,3.4633801527504366,8.049116928532385e-16,9.720027902959194,104.31587222981834,3.822664211144755,,,,,,,,,,,,0.6773945329293567,2.508311624070273,24.243661069253058,0.0,24.243661069253058,4.4853010194856324e-14,7.312710862470751,60.59254719414982,31.92685506059098,,,,,,,,,,,,-0.10427364184458758,1.834222529018982,11.365384615384615,-17.142857142857142,28.50824175824176,1.1518563880486e-15,-3.958640411749695,59.119451849943104,22.575695715303922,,,,,,,,,,,,0.281485900132285,3.474565010935086,25.666666666666668,-4.5,30.166666666666668,-6.994405055138486e-15,6.130267683604773,39.265681665333574,42.83605123497411,532.0,38.21323209644247,485.12081111644306,22.02545824986266,120.57277898849237,427591.557846856,609.4103013617863,17542.30537335748,132.4473683142005,-0.15303981804777142,-0.8466988646107492,3.432258064516129,49.929888825501585,591.0,-120.0,711.0,-2.1760371282653068e-13,10.566754594863738,125.12928828210482,623.08907870384,442.0,38.10526670149243,479.4699291502521,21.89680180186714,-166.2853057049329,413539.854881953,763.6137703636749,69216.12659408947,263.08957902982297,0.07321687739324648,-0.5822433733791583,2.8516129032258064,64.6635753826642,709.0,-166.0,875.0,-7.815970093361102e-13,8.676407095726463,93.37968489993465,805.8374525920225,1.0
0.004868119669565773,35.51422670581699,385.93588452001677,19.645250940622184,-807.3857790178085,270009.03275101644,0.00558019371439564,5.076090170675461e-07,0.0007124668533114689,0.4965682807007971,-0.4306342791982933,3.579499757033658e-05,0.00047994926136054326,0.005523702974428644,-0.0007618630411316708,0.0062855660155603146,-7.196391919872536e-18,11.084133533125994,127.4345320484424,0.0056126669458552965,0.014686262671524859,30.468513042809175,434.70321493592866,20.849537523310406,1000.5312417907653,309886.19727862877,0.019423202850154152,7.787901279072875e-05,0.008824908656225783,0.23406459242283595,-0.6846608720057619,0.00010798722552591808,0.0018288535505465303,0.01374201334807052,-0.007928016827627582,0.021670030175698102,3.141475794776749e-17,2.6948515080081057,26.829517813557878,0.021365061451593975,,,,,,,,,,,,0.010942229182347376,0.08820744694905462,0.9951873216699556,0.0,0.9951873216699556,2.51014486973844e-15,10.721268186335756,119.08145219903228,1.0211942822650875,,,,,,,,,,,,0.060399739840287764,0.3096542256962019,2.985561965009867,0.0,2.985561965009867,1.2281842209915794e-15,7.75542586979442,65.4816550765741,3.6247028270585324,,,,,,,,,,,,0.5895475011039967,1.9000805057508414,14.28355697996826,0.0,14.28355697996826,-8.659739592076221e-15,5.3360539414824295,30.887198214212116,22.856927359988443,,,,,,,,,,,,0.03654091643491793,1.4062719700051867,8.0,-10.1,18.1,1.7694179454963432e-14,-0.32748918715610703,31.429492946737955,16.16228833333616,,,,,,,,,,,,0.19021667162360748,3.6113684207642307,38.4,-6.666666666666667,45.06666666666666,-2.1010970741031088e-14,9.237688606181258,96.32498666789346,41.54897930576253,532.0,33.62356698294138,381.0362348729323,19.52014945826318,82.46701811162231,261622.80197373105,607.4015340720683,11381.846995133345,106.68573941784977,-0.274311117813557,-0.6059660909794177,3.911764705882353,52.70931251968269,595.0,-101.0,696.0,1.3589129821411916e-13,10.43856279160816,117.75071752128801,616.3813754486746,442.0,33.807850427110104,382.34768119779073,19.553712721572616,611.485647681317,256323.57469393974,798.2615829999016,155815.97451825603,394.7353221061627,0.5094319995798475,-0.3822903417154506,3.25,76.28109298547592,431.0,-400.0,831.0,0.0,2.1203203601458385,22.90833340812201,890.3898022776317,1.0
2.3463033371866575,30.937268760149887,453.79340054940695,21.302427104661266,4566.436780919378,467625.77534119826,1.3642437798712426,0.48847089850444,0.6989069312179126,-0.30624344288580235,-1.1477404832030025,0.013181479422396957,0.11489160259771074,1.1126488758232296,-0.00639051687543463,1.1190393926986641,-4.2049697057677804e-15,9.306839723439625,85.93851471934056,1.5429005317931357,0.04316952851433848,48.39321951248259,421.54072283600885,20.531456909727787,-896.3474596384068,409639.73579583777,0.29762136589438004,0.017084971815609574,0.1307094939765646,-0.11734741657797465,-1.103354830664669,-0.00024252544109178934,0.024352000682288925,0.248832776023205,-0.15185360937023007,0.40068638539343504,-8.933825901280557e-17,3.828366905703264,73.39772168700972,0.3249123243829324,,,,,,,,,,,,0.006807047261220405,0.03524588307202879,0.3618397981853036,0.0,0.3618397981853036,-1.4051260155412137e-16,7.771026995252748,67.30809596061799,0.4735164420315194,,,,,,,,,,,,0.06689130754874552,0.2865877585321076,2.8947183854824288,0.0,2.8947183854824288,-3.2335245592207684e-15,7.557624423393588,63.72047600405882,3.8819603712158997,,,,,,,,,,,,0.7758574099775992,2.503057563230361,23.15774708385943,0.0,23.15774708385943,-3.1086244689504383e-15,6.868184307233974,53.47328091050189,34.56735205465355,,,,,,,,,,,,-0.05898225939407831,1.8520656132566347,13.545454545454545,-16.375,29.920454545454547,-3.175237850427948e-14,-2.02459227804154,51.57453104954624,24.442809045508266,,,,,,,,,,,,0.24397773573633402,5.003178648363728,48.0,-8.125,56.125,5.967448757360216e-14,8.779590474559402,79.38046474535842,66.07488161017106,532.0,44.538451555201924,656.1068785761775,25.614583318417996,46.41037296654168,776939.437504589,626.408710471267,29071.65553561196,170.50412175549295,-0.08471080294142451,-0.925373001443552,2.9887640449438204,48.349614962393716,598.0,-131.0,729.0,1.1457501614131615e-13,10.587943213358397,130.35419533222478,646.2955980045044,442.0,43.42686329234354,644.6490534465976,25.389940004785313,-7.529591020884853,742462.9632031673,925.094722210809,162873.79988152644,403.57626278254577,0.16814205572108135,-0.7158912306913273,2.4831460674157304,75.61331437948344,785.0,-323.0,1108.0,-1.1191048088221578e-13,7.222875858046999,72.72436782679246,1009.351276811002,1.0
0.5534155231852923,44.7629865919075,706.3202506471436,26.57668622396599,-3583.968511703356,889433.0329788824,0.334662975759357,0.007271703038313242,0.0852742812242545,0.1377899564980478,0.07334254845116762,0.0031444063817346146,0.025966524711621804,0.32482077789646596,-0.0329653252281427,0.3577861031246087,3.8250652645288596e-16,11.099344165002073,135.19657188723446,0.34700143326552035,0.2641711379952725,41.962890791450974,727.980763240094,26.98111864323075,-2206.4555248740166,849098.5984211754,0.14740892601808261,0.0047012488588025515,0.06856565363797353,0.38315822698679936,-1.0191965877703002,-0.0015009723749731393,0.012229561200421547,0.031149284329641404,-0.12855987764509028,0.15970916197473167,-3.0791341698588326e-17,-7.062874529250064,68.25733835303818,0.16346086687538008,,,,,,,,,,,,0.0039428011984966775,0.02154191378023949,0.22485995641732215,0.0,0.22485995641732215,1.9081958235744878e-17,9.113203568561591,85.37547647756494,0.2888777477159983,,,,,,,,,,,,0.04818254137075746,0.20462309750625504,2.2485995641732215,0.0,2.2485995641732215,8.326672684688674e-17,8.92430223309728,87.23598334833841,2.7729834948524066,,,,,,,,,,,,0.691835662275587,2.149800454478056,22.485995641732213,0.0,22.485995641732213,5.950795411990839e-14,7.298060574820865,64.94063813130664,29.790073388876383,,,,,,,,,,,,0.007914888712889949,1.59689594005741,7.875,-15.9,23.775,1.1494277751822324e-14,-4.375945851036424,61.27522939452785,21.064762905319405,,,,,,,,,,,,-0.06555209585660089,3.218332584979779,38.3,-14.88888888888889,53.18888888888888,1.6681100944992977e-14,9.32007415122998,119.22093514094165,42.461527723783036,532.0,43.74757351395871,632.5575904715522,25.150697614013655,-111.94274043630068,717465.2641233732,619.1005808720951,40704.402582016286,201.7533211176864,-0.12336099450180478,0.06289353356859047,3.022727272727273,48.9749419398997,581.0,-159.0,740.0,7.194245199571014e-14,9.363022526816914,111.74754635928421,650.9623645035095,442.0,43.68391432966067,634.1068322694247,25.181477960386374,958.4118010809995,719283.4865673203,964.1677950420764,190508.28118551892,436.47254344977864,0.17066169126160372,-0.7196313378245262,2.5113636363636362,79.75438066027543,785.0,-402.0,1187.0,1.077360423096252e-12,6.159735958448804,62.8022341084528,1058.5858491402576,1.0
0.960034873551267,45.12472889116924,645.71490730247,25.410921024285404,-1406.9473452015582,753014.9918794499,1.0279111072467748,0.004542259474314935,0.06739628679916228,0.15665475995761613,-1.5389585564943824,0.005423925839272697,0.07720939109023005,1.0248662068191714,-0.09835060863079365,1.123216815449965,-1.025221574302293e-15,13.10206569910279,173.6287742637454,1.02973564607331,0.3431122368859857,42.3219359231584,687.7849811453482,26.225655018423243,1196.1725548466236,817946.8718712536,0.23501817866608582,0.0011151925144320556,0.03339449826591284,-0.12513394422954877,-0.04865385087732439,0.0019384872140451178,0.01779201597947464,0.23158635000596875,-0.018010367221871226,0.24959671722783996,-3.8294020732188017e-16,12.27314888294358,158.3341863483409,0.23810817091574782,,,,,,,,,,,,0.05464826176994352,0.6749346660782922,8.90430761494171,0.0,8.90430761494171,9.527101330064625e-15,13.14389387859746,172.83889613350289,8.906431374352113,,,,,,,,,,,,0.19559770714958277,2.0284684616209017,26.71292284482513,0.0,26.71292284482513,1.2490009027033011e-15,13.029246977953683,170.74274148714207,26.804087337010355,,,,,,,,,,,,1.056529915286031,6.33132432062579,80.13876853447539,0.0,80.13876853447539,-1.4721557306529576e-13,11.588738295129128,142.54633648453014,84.42708510228026,,,,,,,,,,,,-0.23140763048957538,4.532925332053489,15.666666666666666,-56.666666666666664,72.33333333333333,-3.3029134982598407e-15,-11.009653098551357,140.84866751481022,59.69896439163611,,,,,,,,,,,,0.1604737077875466,3.81931007282022,41.77777777777778,-5.215686274509804,46.993464052287585,1.2684298056342413e-13,9.237961696248542,92.27681572184521,50.2795033296871,532.0,43.59850574762704,632.2007540043445,25.143602645689906,251.3235544199021,713299.4806041465,503.010729691842,33385.308087608035,182.7164691198033,0.2331427056227585,-0.7167074133934207,3.005649717514124,40.11191929807891,450.0,-170.0,620.0,-3.6859404417555197e-13,7.9742710342474075,91.30120929721554,535.1504461364112,442.0,43.74005396393721,644.306192784835,25.383187206984765,11.253055885935167,752984.8693237908,896.6583965254907,111194.53812215394,333.45845036848885,-0.4386116229352932,-0.6774648803736014,2.4971751412429377,71.70325889841347,789.0,-266.0,1055.0,-4.618527782440651e-13,8.26732028981573,87.39459152251945,954.5281556874056,1.0
10.100895731497118,41.840114422958074,614.5112807240274,24.789338045297367,416.40716390959943,681196.3626055298,9.635161491711322,0.07068630965420138,0.2658689708375187,-0.2745952966708812,-0.5689445421626947,0.05838668052888508,0.7307055283478673,9.634102171401603,-0.025376438901327045,9.65947861030293,-1.3558598688234724e-14,13.122834310631152,172.45718073447665,9.641563474690617,0.6710722805134856,43.55286690898297,598.4217756927846,24.462660846538846,203.11960737963042,650570.8417647252,0.8381396922765841,0.008566907610922454,0.09255759077959222,-0.7828132586710803,-0.27773677242950545,-0.0038790305231993396,0.06392440280411316,0.1087651486175434,-0.8331751951288903,0.9419403437464337,3.148523108897905e-16,-12.697922405434856,165.56654774663534,0.8423408302092421,,,,,,,,,,,,0.001933289752003895,0.006408928838474012,0.07856742013183862,0.0,0.07856742013183862,-6.808789643208968e-17,10.220537256069676,120.43072574795812,0.08753769621615831,,,,,,,,,,,,0.029352484431927884,0.06435253153130352,0.5650127906746254,0.0,0.5650127906746254,9.020562075079397e-17,5.410287638786924,39.453166553025426,0.9249225093569692,,,,,,,,,,,,0.5597060876526139,1.4759076282221486,16.385370929564136,0.0,16.385370929564136,1.0658141036401503e-14,7.823696202136155,78.60152972914513,20.641201360472046,,,,,,,,,,,,0.09456989863211938,1.1121347265833303,11.586206896551724,-4.575342465753424,16.16154936230515,-2.3675506000131463e-14,6.220585552208086,68.16018832584845,14.595533453826773,,,,,,,,,,,,-0.21969615563737407,0.7570055693955533,7.495238095238095,-2.1666666666666665,9.661904761904761,9.381384558082573e-15,6.117508855821974,63.04713897749144,10.307588244856882,532.0,42.72383734485899,607.6384275951659,24.650323072835494,121.21720405284863,662318.9095716103,552.9859231941887,66906.92921418713,258.6637377256177,0.3284484569045509,-1.105837496367094,3.0751445086705202,46.28049834123677,357.0,-334.0,691.0,1.6076029396572267e-13,2.5455209256632854,50.02161819165411,610.067209412209,442.0,42.44264943227704,619.4273548891849,24.888297549032657,73.80946593343283,688172.5763179373,858.9532688917756,88878.5027903656,298.12497847440693,-0.3102528800517582,-1.2558812123946153,2.554913294797688,68.9265642694214,787.0,-20.0,807.0,-2.4780177909633494e-13,10.0605329173696,106.2643239265323,907.2100087631309,1.0
0.014216134880523526,42.0737110138665,494.247490286545,22.231677630951403,-2172.6471346705534,455085.8280588339,0.01762926136338002,8.201553821837564e-06,0.0028638355088652636,0.029178772319467985,-1.285226703952673,9.112906974694567e-05,0.001422691076547485,0.01724273586658302,-0.004315532622597383,0.021558268489180403,-9.622294280808852e-18,11.149673423358315,137.4038208985489,0.017805821728748228,0.03791460447476361,34.00687966134165,543.3701034912576,23.31030037325254,5186.058212929866,558306.1346333083,0.03150810353373069,0.0001501790994571536,0.012254758237401242,-0.10307395939386642,-0.39851721197200984,0.0002430423363766897,0.002686487905467899,0.030365745302348885,-0.005178074363687531,0.03554381966603642,4.9873299934333204e-17,9.108124835415998,102.1033736182152,0.033691256248253684,,,,,,,,,,,,0.0023520308741436574,0.01280008535732555,0.13773547726816154,0.0,0.13773547726816154,9.280770596475918e-17,8.984799495690469,87.62270860790449,0.16202779493068586,,,,,,,,,,,,0.02763521693056445,0.119038651824593,1.239619295413454,0.0,1.239619295413454,-1.1379786002407855e-15,8.114694327894295,75.03557747758981,1.5214320246621245,,,,,,,,,,,,0.3893800834503529,1.2270767959233162,11.156573658721085,0.0,11.156573658721085,-3.1086244689504383e-15,5.791867813988816,42.191974251863165,16.02768911710578,,,,,,,,,,,,-0.08209465303522596,0.9066022414397837,3.6012269938650308,-7.888888888888889,11.49011588275392,-3.699818229563334e-14,-4.632431059279577,39.981163488086224,11.333287661455326,,,,,,,,,,,,0.412602215349025,4.293286042332176,40.666666666666664,-2.7009345794392523,43.36760124610592,-3.430589146091734e-14,7.968374332072472,66.35974437746455,53.697249208467355,532.0,38.82636155594386,493.3238626570073,22.210895134077944,-64.51191223709237,438001.82656802115,596.9962498030127,9809.477721138774,99.0428075184603,-0.10971975486521397,-0.5698282264144493,3.41025641025641,48.37352950059079,587.0,-71.0,658.0,1.4477308241112041e-13,11.349442210084003,137.2649071086135,605.6847364759988,442.0,38.761948834048724,514.3702331314486,22.67973176938935,56.04673030652037,460840.6418354767,683.7221415470384,114616.7254660242,338.5509200489997,0.4086023958958351,-0.8131471392002751,2.8333333333333335,60.864902240834255,441.0,-289.0,730.0,7.380762667708041e-13,3.609650875267824,31.118870351763487,761.0256237473217,1.0
9.936428445508316,10.142289802626616,40.52400229099477,6.365846549438242,16.00148855815173,2956.347320095927,11.611240501992548,4.5575990672772155,2.1348534065076263,-0.10466853526442227,-1.2029128489229408,0.22080952101129592,1.7402503328856755,11.377447626436336,-2.822086898357638,14.199534524793973,-6.38378239159465e-16,5.935266985052815,39.086934899978246,11.767551272695073,0.8808544392601498,10.32393292828604,40.30014207632529,6.3482392894664335,6.711069464293679,2893.360548474831,0.7097680148622646,0.005617978130316439,0.0749531729169382,-0.4347989573922597,-0.5734546514540599,-0.019574543094669997,0.10520549902137334,0.02153129584878089,-0.7071523179796556,0.7286836138284365,-2.255140518769849e-16,-6.418415303635142,42.227944390672114,0.7178517878201305,0.07045475385654684,10.531582852361327,45.99818259853551,6.782196001188369,-6.300104346667841,3054.124334349596,0.009402955360930072,2.938170599207827e-05,0.005420489460563342,0.5902572708754238,-0.9864274639057392,0.0015656611968121517,0.001599858037300171,0.007759745198206281,0.0,0.007759745198206281,1.6696713456276768e-17,1.766677742691056,3.9681108948564305,0.015016252279522834,1.0602205661173922,9.350894453362333,49.562226967511315,7.04004452880174,97.48635939262797,3739.014998459597,0.11059132410779333,0.0059983550447590215,0.07744904805586071,0.8347534056863185,-0.42820138236297917,0.02356045702483093,0.01990182105393977,0.07733980419227864,0.0,0.07733980419227864,5.689893001203927e-16,0.8517474125889957,0.23240215776163797,0.20688884151081607,16.886556395667963,8.532458029548012,47.797712186394534,6.913588951217344,167.23595075101574,3901.6638310651438,1.6110350994528273,1.5529495309096895,1.2461739569216208,1.2081090742493263,0.9597694032259491,0.3752568087926214,0.3002294426251251,1.2374368670764582,0.0,1.2374368670764582,6.661338147750939e-16,0.6825476739750121,0.07488163168686279,3.2238164625781174,0.6304565504362667,6.765083843545936,50.12295120916962,7.07975643713607,256.8439641604663,4953.957309698241,1.5170990841023204,3.003975316442721,1.7331980026652238,2.7172124094128454,6.834164270876741,-0.014010145565250353,0.33953116381762094,0.875,-0.6875,1.5625,-3.469446951953614e-17,0.4739809375505792,-0.05123875323696003,2.2795824819898147,5.542571396374642,6.762335449148326,40.21552973141687,6.341571550602963,203.92212991859233,3816.863564349239,1.327990700535206,1.3390141997725353,1.1571578110925647,1.4226880537844326,0.8205720001582191,-0.12316825325276982,0.259641951014258,0.7916666666666666,-0.875,1.6666666666666665,3.3306690738754696e-16,0.14455300678043992,3.711749347863855,1.9277697632529396,2.0,6.558665349689248,46.708775409373764,6.834381860078771,245.2448565710627,4557.417162918415,25.755406349666217,819.5226801272099,28.62730654684806,2.751623722666637,7.0259815960627625,-0.044444444444444446,5.676288128132701,14.0,-11.0,25.0,2.864375403532904e-14,0.6260785729884658,0.0011035883531205215,38.07886552931954,87.0,7.348887127788288,40.747001640740514,6.3833378134593906,170.56927535916276,3665.216623450513,26.589878250854095,406.52382915021167,20.16243609165846,1.2213851961160527,0.45066705544256574,-1.9333333333333333,4.918897798852456,19.0,-14.0,33.0,-2.4868995751603507e-14,1.0192702615847729,7.262497327564908,35.45419580247167,0.0
86.35884670487671,63.05593411307503,1346.930636192052,36.700553622418994,-102.78747104844479,3260889.1187747465,87.51639979326488,0.6776136713911373,0.8231729292142309,-0.045124577600203226,-0.8487985319315411,-0.33999545946801835,5.480316904581442,1.0181164790401849,-87.5020827071888,88.520199186229,-9.547918011776346e-15,-15.933101352010084,253.909333001124,87.50980203910511,1.2800894136282104,62.8560059642078,1431.453763393461,37.8345577930212,-83.46099895185374,3529986.0923653734,1.044092048030885,0.02806520856258331,0.16752673984347488,0.03359273980966969,-0.5175517399333917,0.005039722100898465,0.06615056017023506,1.0301583215397165,-0.12161832505482291,1.1517766465945394,1.8318679906315083e-15,14.779317215484234,228.75558694492747,1.0573216322677315,,,,,,,,,,,,0.006219924295973993,0.08889550329926224,1.4142135623730951,0.0,1.4142135623730951,4.631711680858075e-16,15.861826855422848,251.7277763775073,1.414622453942871,,,,,,,,,,,,0.014201024294072669,0.09060328892794638,1.4142135623730951,0.0,1.4142135623730951,2.157996004115148e-15,14.771216852028516,227.82986477702164,1.45584254437132,,,,,,,,,,,,0.13865744916982983,0.28368162975931077,1.7469696946961764,0.0,1.7469696946961764,-6.716849298982197e-15,2.6986334061356025,8.111207565328979,5.012453603659788,,,,,,,,,,,,0.0376315495333936,0.22007826816000464,1.0,-1.2352941176470589,2.235294117647059,2.2495894036467234e-14,0.116416964024063,9.13882050997644,3.5443399335307832,,,,,,,,,,,,-0.057984294289832775,0.7250332118482047,2.0588235294117645,-6.235294117647059,8.294117647058822,1.0921819004749977e-14,-4.9135825094466385,35.558135437366175,11.546293987255716,137.0,41.70103287747907,1478.5463769435275,38.45187091603642,45673.27197757708,5095824.9237740785,39.65270778518984,1555.6548912865976,39.441791177462996,2.530340356109932,6.766070052401787,0.5393700787401575,3.508766467419038,15.0,-21.0,36.0,-3.8391512191537913e-13,-0.34113215298990723,9.326703667238203,56.57738063926254,243.0,37.3570625729717,1375.9054336231804,37.09319929074844,56427.682282131085,5513459.7111727055,135.08065050626354,18451.24148085192,135.835346949356,1.6468245121012917,1.938905048087198,-0.9566929133858267,12.009596494504514,35.0,-106.0,141.0,-8.992806499463768e-14,-5.056273300272417,37.820935601725736,192.00781234106074,0.0
0.003952162211128319,41.879506829895924,559.2210380519396,23.647854829813625,-4553.879598295898,509149.4487288353,0.0038061454453616793,2.8301199899891932e-06,0.0016822960470705486,0.6418545605371558,-0.6133402869757588,2.652457859817664e-05,0.0003397654400464315,0.003671459686923914,-0.0012156029756472569,0.004887062662571171,-5.78692909564138e-18,8.341935385635677,91.03478312156673,0.004159984617813339,0.050111128400343825,30.854738373275406,538.5958778565291,23.207668514017712,2846.910614885732,469735.5650621569,0.023363917398605792,0.00019443878470687862,0.013944130833683347,0.8521716035461605,0.1766964289949347,0.00033631629798888473,0.0022215281152943877,0.01691214321386042,-0.006592635144082662,0.023504778357943082,9.681925400295555e-17,4.024292760969014,26.30859564011297,0.027426193266312446,,,,,,,,,,,,0.03197059417486621,0.29546652259501804,3.5355339059327378,0.0,3.5355339059327378,-1.6028844918025698e-15,11.638184919027537,138.12450935183625,3.578655446618392,,,,,,,,,,,,0.10739669647096231,0.6448916251618961,7.0710678118654755,0.0,7.0710678118654755,-1.4988010832439613e-15,9.318805722462063,95.86390178310336,7.872470546114475,,,,,,,,,,,,0.7734388350085022,2.5664044719429975,17.57665427520847,0.0,17.57665427520847,-7.771561172376096e-15,5.095093154210529,26.885626520353565,32.27650436526087,,,,,,,,,,,,-0.029740444555552196,1.895108249813656,10.150943396226415,-12.428571428571429,22.579514824797844,-2.2256502196782435e-14,-0.8745194952997182,27.833706393551772,22.82293510967316,,,,,,,,,,,,0.5956564582229507,5.659865855610097,51.42857142857143,-9.5,60.92857142857143,-3.1530333899354446e-14,7.171668207943684,57.041139515382184,68.53020339499916,532.0,36.36571038563117,471.41813989230263,21.712165711699573,74.28539655530209,380464.3687336595,580.5750635642559,39508.46043222515,198.76735253110644,0.06218353154768725,-0.5733023808688987,3.5704697986577183,50.103819066156696,538.0,-100.0,638.0,2.353672812205332e-13,8.596583834098155,89.16979469343767,613.1459858793826,442.0,37.301423257504126,456.03117641507686,21.35488647628633,832.007173261269,369539.6460138218,1089.884926241952,249707.71241544027,499.7076269334302,0.07323693516308609,-0.7372334201612829,2.966442953020134,97.8942324813838,785.0,-410.0,1195.0,1.7141843500212417e-13,3.0928449066368238,33.906862618361565,1195.4998954412333,1.0
0.0639549942647696,45.89485626362848,522.5043510059547,22.85835407473501,-5476.4214857803945,560855.5567429689,0.07583226589932646,0.0005901432404022819,0.02429286398105999,0.01241767653982494,-1.6532489171525904,0.0003972359892221714,0.006256074172516295,0.07170812837801582,-0.02997112970517046,0.10167925808318629,-8.59772322781005e-17,8.647628167072517,108.84090078737368,0.07954054273003516,0.10190552173583516,35.692675279648086,460.90641845528006,21.468731179445143,-146.63329671699302,408980.5328260441,0.07346816527942351,0.0006210724922882294,0.024921326053968906,-0.4237520860818642,0.49044167777404335,0.0006329535511542556,0.006095136499756193,0.06733685461875921,-0.017688519852175802,0.08502537447093501,9.75781955236954e-17,8.346764229628993,90.65261168842294,0.07775450072453197,,,,,,,,,,,,0.010123801504500374,0.08326951761811185,0.9951873216699556,0.0,0.9951873216699556,-1.9012569296705806e-15,10.98424128046383,126.5674479747476,1.0543889318265711,,,,,,,,,,,,0.06071376505649516,0.32219878952626657,2.985561965009867,0.0,2.985561965009867,3.7470027081099033e-16,8.463457654229648,72.57354856916947,4.121252110202093,,,,,,,,,,,,0.6212301901731412,2.041439798356132,21.920310216782973,0.0,21.920310216782973,2.9531932455029164e-14,7.989235746180921,77.10495158559509,26.82233653357195,,,,,,,,,,,,-0.04201506500080631,1.508289240848854,6.333333333333333,-15.5,21.833333333333332,5.093148125467906e-15,-6.088117522696766,72.32957072912625,18.9662560501564,,,,,,,,,,,,0.4106234038037313,5.15543307237304,44.75,-6.666666666666667,51.416666666666664,-6.794564910705958e-14,7.844662351786781,64.61308252590322,65.00801547092561,532.0,39.936312163277634,525.348656517279,22.920485520976186,-80.48620716251003,496800.80964844226,611.0233601829924,17771.865810685173,133.3111616132917,0.10661257481110549,-0.4689993489092442,3.3043478260869565,49.13488134662909,591.0,-124.0,715.0,-3.5793590313915047e-13,10.676507003651672,128.53562909676037,624.8599843164867,442.0,39.48294597814194,474.1408620572139,21.774775821055286,-199.86950402792377,414433.6915559437,971.2194686153653,258034.80628248732,507.9712652133852,0.5169900026978901,0.035451973258323076,2.7453416149068324,86.11131604842278,608.0,-403.0,1011.0,1.368682944757893e-12,2.842516744081179,26.95702403300058,1093.1852541998542,1.0
0.0006730765467132492,36.94100542117719,396.36353720304817,19.908880862646402,-1024.9963229239982,289681.0554956781,0.0022520433772223606,4.647886927861871e-07,0.0006817541292769609,-0.08849538603413479,-0.8102269328638699,4.706828997994743e-06,0.00019607639737564847,0.002120671288169429,-0.0008783174083250401,0.002998988696494469,5.082197683525802e-21,8.184539058302494,98.2549681378102,0.002345408156830116,0.004014298584942261,34.069650951469946,424.8861007761689,20.612765481035506,524.1969433538633,320303.06661512156,0.02854764074471719,6.887418764795649e-05,0.008299047394005922,-0.018357039225724323,-0.614525868426883,2.807201807651927e-05,0.0024773960875830673,0.008775960338306821,-0.025552387759265622,0.034328348097572445,-2.4421653935235987e-17,-7.322188570529745,80.82562432669853,0.029627250227701154,,,,,,,,,,,,0.00530919586665741,0.040225849176607514,0.4502281458336221,0.0,0.4502281458336221,5.238864897449957e-16,10.18738972385642,108.98873687049961,0.48179790045711907,,,,,,,,,,,,0.04854355629207552,0.31039014531500825,3.6018251666689767,0.0,3.6018251666689767,-3.469446951953614e-16,10.875926811776543,123.49794967045254,3.7304813633668874,,,,,,,,,,,,0.6119735183502527,2.6881354421758927,28.814601333351813,0.0,28.814601333351813,-7.061018436615996e-14,8.925578277159255,88.84061120057063,32.73655919171752,,,,,,,,,,,,-0.06387045068629324,1.9483871373141468,8.835820895522389,-20.375,29.21082089552239,1.0824674490095276e-15,-7.398445663340094,87.0272288185276,23.14824299717826,,,,,,,,,,,,0.2902009646524712,4.635647539887263,53.0,-4.96078431372549,57.96078431372549,4.984901380566953e-14,10.64240156115285,120.10904110549403,55.15302081179853,532.0,35.21535618130858,415.0950204406839,20.373880838973314,-73.6971718649044,307981.90525874746,612.6383955780755,21483.90048887356,146.57387382775133,-0.12071506973120709,-0.7287535717082294,3.7202797202797204,52.49274416651826,592.0,-163.0,755.0,-7.895906151134113e-13,9.73995788962847,111.97507581277456,629.2964325339848,442.0,35.40758740321132,413.7785442097669,20.341547242276505,-82.13833941065211,311053.13830998034,619.4165038171158,88486.85677081221,297.46740455184704,0.23250446945099681,-0.8284276185892123,3.090909090909091,57.260404934818915,424.0,-253.0,677.0,9.459100169806334e-13,5.119119360720748,40.868698908856544,685.7317259686911,1.0
0.03335924692437034,38.26171996621089,537.1872775463207,23.177300911588492,1252.8054709259768,538855.1590516856,0.029659029927973767,1.1458229961886977e-05,0.003385000732922665,-0.9148579624071347,-0.5837518013215055,0.00020217725408709284,0.0023168886941331082,0.028680528783068128,-0.0034128849133412526,0.03209341369640938,6.071532165918825e-18,11.509358222313255,140.15259723389096,0.029874070067650315,0.008686375899264565,39.836827827827086,576.5098763580445,24.010620074417997,-783.310827003666,590839.177322904,0.039273308127574076,0.00022497535645896064,0.014999178526138045,0.08893921493403982,-0.3978608735379278,5.264470241978527e-05,0.0032628828729230914,0.02511615337775108,-0.019983105693970344,0.04509925907172142,-5.5172338052356107e-17,1.295958772648769,31.32964179766761,0.04191794433977848,,,,,,,,,,,,0.005842123459587555,0.04706357305038921,0.5607377390167373,0.0,0.5607377390167373,-7.684824998577255e-16,10.805750853526169,122.77494894638708,0.6036189783260583,,,,,,,,,,,,0.04626206307059575,0.3151642464093988,3.925164173117161,0.0,3.925164173117161,1.9567680809018384e-15,11.731943147481385,143.368386050487,4.054371254890832,,,,,,,,,,,,0.5174143205094542,2.316698054131327,27.47614921182013,0.0,27.47614921182013,-6.80566714095221e-14,10.170582525483393,115.01142142898715,30.213222393508904,,,,,,,,,,,,-0.13552701227260405,1.6730320246446337,6.527472527472527,-19.428571428571427,25.956043956043956,-8.382183835919932e-15,-9.18050365876268,111.20988641759782,21.363974435947398,,,,,,,,,,,,0.4281622811529608,5.052085710253268,48.285714285714285,-4.5,52.785714285714285,9.825473767932635e-15,8.229288055969315,70.97441516970638,64.5330664075795,532.0,40.888542269408546,550.1816898688546,23.45595212027972,-88.53745467499263,544825.7519468489,613.7713767875507,19573.148255826687,139.90406804602463,-0.14232243226398925,-0.6589396482175758,3.224242424242424,48.85890031076841,594.0,-136.0,730.0,-2.1405099914773018e-13,10.74641774381276,131.10871332002935,628.968997646148,442.0,40.51782951178811,483.94280771375827,21.998700136911687,76.35248720102675,440531.24916553986,932.119364224375,231136.02742331338,480.76608389456237,0.6408894401276882,0.0808926912226933,2.6787878787878787,81.40121269879079,533.0,-413.0,946.0,-7.7982065249671e-13,2.3687491535875695,24.81036828779879,1046.183540302561,1.0
0.025395806615298534,37.883424641370524,842.3588799119983,29.02341950756317,9126.986317891306,1166328.0538546077,0.012312315566917326,3.8050709136077255e-05,0.006168525685775918,0.12068111730067843,-0.6792056137515854,0.00014267307087246367,0.001029554436941792,0.009254887442978121,-0.0009525478202105984,0.01020743526318872,4.445228907190568e-18,7.49217457777402,60.348706219632426,0.013867233105151554,0.0041686117129086835,34.71807034098118,668.4720624992865,25.85482667703047,8303.636637677524,915654.3348036975,0.04921087701368134,0.0007571266170470027,0.027515933875611104,1.4282378318253883,1.7163917472296522,2.3419166926453258e-05,0.004219930599353785,0.013336057997359147,-0.0329894458510316,0.046325503848390744,-2.6928871459108716e-17,-3.5911129953771255,28.2861752372569,0.05630176342080306,,,,,,,,,,,,0.005096047484280269,0.03399732941398934,0.41902624070313926,0.0,0.41902624070313926,-3.408731630294426e-16,11.078978069318032,129.92591081885413,0.453465688515338,,,,,,,,,,,,0.05536921245687299,0.24554769755655848,2.5141574442188355,0.0,2.5141574442188355,1.9914625504213745e-15,8.702143859121618,79.44680874181476,3.320322173319233,,,,,,,,,,,,0.7600885096181603,2.381248946711303,23.923779430144858,0.0,23.923779430144858,6.961098364399732e-14,7.103064606817412,59.542756084445436,32.97220207126155,,,,,,,,,,,,0.10170739302726005,1.7645668450181249,16.916666666666668,-7.36,24.276666666666667,1.3114509478384662e-14,5.860696620284769,55.64932326593978,23.314867675242166,,,,,,,,,,,,-0.10524648008899756,1.738235702766163,19.818181818181817,-4.16,23.978181818181817,-3.624878175401136e-14,9.181708072589991,101.44306820052459,22.97089443861352,532.0,44.1574062525767,646.3996825599487,25.424391488488936,16.078571198011144,752040.7982225423,630.6321220999613,47434.72208131748,217.79513787345547,0.06141543250445804,-0.3970595563670994,2.9887640449438204,49.93523769484772,586.0,-184.0,770.0,1.2168044349891716e-13,9.068958134299384,107.03265143663471,667.4114173431558,442.0,43.96545060569564,661.5258943974566,25.720145691606348,193.9028993502059,786086.0681035793,863.5367094867833,97624.08170581775,312.4485264900728,-0.21717370700990682,-1.0930804181846148,2.4831460674157304,68.49483083252662,785.0,-104.0,889.0,8.881784197001252e-14,9.868725663091158,104.71628129891174,914.4353448986976,1.0
0.9979302669292113,39.28127736977391,804.0534324210973,28.35583594996094,4826.9521593686095,991914.3352343865,0.5861840722701831,0.05073016838837017,0.22523358627960033,0.1663213890828799,-1.011572870128486,0.005702458668166922,0.04733398371367163,0.5464354009930759,-0.001420049759306241,0.5478554507523821,-9.228728892196614e-16,10.006794587561274,105.97540938033255,0.6306973985890142,0.10469807858508814,43.248489234316736,471.8646632784493,21.722446070331245,-192.64283850964105,475400.46011509397,0.22879766664805326,0.0047878217882573,0.06919408781288543,-0.14719055046353782,-1.21902065420736,0.0005982747347719323,0.0180174045244214,0.20205362654765233,-0.1181388563454008,0.32019248289305313,-1.5525775109992423e-16,6.410400283243141,99.98947576213122,0.2384792228467891,,,,,,,,,,,,0.0023056921171902066,0.008291688038256204,0.0777490095054653,0.0,0.0777490095054653,5.629177679544739e-16,7.170284705543967,56.67615932591457,0.11287049546290587,,,,,,,,,,,,0.03447324117477895,0.10935237010279993,0.9365236479715162,0.0,0.9365236479715162,-3.649858193455202e-15,6.893980597120338,53.282005258427574,1.5037191809381854,,,,,,,,,,,,0.5800955280201934,1.6080993680383129,14.047854719572744,0.0,14.047854719572744,-7.149836278586008e-14,5.931932430408623,41.391796533122104,22.420281814634976,,,,,,,,,,,,-0.02247578784800552,1.2086116160776146,7.916666666666667,-9.933333333333334,17.85,-1.2559397966072083e-15,-1.0735004458139377,39.17489681138565,15.853533307241825,,,,,,,,,,,,0.20365167873306292,3.556218793591715,35.583333333333336,-4.11214953271028,39.69548286604362,-2.758904216193514e-14,8.088852993738515,71.900502693651,46.71578503710569,532.0,43.42692296899906,626.3124642633356,25.02623551921734,29.789075265488147,703053.075735741,626.4653721689324,33294.735174390415,182.4684498054127,-0.1293122791403775,-0.5874442535743513,3.04,49.18308187636423,595.0,-149.0,744.0,1.4654943925052066e-13,9.998336946785045,121.30737881578018,651.8726869565867,442.0,45.75094657433644,610.5152240811408,24.708606275570073,-1079.040866197752,670124.7773808464,1067.3611033934217,271455.13703174243,521.0135670323206,0.09571318848715674,-0.9592708869796928,2.525714285714286,89.52744620779593,702.0,-440.0,1142.0,4.583000645652646e-13,3.2545507869387276,33.147785886391404,1184.8080013234212,1.0
1.2598678407067838,35.779415222830096,538.1076926178484,23.197148372544596,679.3546249252104,461379.29463525745,0.9539834484570069,0.043186570483819305,0.20781378800219033,-0.14461255257316324,-1.4196231703279676,0.008512620545316105,0.07985415758608962,0.9255506710519494,-0.04651017222184917,0.9720608432737986,1.0859368959614812e-15,10.664630181259632,119.73203861506836,0.976972044873969,0.2982424397642151,38.42012948316334,615.8626996595692,24.81658114365412,-2468.6787805500376,554534.3530632071,0.20022530719545598,0.007746782013848313,0.0880158054774727,-0.18132260802356082,-1.200826363943361,0.00201515162002848,0.017822512409618702,0.18142241677321444,-0.026178115344156525,0.20760053211737095,-2.229119666630197e-16,8.706016125552974,80.32799727852336,0.21820176930337265,,,,,,,,,,,,0.00469581527072379,0.035263228069546945,0.4198446513295126,0.0,0.4198446513295126,3.191891195797325e-16,11.354290870430866,133.25375765629644,0.42984846923244974,,,,,,,,,,,,0.03724082207516097,0.164610347731105,1.6793786053180504,0.0,1.6793786053180504,-2.3037127760972e-15,8.244559953229682,74.92826249122132,2.039260412432019,,,,,,,,,,,,0.47783285555719784,1.4283708080562012,12.727922061357855,0.0,12.727922061357855,-5.2013948703688584e-14,5.8601999858719385,42.081956714522995,18.199198907120426,,,,,,,,,,,,-0.03069884638725628,1.0645850282664306,5.228070175438597,-9.0,14.228070175438596,7.879114027886658e-15,-2.7871221855878465,40.260175348632366,12.868776959387658,,,,,,,,,,,,0.24531335640505875,3.78996364086819,36.0,-6.6923076923076925,42.69230769230769,-8.087974734394265e-14,7.911266193395852,67.83056007112921,45.89013449666828,532.0,36.85987508895276,446.9880638764395,21.142092230345593,-28.2832663328306,360428.4175792548,609.9188214406357,14978.436657871498,122.38642350306466,0.006121207959199773,-0.757633065314274,3.5945945945945947,50.96910005062646,596.0,-117.0,713.0,8.277822871605167e-13,10.64881815836172,124.773670751113,621.6059845271761,442.0,36.53919198628998,390.70955229792344,19.766374283057665,-98.58812583235812,298672.8029633237,749.312474203303,140323.97816548662,374.59842253470134,0.21313609650828652,-0.7291815845065186,2.9864864864864864,68.84726402211552,537.0,-348.0,885.0,-1.0276224315930449e-12,3.962289820714728,36.1223583462343,838.3507619129358,1.0
0.18019930190580655,44.500076692253295,840.1529510355671,28.98539202832294,-5088.578370436332,986244.5378517645,0.11181315463974413,0.004129930365571784,0.06426453427491546,0.3373837094413495,-1.1652295666976273,0.0010855379632879907,0.0099114918845035,0.11007300063480342,-0.01151392437988737,0.12158692501469079,2.1510571102112408e-16,9.200399292260974,93.363377428305,0.12846426207972755,0.23827724885270657,37.131489983220156,838.4445175396003,28.955906436159104,6344.010967850153,980748.2060880814,0.1288661682563908,0.006303112764757181,0.07939214548528828,0.209403569572987,-1.2532824410667824,0.0014354051135705213,0.011686027416485202,0.11398843022579433,-0.02671771108969274,0.14070614131548706,2.5500435096859064e-16,7.146819449330726,60.826350937447856,0.15169549000131416,0.230728200605555,25.66198083262011,625.49119320412,25.009821934674385,11269.35218294425,856182.5622873135,0.018033655797621465,0.0005398423608118668,0.023234507974387295,4.332431970867764,21.411729540663607,0.0013899289193105718,0.002281638738623626,0.007961498573359645,0.0,0.007961498573359645,1.3270634591222574e-16,1.223721640782065,-0.12716785604955438,0.03442195671221727,3.9907583759937184,25.00850659825424,606.0744533525548,24.6185794340891,11714.460204364601,857051.2724245361,0.30080141223177825,0.151448378837234,0.38916369157108427,4.367606422881922,22.13916015840858,0.024040713108395898,0.038162668230825265,0.11942247860039469,0.0,0.11942247860039469,-5.821731985378165e-15,1.126120457526562,-0.4556513316356088,0.5811207207805745,79.98211804822984,33.38547218891614,650.9036146990626,25.512812755536434,4693.904687859346,747670.0576815754,8.613629183258993,47.416762613501625,6.885983053529948,3.361117130596463,15.52961117019938,0.4818199882423484,0.8558957669306603,6.019473111639328,0.0,6.019473111639328,-6.428191312579656e-14,2.654658876058369,11.071833117879363,12.654704215297455,5.879754254716609,36.333855269984475,680.399099773887,26.084460887162052,2662.606531675345,793513.0737375545,7.416146884529816,25.690002115510673,5.0685305676804076,2.6137757667972807,9.068761344372286,0.03542020635371451,0.6936133227106444,4.256410256410256,-2.6,6.856410256410257,5.140332604014475e-14,1.4241704330487042,9.55522206424206,8.948227164546818,32.405820652790446,37.31481952071886,641.8670846181341,25.335095907024588,1265.3408441794018,696488.2015804757,7.334390995930142,18.757076115500805,4.330944021284598,1.6207106757855714,5.960592889240287,-0.1952157870650027,0.6610065687748972,4.894409937888199,-1.3333333333333333,6.227743271221532,1.6653345369377348e-16,3.9808644279976746,29.64184575150288,8.880115726845732,532.0,41.83451059581167,568.9628169200686,23.85294147311959,-11.34952478226918,585335.7138144567,571.1725266776666,76032.83633491513,275.74052356321357,0.3264395517777186,-1.053528203493151,3.2048192771084336,48.78407280975117,387.0,-338.0,725.0,-2.042810365310288e-13,2.76328428687169,48.443192309819686,629.8936418158228,442.0,41.08996594530847,562.7139873099258,23.721593270898264,-70.8846884445769,565208.4180480454,856.4711265430922,99890.34192812715,316.05433382272605,-0.2197817143329038,-1.1414391282454133,2.6626506024096384,70.79374029717194,788.0,-124.0,912.0,1.163513729807164e-13,9.606379821081783,99.37022212701629,912.7584565480618,1.0
0.38443833769019015,45.77354457812558,652.8484639952721,25.550899475268423,-3158.8196531096605,775526.1648061819,0.36958511547269346,0.0030273713985705373,0.05502155394543612,-0.055932701271213525,-1.0562010242226432,0.0021719680095490974,0.02800642707004224,0.363126192427948,-0.07178131172132277,0.4349075041492708,-2.480654570646834e-16,12.107568353371068,157.62598331903,0.3737200826832113,0.24978623402342678,35.49158350546328,665.8309817574338,25.803700931405825,7281.4031301462655,864633.5245039266,0.16851422355187887,0.004376673747194484,0.06615643390626859,0.9092266592867962,0.3295734805482369,0.0014112216611493033,0.0135689399062859,0.1579711403778266,-0.0343651476760317,0.19233628805385833,-2.398255205537936e-16,8.964149651190388,101.38768048120778,0.18149671838918027,,,,,,,,,,,,0.0050483664023220675,0.037352247493542344,0.47827630680839367,0.0,0.47827630680839367,-3.920475055707584e-16,11.90347991522813,148.4640183654525,0.5000390441981144,,,,,,,,,,,,0.053368115626064944,0.28452084219573065,3.347934147658756,0.0,3.347934147658756,-9.992007221626409e-16,10.147853483066214,109.73273277683867,3.8404227256940207,,,,,,,,,,,,0.6942035955637464,2.507256479746991,23.435539033611292,0.0,23.435539033611292,-1.9984014443252818e-14,8.291656305176138,72.86035674590909,34.513948614575284,,,,,,,,,,,,0.025179213641673224,1.8394273160045977,16.23076923076923,-16.571428571428573,32.8021978021978,-8.722189637211386e-15,-0.27837873350256953,70.97254275753073,24.405047110890234,,,,,,,,,,,,0.16123847059464308,4.448945510341037,55.857142857142854,-3.7314814814814814,59.588624338624335,2.1649348980190553e-14,11.55890424941734,141.80625964636673,59.06068119921645,532.0,44.21918570328147,636.8457994304061,25.235803918845267,-158.49164768101397,730164.7845855943,556.2097858566835,47761.35593544413,218.54371630281236,0.1462930591242451,-0.3756255522966116,3.005649717514124,44.79160751384008,488.0,-199.0,687.0,-3.4017233474514796e-13,7.19427765335328,82.28821723776579,597.2537149319375,442.0,43.482005809238636,628.9583165166384,25.07904137953918,668.6017056654617,709204.9514539839,975.1334926537966,192018.0010502629,438.198586317052,0.21737207932118974,-0.7615748419675138,2.4971751412429377,80.1286482757947,791.0,-403.0,1194.0,-2.913225216616411e-13,6.19644668895843,63.143724364526534,1066.5598904890433,1.0
0.16648007012569263,43.09948425303024,640.8817401744333,25.315642203476358,-1288.8414505842686,748456.9162990844,0.11057888674115168,0.0008468248980675337,0.02910025597941595,-0.3520155872984741,-0.8442896972010417,0.000967907384451701,0.00868435806217743,0.1054015022376658,-0.014314650606470735,0.11971615284413653,-3.859759734048396e-17,10.688970478687184,124.51878695295305,0.11459950340643277,0.11243299787245525,44.77450453853731,544.9264654394229,23.343660069479743,-2790.2608657550363,590814.6536109593,0.08170040200995334,0.001196168190376256,0.03458566452124718,0.22207483687912014,-0.84650491008151,0.0006536802201886935,0.006763844399331768,0.06574829514505225,-0.03280357252734764,0.09855186767239989,3.0357660829594124e-17,4.716381942524164,55.07087652195953,0.08912028326282243,,,,,,,,,,,,0.00278063750451114,0.013809810940403691,0.17319069171060442,0.0,0.17319069171060442,3.668940151690947e-16,11.362599087426474,138.1421590035958,0.1836716633942265,,,,,,,,,,,,0.03837512506908264,0.15256575799145117,1.9050976088166487,0.0,1.9050976088166487,6.439293542825908e-15,11.017067972696482,133.18381219033563,2.0511760833842514,,,,,,,,,,,,0.5921281822606764,1.7501429109910922,20.956073696983136,0.0,20.956073696983136,5.795364188543317e-14,9.503709277837324,108.37349173145337,24.089722265529552,,,,,,,,,,,,0.07422595866129804,1.304338339396904,14.818181818181818,-3.4,18.21818181818182,-6.744604874597826e-15,8.508917279339498,96.46874051516417,17.03400597085651,,,,,,,,,,,,0.054834296996134416,2.935717373236904,32.4,-3.149532710280374,35.549532710280374,2.6367796834847468e-15,9.253925141003371,94.20947711136093,38.28374799129332,532.0,42.79418992085849,604.9559084615063,24.59585144819155,67.66338243938335,660516.7185985898,594.0126958753735,32028.754348173527,178.96579099977046,-0.023132731739017514,-0.7227806786732841,3.0930232558139537,47.165623051505285,563.0,-152.0,715.0,-2.984279490192421e-13,9.833074800771506,117.35058737132911,619.8999919341829,442.0,41.99451402776552,599.862489640354,24.49209034852587,35.24145049149178,644082.4674583641,940.4817859076747,176048.1033991667,419.58086634064557,0.22720771622297267,-0.6727494515147604,2.5697674418604652,78.49448813380326,791.0,-337.0,1128.0,7.638334409421077e-13,6.8933444376706134,67.55109201337129,1029.9970873745226,1.0
0.0007354297019641718,41.779108092374116,572.7001919561889,23.931155257450254,-1508.593086766888,580181.1041336731,0.007143154749030595,8.009819446366083e-06,0.002830162441692364,-0.4249433860411045,-0.591554235622792,-4.45714970887377e-06,0.0005963357529590772,0.006044604697447622,-0.0035588883707618917,0.009603493068209514,1.1157117981233644e-17,4.815362211025071,71.9647667915406,0.00766028540021398,0.049078190171305554,36.779459704977825,608.2597740454344,24.66292306368883,1905.2758535736275,644107.079707589,0.03769196123863293,0.00043891361085845906,0.020950265173941333,0.8154938152523976,0.8431620821561453,-0.0002974435767957915,0.0033469364233976134,0.01616259333263627,-0.027511763936508934,0.0436743572691452,-8.857931749206571e-17,-3.167065388187341,32.10171485799502,0.043161617869364594,,,,,,,,,,,,3.262812045485176,41.221122012231746,524.6732316404183,0.0,524.6732316404183,-4.596323321948148e-13,12.688569155773266,160.99985720596462,524.6733475459047,,,,,,,,,,,,3.3008266725650546,41.21857417487113,524.6732316404183,0.0,524.6732316404183,1.8252066524837574e-13,12.688142529505562,160.99257442722129,524.6794035511601,,,,,,,,,,,,3.78652119072502,41.2092189735151,524.6732316404183,0.0,524.6732316404183,5.266898028821743e-13,12.66140915413547,160.5306775030925,525.0890713514432,,,,,,,,,,,,2.2499312410455414,29.175444212179972,371.0,-11.857142857142858,382.85714285714283,-4.027889133340068e-13,12.657578370502335,160.47934762693862,371.2940430795523,,,,,,,,,,,,-1.3007356586201448,20.692292858249285,35.0,-257.0,292.0,-2.3780977187470853e-13,-11.770713240714294,146.50092026023205,263.07399418150413,447.0,40.33558629883969,572.0953485026554,23.918514763727604,100.37991698096648,577090.0002113155,394.85204925542666,13921.1640768389,117.98798276451251,-0.022825292390041132,-0.7674694470989845,2.709090909090909,31.984848341300214,371.0,-83.0,454.0,2.0961010704922955e-13,9.349391321926028,107.4273387105194,412.32390180536464,44.0,40.23274184236065,550.5622049808328,23.464061988087927,1109.329141448539,551929.257700221,546.6245378830178,76260.96824271377,276.15388507626284,0.44688433089999446,0.4831005522845922,0.26666666666666666,47.532207050280235,315.0,-260.0,575.0,1.4022116801015727e-13,0.6917827991805868,25.49305325187967,610.5718630922981,1.0
0.17444624639492023,38.31493435718131,486.78882799469983,22.063291413447356,-1012.5935029825786,419398.9247674139,0.16649306932761426,0.0001950291269190146,0.01396528291582432,0.2540398627977289,-0.9535242228189247,0.0011629749759661347,0.013579964438213826,0.16547851069991626,-0.018577975322601716,0.18405648602251798,2.0729945537922845e-16,11.909226639766038,144.7488872018491,0.16692870256693826,0.07243750963621168,34.01904916101008,377.6593872586558,19.433460506524714,742.8555739398222,312400.1403265485,0.08062404829343095,0.000907131433404144,0.030118622700982593,0.6052476348140348,-0.6764797715756635,0.00048291673090807794,0.007024653984162313,0.07878151501620508,-0.01673316887155653,0.0955146838877616,-3.002155815612362e-16,9.255518390698901,103.94789144915704,0.08623714875231997,,,,,,,,,,,,0.0022520316808857252,0.009741963844407286,0.08838834764831845,0.0,0.08838834764831845,8.933825901280557e-17,6.896396044283943,51.67255975183024,0.12081686931330397,,,,,,,,,,,,0.02666887730849087,0.09089291985694821,0.7071067811865476,0.0,0.7071067811865476,2.3245294578089215e-16,5.803695756297634,36.54339056770385,1.1445618274975247,,,,,,,,,,,,0.3880133053641384,1.0292299644786185,6.17111372671896,0.0,6.17111372671896,-2.4924506902834764e-14,4.158244633628265,19.233188901273415,13.29062911070645,,,,,,,,,,,,-0.06487272731389085,0.7750650628889073,4.089655172413793,-4.363636363636363,8.453291536050155,-2.6506574712925612e-14,-1.8946787220272696,19.272567740710123,9.397893970415865,,,,,,,,,,,,-0.12544325165946735,1.4547063813732752,13.5,-7.545454545454546,21.045454545454547,-1.0547118733938987e-14,4.9190852587790665,57.975609998736104,17.642516066243907,532.0,37.31187113698647,463.7212475287804,21.53418787715897,53.478810167645456,388110.3420075434,603.7055081853139,8322.939386711885,91.23014516436925,-0.018496008083123315,-0.013259955547794959,3.546666666666667,49.56875180550281,593.0,-48.0,641.0,-9.094947017729282e-13,11.329386855316205,134.8531746211477,608.6427523597073,442.0,37.14077446086433,462.08498283829135,21.49616204903311,-102.24980555473255,383226.3901614742,766.1718056958995,19269.64415668509,138.8151438305097,0.020359823877243846,-0.6704970220551332,2.9466666666666668,63.38651661740739,752.0,-83.0,835.0,1.2523315717771766e-13,11.160114687799368,131.55294963691065,777.1615018771838,1.0
0.1974646571703414,7.20540241930687,25.59356688194146,5.0590084880282085,54.97118866204898,1393.4709200375498,0.14078926552885557,0.0033362910523990737,0.057760635837904986,-0.42829505674524954,-0.9830251390587046,0.004816211150496131,0.023474470464874678,0.12636477487782885,-0.012528394632180074,0.13889316951000893,-3.642919299551295e-17,4.53868580765629,20.57974986022886,0.15344090977164446,0.008520351263506285,9.186063854226758,33.90886721381514,5.823132079372332,20.677826962222355,2010.1353064985292,0.07802140280483937,5.6379836551641175e-05,0.0075086507810419026,-0.07251496056890425,0.14145238701436508,0.00020781344545137305,0.012090988706656732,0.019285029176508612,-0.0696547862059161,0.08893981538242471,-2.927345865710862e-18,-4.786939327653941,27.862022292728536,0.07743153729351529,0.09525627877262889,5.483771509807757,27.275540492300635,5.22259901699342,135.1019688155695,1915.6055654657782,0.018217155821134222,0.00024054965185545886,0.015509663176724982,1.7651458753625218,2.6245410992098948,0.0023233238725031444,0.0036906377623129307,0.016918082167060953,0.0,0.016918082167060953,-2.688821387764051e-17,2.4533686732259024,6.03195038779015,0.027924259654918005,1.562187296644805,5.335756501233259,26.677377918897488,5.165014803357052,137.30873748121664,2044.819767409211,0.29156476552944566,0.06659965512856306,0.2580690898355769,1.762280888269201,2.5608835378644867,0.03810212918645865,0.060063354936514504,0.27068931467297525,0.0,0.27068931467297525,3.3306690738754696e-16,2.410274256394606,5.65737545826372,0.4554498139703467,25.81016887874823,5.119256545008122,25.9696781096852,5.09604534023052,143.10287176409153,2074.0391967235373,4.623657616967637,18.840775244324494,4.340596185355705,1.7582718997495097,2.484315584532344,0.6295163141158103,0.9782766598254541,4.331029034767604,0.0,4.331029034767604,9.103828801926284e-15,2.3715646888751567,5.31950229276304,7.448889617170155,18.250545437732864,5.119256545008122,25.9696781096852,5.09604534023052,143.10287176409153,2073.7704396506615,3.269419654842648,9.420387622162249,3.0692649970574792,1.7582718997495104,2.484315584532347,0.4451352545788503,0.691746060039104,3.0625,0.0,3.0625,3.774758283725532e-15,2.3715646888751563,5.31950229276304,5.267160360611082,1.0814325595285348,9.760022366550903,29.63204518158046,5.4435324176108715,1.7530573304825157,1628.4157054807404,4.871181667779048,0.5825547137543953,0.7632527194543072,-2.295306289524998,4.696649488159473,0.026376403890939874,0.7605841011993935,4.461538461538462,-1.25,5.711538461538462,-1.2281842209915794e-15,4.790396789238797,29.090782135208464,4.873042117287697,317.0,4.553112159268928,27.80025523448981,5.272594734520169,216.94890621161366,3136.767521088554,48.53979628644338,3105.1381764705716,55.723766711077346,1.7903217971949512,2.3677145841042853,7.7317073170731705,11.399667068831018,49.0,0.0,49.0,1.7763568394002505e-15,2.192372987615252,4.423446723110299,88.19863944528849,699.0,9.57698789959111,32.66644191475378,5.715456404763646,-1.2784332812248895,1927.7912880132642,755.7262771070721,436.1440898848362,20.884063059779248,-2.6606366368094037,6.4945291402042615,17.048780487804876,116.62090998124755,754.0,-20.0,774.0,1.1368683772161603e-13,6.385861467531735,40.850886111497445,754.6754269220643,0.0
40.15360604280936,8.756307869595952,26.72127147953523,5.169262179415475,-8.237266589083754,1286.9978562064773,39.99262716506522,5.229299980254124,2.2867662714527963,-0.44060719160446266,-0.9572256063453908,1.085232595751604,6.495884126547331,39.92465741056522,-2.7553123830166584,42.679969793581876,1.3322676295501878e-15,6.014052660110215,36.445099641586914,40.06054035805333,0.3364500927723133,8.582958291660983,26.95906067958768,5.192211540334974,-4.671798872334679,1299.7844888360416,0.5475092454929753,0.0207869839462266,0.14417691890946552,-0.4513065086039378,-0.7901532378082519,-0.00909324575060306,0.09181205149363586,0.2026332779848791,-0.5128722534913039,0.715505531476183,-5.204170427930421e-17,-4.2989183469016075,25.785448663249877,0.5612033294241788,0.10442481750400757,6.785761406522582,30.24080410707921,5.499163946190294,52.40441904281936,1390.663503653886,0.023007239839228383,0.00013436110115817886,0.011591423603603608,1.6460805398462253,1.4376020403348442,0.002822292364973178,0.004177664242878818,0.021885872153247717,0.0,0.021885872153247717,-3.469446951953614e-18,3.056784705029826,11.137103271085433,0.03066714643760849,1.6599850163055556,6.128450116901593,28.91449675683896,5.377220170017122,76.80278379583103,1503.551757990983,0.3124186278309873,0.039743984847257295,0.19935893470636648,1.626608316631338,1.2877457682085496,0.04486445990015013,0.060098396424449856,0.2845163379922203,0.0,0.2845163379922203,5.134781488891349e-16,2.4179628369800388,6.277931306176316,0.45619246985470163,26.747356400642442,5.302000657387056,25.69297320422711,5.0688236509299776,95.21356230237602,1419.6517597113661,4.320521325896376,11.958702085238151,3.458135637195012,1.566286720282277,1.0842490665790179,0.7229015243416876,0.8974120075079753,3.698712393898864,0.0,3.698712393898864,6.661338147750939e-15,1.9869896571139887,3.2989700238117265,7.00953580697439,18.91323708970768,5.3020006573870555,25.69297320422711,5.0688236509299776,95.21356230237612,1419.3641461125933,3.0550699278024207,5.979351042619074,2.445271159323455,1.566286720282277,1.0842490665790185,0.5111685699920994,0.6345661160271222,2.6153846153846154,0.0,2.6153846153846154,2.4424906541753444e-15,1.9869896571139898,3.298970023811732,4.95649030208151,7.539924944336712,8.681759574584042,26.167668849068537,5.115434375404354,-4.677107252669218,1244.109331318842,12.685316987897496,0.38790100359186047,0.6228169904489284,-1.5877219100989743,1.5780085033490705,0.20378175525234363,2.0595562953635156,12.507936507936508,-0.9230769230769231,13.431013431013431,-4.6629367034256575e-15,5.997848856864602,36.315425308451374,12.588966124713066,311.0,4.5697999260478985,23.38988483903687,4.836309009879008,121.81406888687695,1617.7220017393483,43.60756860996121,1772.602182149744,42.10228238646622,1.6255180998467598,1.0508513001981774,8.405405405405405,9.82951831175119,38.0,0.0,38.0,5.3290705182007514e-14,1.8261383349310998,2.46422144268067,78.67019766086774,708.0,8.536249325780194,26.701639719301088,5.16736293667293,-0.9181800093959521,1283.4498424640274,790.3662827452675,93.19465498319269,9.65373787624217,-1.5068238646441612,1.2508306945044734,19.135135135135137,128.1770654870583,788.0,-13.0,801.0,5.684341886080802e-14,6.0777789148429004,36.95876979577798,788.3108523926333,0.0
1.003185428708926,7.166072626826004,27.862316107474307,5.278476684373467,48.061947742634,1337.952036338726,0.33068670941771827,0.030739651783007457,0.17532727050578142,0.3778110663958704,-0.06175142010318097,0.027866261908581283,0.06220859355263309,0.2998963472516178,-0.029877643944600813,0.3297739911962186,-2.0816681711721685e-17,2.8320902281793945,9.414945532704827,0.4089886990174138,0.004213067160475838,9.280603863831862,26.277850231463866,5.126192566755941,-41.25573140767713,1141.0886532546529,0.07893493468785802,0.001998513383335795,0.04470473558064956,0.39520640645806476,-0.4605776996689925,0.0001170296433465513,0.015116554982953763,0.038076272209973346,-0.04284682696777898,0.08092309917775233,-6.2341624917916505e-19,-0.5651401697341529,2.4430388436552732,0.09070204792419573,0.23695467442729778,8.276843784395657,28.66020429502372,5.353522606193395,2.2581163165577904,1402.573725926168,0.14941598742096193,0.0002788909924019418,0.016700029712606555,2.085018171524989,4.786130882903964,0.006582074289647161,0.024721075207786096,0.15058755525269069,0.0,0.15058755525269069,-1.734723475976807e-17,5.724091716755297,33.64620356643006,0.1534939393259689,2.303044098407087,7.751855780547754,31.12465700681605,5.5789476612364854,16.79996752636354,1583.8535543138357,0.9131709068746248,0.08050610451982108,0.283735976780917,1.9703416663591555,3.969276703873222,0.06397344717797464,0.15771841724056115,0.9035253315161441,0.0,0.9035253315161441,4.996003610813204e-16,4.462653562045658,22.63441917454883,1.0211940260818366,28.318845253061355,6.068601931094902,32.072907321310005,5.663294740812101,93.97848266909186,1797.9194915272533,6.473766859253261,24.882565543668235,4.988242731029459,1.685493506421804,2.316050556777625,0.7866345903628155,1.3584974740867575,5.421151989096865,0.0,5.421151989096865,-4.218847493575595e-15,2.133031210280356,3.7084862024181993,9.418871332107337,20.024447513812156,6.068601931094902,32.07290732131001,5.663294740812102,93.97848266909185,1797.7275413513921,4.577644445998718,12.441282771834116,3.5272202613154335,1.685493506421803,2.316050556777623,0.5562346531614487,0.9606027761515421,3.8333333333333335,0.0,3.8333333333333335,5.551115123125783e-15,2.1330312102803575,3.7084862024181993,6.6601477900566675,2.441618369262991,8.883880189937885,26.45293824282794,5.14324199730364,-7.653984464193021,1218.61518969854,4.882985122855004,0.469619000556674,0.68528753130104,-0.927145583641949,1.1164168272082646,-0.0678227324795275,0.8095486659335666,4.2707182320441985,-1.5,5.7707182320441985,-9.43689570931383e-16,4.1869643618967665,23.623796325968392,4.8743084391541185,304.0,4.447279360708731,24.522062710761812,4.951975637133306,136.09833532790543,1793.891947985789,54.825459163397596,3234.169027522623,56.869754945160636,1.767033937386258,2.2503388932137343,8.444444444444445,13.15388502907125,51.0,0.0,51.0,-8.881784197001252e-14,1.9367725256791053,2.9516286454738943,93.78699270154684,679.0,8.517782248265512,26.7113339239229,5.168300873974241,0.5251538720054479,1278.2153193110814,775.7835434239773,250.89375253773304,15.839626022660164,-1.5001918119969362,4.762437835030478,18.86111111111111,127.54784565839903,773.0,-17.0,790.0,5.186961971048731e-13,5.988698010810715,35.90787799387262,773.609074403862,0.0
0.2615006353846882,9.220048686501944,32.71957141952942,5.720102395895498,-63.06915246700149,1681.9923882178193,0.15204009939494223,0.008111494184957215,0.09006383394547011,0.9343554680336686,0.04712002090000604,0.007471446725276806,0.029440237969110293,0.12929249233210813,-0.03371525081265432,0.16300774314476246,-5.204170427930421e-18,3.0029984460749364,9.442394290107714,0.1796921102180818,0.056029470871015466,6.971142683906477,30.770697074719543,5.547134131668311,40.14886372247348,1473.6751915374566,0.03570311994915888,0.00045182862537688936,0.021256260851261904,1.7703498609870159,4.142183889047403,-0.001600842024886156,0.006922451351962443,0.016183157316306186,-0.020956187606457264,0.037139344922763454,-2.6454533008646308e-17,-0.8900215179737552,2.5843927105773687,0.04203458072602235,0.10493936799753042,4.984459804073276,28.549534697884205,5.343176461421072,147.0898441612649,1879.830018503565,0.02620796582288406,0.0005514102208006797,0.023482125559682192,1.406479742424866,0.9211359626880249,0.0029982676570723,0.005862443704074737,0.02382342182708583,0.0,0.02382342182708583,-3.9898639947466563e-17,2.3559999468875064,4.870535114639034,0.03895542233683515,1.6528226871630243,4.283954607672171,24.03290532412781,4.902336720802419,150.40236527299987,1917.2540257095452,0.38374534798498217,0.1491687625304123,0.38622372082824263,1.3881813702003232,0.757118821794127,0.04722350534751499,0.09070514985464391,0.3811747492333733,0.0,0.3811747492333733,-6.938893903907228e-17,2.34187512239972,5.00692048973831,0.6049891968961978,26.446882996571983,3.8144892936988946,19.11793889019757,4.372406533043053,122.24066628624372,1528.9765362786122,5.992498045183966,39.49660098431796,6.284632128002239,1.3979378164950713,0.645171073434968,0.7556252284734856,1.4466923708362744,6.098795987733973,0.0,6.098795987733973,-1.0880185641326534e-14,2.3913968269368886,5.311052535038695,9.65588372760112,18.70077030812325,3.8144892936988932,19.117938890197564,4.372406533043052,122.24066628624377,1528.769170222295,4.237336003996713,19.74830049215898,4.4439059949732265,1.3979378164950713,0.6451710734349685,0.5343077230892356,1.0229659857091733,4.3125,0.0,4.3125,1.0436096431476471e-14,2.3913968269368886,5.311052535038695,6.827740862135589,6.396301819095937,8.079763794149612,23.242731314053582,4.821071593956429,-1.169580980383638,988.3600112758669,9.612865996166521,0.19813763435688012,0.44512653746646036,-1.0139971192124222,0.8255367927956193,0.1827514805455983,1.6032062848711754,9.5,-0.6470588235294118,10.147058823529411,-5.551115123125783e-15,5.85241368312749,34.49822670581324,9.546119491302301,305.0,3.4016052888570494,14.291574509127583,3.7804198852941697,81.8373536341831,969.5831101412724,67.31193184390652,5430.868537323644,73.69442677247476,1.3621299612631774,0.5233627426185213,8.714285714285714,16.62798231651596,69.0,0.0,69.0,-3.197442310920451e-14,2.4361472492934326,5.404409030214645,111.06304515904469,711.0,8.010147718402143,23.83503599679108,4.88211388609392,-0.10087885841287841,1022.6254047763842,761.5087326572597,51.92067496941246,7.205600250458837,-0.7417611733789761,0.39970334901598337,20.314285714285713,126.87198754843325,760.0,-11.0,771.0,5.755396159656812e-13,5.913553955095403,34.97963048643376,760.1453808318512,0.0
3.75631846112264,7.059155173337162,17.103563741453723,4.135645504809826,-14.009366237667626,513.9845024445083,3.3482019631351463,0.34468056847578005,0.5870950250817836,0.5963469961908113,-1.1445369473274707,0.1295282227973324,0.6202525613503835,3.3134595848150106,-0.5592067931506438,3.8726663779656545,2.220446049250313e-16,4.873808542731637,25.369865795039118,3.412218224340239,0.04213176558820867,6.020675229460354,15.484686560730847,3.9350586476863145,9.23845785775237,424.46297864347,0.21139717801166183,0.005389196443620817,0.07341114658974356,-0.3857021819206823,-0.9542733846552969,0.0014528195030416783,0.04083234729953737,0.18574657955209742,-0.06423452863333114,0.24998110818542857,4.206704429243757e-17,3.0135026897368964,14.360385470245893,0.22002805922076216,0.12789509066452434,5.423164687957364,17.317233340879433,4.161398003181074,13.347736747297507,411.1648103816819,0.03223643424818768,0.00020698806670695218,0.014387079853359826,0.8947034530037633,-0.290081101333154,0.004410175540156011,0.00644125759251933,0.030383494504109463,0.0,0.030383494504109463,2.7755575615628914e-17,2.6792663594341075,8.560692055253748,0.042038601099194176,1.7946512302848396,4.1942682008110355,16.089104723792563,4.011122626371894,42.39258645568056,515.0160072909978,0.3141690948664454,0.060153583780951425,0.245262275494931,1.198905010676236,0.009394973570037888,0.061884525182235854,0.07272480428893296,0.2525381361380527,0.0,0.2525381361380527,4.3021142204224816e-16,1.3502239668551081,1.0232987790951822,0.5142364795120403,27.154562698192144,2.9600838867177175,11.968775811194867,3.459591856158016,57.24929836441228,535.2403382197244,3.7775863055950376,18.166066297984106,4.262166854779867,1.19046585014743,-0.2795607277858062,0.9363642309721428,1.0391928912407653,3.5355339059327378,0.0,3.5355339059327378,5.995204332975845e-15,1.1436387451483292,0.34765626377011305,7.532880943519047,19.20117542404694,2.960083886717718,11.968775811194865,3.4595918561580157,57.24929836441225,534.9113872477029,2.6711568932036878,9.08303314899205,3.0138070855633825,1.1904658501474297,-0.27956072778580754,0.662109497380929,0.7348203403571995,2.5,0.0,2.5,1.1102230246251565e-15,1.1436387451483299,0.34765626377011305,5.326551197033237,0.45338398991649836,6.540547778140933,16.00421230218501,4.000526503122434,-1.1979357467130651,468.24504922970954,4.1573813505713,0.23769411352306663,0.4875388328359769,-1.8454509235782812,4.1453730131954725,0.015633930686775797,0.7637774471913179,3.9891891891891893,-0.5,4.489189189189189,-8.118505867571457e-16,5.091530159479708,26.896170626449493,4.113929004027338,312.0,3.012967999528886,12.146622354796513,3.4852004755532375,58.716563548463064,559.7912863278281,43.533210893022215,2247.0024064865056,47.40255696148158,1.2168746345580677,-0.25593450973263593,10.758620689655173,11.743391897995943,40.0,0.0,40.0,-5.3290705182007514e-14,1.2961994575188815,0.8159950359236894,85.76712656956627,683.0,6.4957486263009425,16.220180692160646,4.027428545878951,0.0831454782442484,471.5635811671685,740.0142929240434,63.70341098528587,7.981441660833328,-0.9252527699546587,1.6352919162002544,23.551724137931036,135.03501109403174,738.0,-7.0,745.0,-2.6290081223123707e-13,5.382979110756106,28.98380164031575,738.1632610744049,0.0
42.30064891898185,9.915900223540042,28.97716768881555,5.3830444628310055,-33.41556082624216,1576.4446453434223,56.82981698435267,91.52549997999394,9.566896047307818,-0.08940707444118168,-1.4723660296242096,-1.084632023563637,9.109020344577639,13.779037409240537,-55.603717300406096,69.38275470964663,-1.1102230246251565e-14,-5.602359321765127,34.50301126563066,57.287664050075335,0.558385466016836,7.160736910167692,25.236363665825994,5.023580761352005,50.86081156916626,1352.8532894710097,0.43213370070007384,0.022072731050789735,0.14856894376278554,-0.32041818267533695,-1.3121693738497073,-0.014317576051713745,0.07222793437451545,0.013087767032194015,-0.406555763545295,0.419643530577489,3.469446951953614e-17,-4.814759661703609,23.873088368279817,0.4598400069939879,0.15070258223145305,6.20413874140828,31.838695464417253,5.642578795587816,123.50182988573648,2139.8765102308544,0.04081450691149976,0.0007150638191762072,0.02674067723854815,1.5741421612558533,1.2790839456372587,0.003864168775165465,0.007712526255851645,0.03762302844505683,0.0,0.03762302844505683,-4.5102810375396984e-17,2.994106656504283,9.474046516340817,0.053871881359726294,2.4053812175917724,5.732192934024634,31.40186560120181,5.603736753381783,151.7791751384469,2417.113094421741,0.5910939806756957,0.20934231948829887,0.4575394185076286,1.5795373107599797,1.2157751356115232,0.06167644147671211,0.11814895965738706,0.5267223982307956,0.0,0.5267223982307956,2.7755575615628914e-16,2.6616358005587175,6.70510674480501,0.8323240017882301,38.90537628604725,5.22995615203281,30.620034510020126,5.533537251164044,182.0489729310489,2693.313839552265,8.680621525223186,61.80502915770412,7.8616174644728245,1.557414443253816,1.1198309269375473,0.9975737509242888,1.8511350766345616,7.374113575231139,0.0,7.374113575231139,-1.6431300764452317e-14,2.4469757202420896,5.073090860038302,13.132110415265323,19.91265120328588,5.039927650227789,30.538698613227186,5.526183005766927,187.32311342181845,2768.842366282018,6.330880281853062,37.980655889773395,6.16284478871352,1.8438960454040172,2.546623898617627,0.5105808000842534,1.3965079580243438,5.214285714285714,-0.4,5.614285714285715,1.9984014443252818e-15,2.3355145781504603,4.565811616213277,9.285804325924598,34.48345659328632,9.152263437643587,29.508448682547524,5.432167954191726,-3.869004473279501,1575.2515481494465,39.3145691254833,1.8907551486390382,1.3750473259633786,-1.8207322901072625,2.268319896800592,0.8841911946996487,6.217935068739958,39.1578947368421,-1.7142857142857142,40.87218045112782,1.7985612998927536e-14,6.215510394451718,38.7537148405643,39.22162557730331,325.0,4.60707095006659,29.606766719835537,5.441210041878143,212.2579859594495,3041.427862665927,95.88167103602579,11048.389369865632,105.11131894266018,1.7989010377321846,2.339234476145128,8.333333333333334,22.4879834958451,83.0,-7.0,90.0,3.197442310920451e-14,2.2570974873840415,4.180855989473773,149.76982339576955,671.0,9.111977077870712,29.596586425721494,5.440274480733623,-2.5055107058371293,1581.8552137936274,746.3265445990343,428.1625110762205,20.692088127499854,-2.021569166073614,2.9995665668815654,17.205128205128204,118.01112061617798,744.0,-24.0,768.0,6.821210263296962e-13,6.226448445934473,38.844069917841566,744.7704344292945,0.0
0.2848087502141495,10.77728169664472,35.84015072431819,5.986664407190217,-42.399772012596564,2346.2563194648915,0.16647955422311111,0.0060283948057960135,0.07764273826827602,0.12426889132936675,-1.0658774247056975,0.006781160719384512,0.02827766995053399,0.14021705212166125,-0.029758362550113746,0.169975414671775,4.5102810375396984e-17,3.8028396583665383,15.196354512808718,0.18845596795645708,0.1612143282306399,7.924638595748805,36.81646093421302,6.0676569558778635,75.19029503191187,2255.6508989072004,0.07180682719873836,0.0019053681301116022,0.04365052267856139,0.5295240794526496,-0.25838027644590705,0.003838436386443808,0.012966523204059891,0.053811036193535625,-0.01680702738733296,0.07061806358086858,-3.469446951953614e-17,1.620468742057038,4.927230206913247,0.08763732852818128,0.09668674338928576,7.35361138792902,44.68458424198717,6.684652888668728,186.89792807249148,3669.7877378020135,0.011748771607513232,6.449154309276612e-05,0.008030662680798273,1.263583648787088,1.075685628955905,0.0023020653187925183,0.002175895309715863,0.008059837115091931,0.0,0.008059837115091931,-1.6479873021779667e-17,1.0200125988714408,0.4810851981423441,0.02052873730882864,1.589821054517286,7.254558311430589,44.8891139692085,6.699933877972864,198.82636297586433,4007.4069329158015,0.18962223485568805,0.01828057165893033,0.1352056643004661,1.2435899034407558,1.1530745415374342,0.03785288225041158,0.03565944721246788,0.13701723095656282,0.0,0.13701723095656282,-2.3592239273284576e-16,1.0178871760147512,0.462137999014816,0.3370257387007954,26.268294016611726,7.132346402374157,44.7103754993472,6.68658174999358,210.20378437248826,4094.99979655484,3.0829592610359606,5.251740258624983,2.2916675715786052,1.201630316882863,1.1420243569060273,0.6254355718240889,0.589139030228395,2.329292926261568,0.0,2.329292926261568,-7.993605777301127e-15,1.0542579556334846,0.5901170784732286,5.5683648372334495,18.574488829348162,7.132346402374157,44.71037549934719,6.686581749993579,210.20378437248831,4094.596729053162,2.1799813996003956,2.625870129312491,1.6204536800885396,1.2016303168828617,1.142024356906025,0.442249734032099,0.4165842033361645,1.6470588235294117,0.0,1.6470588235294117,6.217248937900877e-15,1.0542579556334846,0.5901170784732286,3.9374285365284982,2.8574884301546715,9.46003137649381,38.10573673360073,6.172984426806917,8.435664696232088,2595.0891255595116,4.1692527319739865,0.7421882523879505,0.8615034836771993,3.530685951776399,12.306167544918226,0.06803543881320644,0.6518678410072507,4.093167701863354,-0.5294117647058824,4.622579466569237,8.049116928532385e-16,5.767341939262668,35.92343793003361,4.247533534783013,312.0,6.944459070090864,43.09053265323542,6.564337944776717,209.7478394361127,3960.2357390477546,35.65861435617873,728.463222197323,26.990057839829152,1.2446498679652547,1.2251982737561102,7.428571428571429,6.876955504204074,28.0,0.0,28.0,-6.572520305780927e-14,1.1149907612756111,0.842905142273279,65.60487786742691,638.0,9.955203743796696,36.79187204017802,6.065630390996308,0.16535830611115698,2431.6478676121583,659.2907128779598,218.32734144307528,14.775904082088354,3.079247724925987,10.398752597977358,15.19047619047619,100.5871425313911,659.0,-9.0,668.0,1.8474111129762605e-13,6.472410602151148,41.92646716414602,659.2708093037337,0.0
0.02214261562691268,6.695984878553056,16.198869787095024,4.024781955223789,7.344803003069053,288.5642211847068,0.013636195503058973,2.185285275663828e-05,0.004674703493981012,0.15424539783941207,-1.1379348526444057,0.000738087187563756,0.0026085441250345925,0.011239090762624544,-0.0021340287383417107,0.013373119500966254,-2.3852447794681098e-18,3.154082856885696,10.032927482869892,0.014848510176477231,0.0253091827961961,7.573602172565208,17.789769793521025,4.217792051953371,-13.022973363659938,533.4026923557249,0.038987900318148506,6.570500474766749e-05,0.008105862369154037,-1.657477583807591,3.2273195428942163,-0.0008436394265398702,0.007086909539014457,0.015321949678117598,-0.032727447973262165,0.04804939765137976,-6.505213034913027e-19,-2.7319335948537757,14.071228962588366,0.039090669332790894,0.12700718846754122,5.655899283471756,23.61752831867912,4.859786859387881,48.557753162368414,878.9316917841292,0.041469022995843575,0.00047889950460713746,0.021883772631955796,1.3963254533253475,0.9673252042302376,0.004233572948918042,0.008422739339886947,0.03818376618407357,0.0,0.03818376618407357,-2.949029909160572e-17,2.8437164516461837,8.52749717087575,0.05163303532666556,1.8573463723011288,4.733349579129601,22.511887180371776,4.744669343628887,83.64490745445613,1083.8873457706313,0.4785575993829951,0.13643935817029731,0.36937698651959533,1.40193690818748,0.7456179326437954,0.06191154574337095,0.10929054273933908,0.3818376618407357,0.0,0.3818376618407357,1.5265566588595902e-16,2.110081755273773,3.33745847910493,0.6879853682003596,28.47834396019228,3.8404242464664438,18.154005241464926,4.260751722579588,90.66368723739463,1030.7214185519783,6.402552092858238,36.807566514628995,6.06692397468676,1.4438846833061574,0.5993599200262251,0.9492781320064091,1.604171790176507,5.922019292437335,0.0,5.922019292437335,9.992007221626409e-15,2.0314011234971594,3.1213280196070374,10.209548625140599,20.13723013121492,3.840424246466444,18.154005241464937,4.260751722579589,90.66368723739461,1030.5273333389107,4.527288001760181,18.4037832573145,4.289963083444251,1.443884683306156,0.5993599200262217,0.6712410043738305,1.1343207510219715,4.1875,0.0,4.1875,6.439293542825908e-15,2.0314011234971594,3.1213280196070374,7.21924106569071,5.466642755643001,6.97577643912143,19.143758902566017,4.375358145634025,-2.1243776869121116,656.0197244386695,6.572110594552138,0.37885573963237124,0.6155125828383781,0.48015544830081863,1.8517370118557672,0.18222142518810006,1.185652230696075,6.457943925233645,-0.5294117647058824,6.987355689939527,3.885780586188048e-16,5.183729903339776,27.78840876621848,6.570333005150105,325.0,3.234323988285112,13.233224363115674,3.637749903871303,63.822316826451235,662.7888543555201,67.69073620024967,5089.630899334881,71.34164912121727,1.4305630218360945,0.490681464039568,10.833333333333334,17.948228015291342,67.0,0.0,67.0,-8.881784197001252e-14,2.1515987743722054,3.8101755625669074,114.82595525402782,676.0,7.000029750685544,18.711242913810626,4.325649421047737,-0.30814346835295053,627.065636677276,691.6920128574291,83.6260159047369,9.14472612519024,-0.4838754912616721,0.6234625372459637,22.533333333333335,124.18420010434326,691.0,-9.0,700.0,-6.394884621840902e-14,5.469715372487014,29.94327097647254,691.2915448636704,0.0
0.024098818702055123,6.950820485017582,13.908991261173394,3.729476003565835,-14.553390854588752,255.53117621853764,0.024664205917144907,0.00011181957045142067,0.010574477313390987,-0.012012879234708571,-0.6204729155815242,0.0008606720965019687,0.005069104378227245,0.021694027018437336,-0.006471429942747794,0.02816545696118513,-2.3852447794681098e-18,2.7469275122723804,10.271775445946755,0.027207060082663697,0.07318744138845645,6.498037115399055,17.40991115812341,4.172518562945336,-5.613211417163402,447.3479159416065,0.03481025414075415,0.00010785868358818752,0.010385503530796546,-0.8795386812368772,0.6614627110518368,0.0026138371924448725,0.006756880953194118,0.022699088066139305,-0.019440015534909035,0.04213910360104834,9.540979117872439e-18,-0.14949454663073605,5.221962891672939,0.038336045471056034,0.10382507378136879,3.7680450734157587,16.284194538335495,4.03536795575515,55.04152806431668,500.46841768680054,0.023569193295219983,0.0005350583262106509,0.02313132780906991,1.791546310995347,1.9825395512806132,0.003708038349334601,0.006228192177181361,0.0234654694793758,0.0,0.0234654694793758,-1.474514954580286e-17,1.849644375016974,2.659459464525556,0.03835515524005993,1.7097086704433946,3.443971480585132,14.662145226149375,3.8291180741979445,54.687873512464016,578.6493745662622,0.36594848230524135,0.14883705520882953,0.3857940580268565,1.7975952589864987,1.9998002739050504,0.061061023944406975,0.10035185239792635,0.351982042190637,0.0,0.351982042190637,-3.469446951953614e-16,1.6877821049032788,1.706748324532251,0.6215870026757074,28.31795878706575,3.170734251297935,13.043195990610757,3.611536513813858,51.0175420514482,526.1705786549732,5.774100146372752,41.27604011137219,6.4246431894208875,1.7968618803585923,2.03751368919059,1.0113556709666338,1.6308962825427902,5.279730632859555,0.0,5.279730632859555,-3.552713678800501e-15,1.5760562483021694,1.0876884835981908,10.154534128803318,18.940323955669225,3.134172874056729,13.035013119752252,3.610403456644735,51.1806195804255,524.5816720526414,4.1161544274931225,21.863658580867877,4.675859127568738,1.8942965666594473,2.5726371766461895,0.6764401412739008,1.1763333813496393,3.7333333333333334,-0.125,3.8583333333333334,1.1102230246251565e-15,1.5505720566566121,1.0087091020568222,7.180339942267057,3.135340295538505,6.402414611870122,16.13411197694513,4.0167290146268435,2.2362417093329596,469.3473093325903,5.312765265426558,0.09418819720433162,0.30690095666897427,0.73640746216642,0.199901223232503,0.1119764391263752,0.9884351843536797,5.22463768115942,-0.29411764705882354,5.518755328218243,-9.159339953157541e-16,5.212998833404306,27.435885966590657,5.2637628579236,321.0,3.289994880876909,14.25690373115398,3.775831528438998,53.94539532839417,564.1209603940986,67.55720913961332,5811.88063612369,76.23569135335293,2.0444498955197297,3.1289447886649797,11.464285714285714,19.232565653928056,58.0,-2.0,60.0,-8.171241461241152e-14,1.473755571303705,0.6827918251669445,118.47784603038663,686.0,6.4890996521242625,16.227900143446202,4.028386791687983,0.2737147056228827,471.4144865352416,722.2451449298113,27.2363396014494,5.218844661555793,0.7017303686410041,-0.05368540552678157,24.5,134.05102972908702,721.0,-5.0,726.0,0.0,5.290283751710633,27.991110329199813,721.0811327444368,0.0
0.18458647681880508,9.930861303874822,23.481151684521404,4.84573541214555,-35.31839004230754,1075.8774982453658,0.1353258527597661,0.0028247870269842374,0.053148725544308564,-0.07760498200249998,-0.41777277771273374,0.004988823697805542,0.023576545591510505,0.12183572202203996,-0.04879470418210475,0.1706304262041447,3.469446951953614e-17,3.334129714625818,16.82355521891588,0.14658597806374696,0.05931799130792449,7.555865187327714,29.411460077783545,5.423233360070682,27.525294455149652,1407.607765382284,0.05304690248961739,0.0005237953730118573,0.022886576262338962,0.7662566039846601,0.24943176275566165,-0.0016031889542682295,0.009368664356308447,0.03596684703115379,-0.03575202967709577,0.07171887670824956,-1.691355389077387e-17,0.4157085873169925,10.410491168668742,0.057815717636619586,0.09391972477937172,4.510724558889505,21.629261382483843,4.650726973547667,99.68550099005913,1130.136622084175,0.018103653243741347,0.0002926083571596083,0.01710579893368352,1.4659624159599665,0.7819180245604629,0.00253837093998302,0.004038946828916792,0.01727107953233985,0.0,0.01727107953233985,-3.903127820947816e-17,2.270301269874753,4.630839189724511,0.029017020610038333,1.5688955666854063,4.272500625014831,18.90537707379478,4.348031402116915,81.90655316365356,1004.999967287924,0.3007589493452525,0.08429073337649699,0.29032866440724897,1.398350370172451,0.6862022463109984,0.04240258288338935,0.06778818277225102,0.2936083520497775,0.0,0.2936083520497775,1.124100812432971e-15,2.2866087027794846,4.778018225503227,0.4863630537711845,26.31301337449127,4.241189949664091,18.27039033320289,4.274387714422136,78.04719627006045,969.1668439767675,5.102429996209309,23.842966897955957,4.882926059030175,1.3761419367945165,0.6576905946430464,0.7111625236348988,1.1452570964753641,4.991341984846217,0.0,4.991341984846217,1.4654943925052066e-14,2.3251504429871748,5.019503015360324,8.200154890357117,18.60611019055509,4.24118994966409,18.27039033320288,4.274387714422135,78.04719627006047,968.9233049790657,3.607962850849253,11.921483448977979,3.452750128372741,1.3761419367945158,0.6576905946430449,0.5028678429879753,0.8098190591197462,3.5294117647058822,0.0,3.5294117647058822,1.0880185641326534e-14,2.3251504429871743,5.019503015360326,5.798385129751548,2.803431372549021,8.514639603513352,27.3528802931868,5.229998115983102,-6.01653127280506,1365.7469637757404,5.136648210677148,0.5624294622591254,0.7499529733650807,1.3419454282285956,3.363637073006945,0.0757684154742978,0.8418010166955069,5.0,-0.29411764705882354,5.294117647058823,2.248201624865942e-15,5.628591367109772,33.1235944880915,5.1411752320110375,316.0,4.345536617104909,19.7215783720194,4.4408983744304935,91.65934275435191,1180.659209524724,61.548759243473356,3378.639124477834,58.12606235139134,1.443791670559441,0.7997480176848383,8.54054054054054,13.728239970250696,60.0,0.0,60.0,-1.5631940186722204e-13,2.379285882283337,5.317264713023497,98.34632682515398,673.0,8.511360276951127,26.938486209895842,5.190229880255386,-1.0282288517906881,1304.5289285026993,711.1761037673431,155.93831919004256,12.487526544117637,0.6272539985668879,1.659765536851092,18.18918918918919,115.34363179924539,710.0,-5.0,715.0,5.471179065352771e-13,6.075799191895567,36.941739049396645,710.2781145438736,0.0
0.19915272313703541,7.070708622119661,15.5672124920596,3.945530698405425,-10.60172262992488,435.4487329573382,0.21614376606707222,0.0011732782942399536,0.034253150136008714,-0.5753940987107561,-0.9699225407799518,0.007112597254894122,0.040379653104182504,0.21176980045555235,-0.04256552416637787,0.2543353246219302,-5.0306980803327406e-17,4.842493308195453,25.123983234290954,0.21695841049999515,0.05881561911869905,6.537998783907697,15.904111831801071,3.9879959668737217,1.3918966619595659,398.3056858350244,0.05057812142237699,0.0002577632786621146,0.016055007899783626,0.4096098677140186,-0.6362550831032571,-0.0021005578256678226,0.009848873692624957,0.01234850241122119,-0.042634422287929415,0.0549829246991506,-1.474514954580286e-17,-2.9485524349898644,10.533312846239145,0.053287469196642456,17.05880479614889,6.500732575794973,16.25372099347488,4.031590380169454,-0.056839340726005876,472.11376248160053,16.967238719717475,0.0003377606664683626,0.018378266144235766,0.4114384325452763,0.7472299170011427,0.609243028433889,3.148742748116299,16.97056274847714,0.0,16.97056274847714,-3.9968028886505635e-15,5.291473860096611,27.999789721514173,16.970598779132334,18.441913077636563,6.512652657958954,16.334927134700433,4.041649061299166,-0.9186903459724646,476.768287937119,16.922970109866963,0.09311572668699941,0.30514869602703437,0.4874726922806912,1.0312072908774421,0.6586397527727347,3.140678535747627,16.97056274847714,0.0,16.97056274847714,-5.10702591327572e-15,5.283682599927755,27.94242136137957,16.98042118698694,41.6384218634,6.429058578917744,18.72949136454279,4.327758237764996,-9.456398130840952,593.2911863512869,17.305231863541735,32.5095982266461,5.701718883516277,1.0137095091041797,1.6461693769516017,1.4870864951214293,3.378496250383587,16.97056274847714,0.0,16.97056274847714,-2.842170943040401e-14,3.709909281429268,15.791541587743577,19.532500311511523,29.442810457516337,6.429058578917744,18.72949136454279,4.327758237764996,-9.456398130840935,593.219379125766,12.236646800715876,16.254799113323052,4.0317240869537505,1.0137095091041801,1.6461693769516013,1.051528944911298,2.3889576088595583,12.0,0.0,12.0,4.440892098500626e-15,3.7099092814292702,15.791541587743584,13.811563423798152,743.9307189542484,6.499122554921186,16.243388974918396,4.0303087939906534,0.040796238099093864,471.76661202542374,747.0955848634941,0.34626682231627337,0.5884444088580274,0.3198775086885534,-1.3638524161086427,26.56895424836602,138.64713964902026,747.0,-0.7222222222222222,747.7222222222222,-2.4158453015843406e-13,5.291487789260722,27.999891658234365,747.0008584705829,306.0,3.955126407068324,16.755687210237348,4.093371130283369,58.50540707762535,679.6938154739752,76.475130904235,4372.697210322994,66.12637303166562,1.585695037624072,1.1328985101613065,10.928571428571429,19.022408912026005,65.0,0.0,65.0,3.197442310920451e-14,1.8565790089766425,2.0420118897526827,116.0861748874516,695.0,6.483939583689611,16.12663843350719,4.015798604699592,0.6897748359517442,466.6943916314221,748.6883991525773,102.10954577974861,10.104926807243515,0.26932585777883183,-1.4168223364951154,24.821428571428573,139.0185120179088,747.0,-13.0,760.0,2.3447910280083306e-13,5.287148569296373,27.968425744725035,747.2502927399895,0.0
0.346459652428337,8.108582222942465,27.51571666249138,5.245542551775877,-25.541242024775965,1113.2861629122024,0.18598450677177,0.006792329806800477,0.08241559201267971,-0.1553950317137264,-0.812601144395582,0.010498777346313243,0.03487143026034705,0.1612373771270126,-0.02201237910442953,0.18324975623144213,1.3877787807814457e-17,3.4632998869683833,12.37831606699868,0.2092031360845252,0.03130346383705259,7.238123278664833,23.9330707023526,4.892143773679654,-1.5587613600720256,935.7792960209223,0.0668119561093381,0.0009309342638004196,0.030511215377307072,0.6314485808569177,0.5014593747150278,-0.0009485898132440175,0.012590633617473285,0.05656967802843781,-0.030185237221027186,0.08675491524946499,-2.8406096919120216e-17,2.4097572966933973,13.612652852948928,0.07253266821417007,0.10488075248988252,4.37823986782391,22.70949315960953,4.765447844600708,108.53191510548281,1239.5463673288143,0.023739465232584932,0.0005127132422269353,0.02264317208844501,1.640908188888242,1.202081589309449,0.0031782046209055323,0.005623708051301647,0.018005033780213016,0.0,0.018005033780213016,-5.724587470723463e-17,1.8460400549151343,1.8615406234365754,0.037107863537725626,1.6665486358528,3.634527418448199,18.66613978716665,4.3204328240543965,111.12434052261176,1300.8176993619259,0.34376598894203547,0.14558929269017293,0.3815616499206556,1.5670871603768695,0.9263974354130244,0.05050147381372121,0.08803778266346937,0.3033952971181034,0.0,0.3033952971181034,5.967448757360216e-16,1.8433231037979416,1.9164931785476775,0.5830391505814354,26.92216637108801,3.1644181973609324,14.641330329905522,3.826399133637985,90.12208124799936,1030.0340714694767,5.353034823120603,40.15535136093653,6.336825022117663,1.5164805630974454,0.7502044492357833,0.8158232233663033,1.4219616366027528,5.157720051007758,0.0,5.157720051007758,4.6629367034256575e-15,1.9594775876572483,2.595929591967335,9.417478437239673,19.036846405228758,3.164418197360933,14.641330329905525,3.8263991336379855,90.1220812479994,1029.8019338637675,3.785167223356309,20.077675680468268,4.480811944331994,1.5164805630974452,0.7502044492357816,0.5768741334917804,1.0054787158289276,3.6470588235294117,0.0,3.6470588235294117,7.327471962526033e-15,1.9594775876572479,2.5959295919673324,6.659162864650263,11.147875816993466,7.629281698763477,20.60894590433589,4.5397076893051045,-1.3002689189082695,776.8808416563448,13.325247167876656,0.6577616947780787,0.811025088870917,-1.0484231083901732,0.06764222400537823,0.33781441869677176,2.28843845471581,13.215686274509803,-0.7647058823529411,13.980392156862745,1.1102230246251565e-15,5.648337883400815,32.25264779559986,13.288539487187833,314.0,3.074042055870317,13.115606284789786,3.621547498624005,71.86309121899525,767.9809080942524,62.183095189479545,5439.512672656126,73.75305195485896,1.5102706979518585,0.7310904274348853,9.515151515151516,16.536683211687578,62.0,0.0,62.0,9.947598300641403e-14,2.0769690121466664,3.240267424765371,109.59927007056206,642.0,7.531869592274828,21.032213720149358,4.5860891530964984,-0.19593869394637473,798.0465273884012,675.2142496379217,176.84208589845946,13.298198595992597,-0.8344805821838338,-0.14562611543865867,19.454545454545453,115.76755470235639,674.0,-13.0,687.0,7.105427357601002e-14,5.735158926411964,32.92609013770601,674.3589548600953,0.0
0.6895838818994461,6.660684508515553,19.44351453969172,4.409480075892363,8.08884601784566,654.2077334517971,0.5504966825481564,0.0031253742744121594,0.05590504694937801,0.8358685934422928,-0.35400323463191524,0.022986129396648198,0.09950005551673322,0.5489003672844222,-0.015480070166575738,0.5643804374509979,2.2898349882893854e-16,5.182649497819465,27.61271814928721,0.5593377296179591,0.11687531706704919,6.24297844559695,19.988780012098307,4.470881346233459,8.041595300153727,619.1283582338997,0.07366177295882412,0.0016296969329223222,0.04036950498733323,0.6100745630335237,-0.04774192463667566,0.003895843902234974,0.015331696725537879,0.0596584512262144,-0.011824062005178451,0.07148251323139285,-7.892991815694472e-17,2.661277154619789,7.350134440204775,0.08664384413121057,0.10172617557374437,5.85808056244178,22.873791570172383,4.782655284480827,29.914921641385007,744.0723923132755,0.029320872776188698,0.00020176276065699008,0.01420432190063961,1.9033415826812985,2.104411232934087,0.0033908725191248135,0.005882854894301728,0.028346117321618156,0.0,0.028346117321618156,-2.6020852139652106e-17,2.958832285366527,10.180745917663518,0.0371911272274849,1.6186598253229958,5.563963289444635,22.975799821355345,4.793307816253338,40.90317262858029,872.7987772706073,0.4198761087595538,0.057772181485268644,0.24035844375696194,1.924404730359401,2.106084739441753,0.05395532751076651,0.08747135642061449,0.3968456425026542,0.0,0.3968456425026542,2.3592239273284576e-16,2.5249659771897863,7.049613325180928,0.562914262410971,26.047248930645658,5.179714459995883,22.709492293564892,4.765447753733629,54.766105448859925,919.2849915928475,6.028500176684601,16.878957330237586,4.108400823950554,1.9270709020293988,2.0645396110015914,0.8682416310215221,1.3211556361793375,5.555838995037159,0.0,5.555838995037159,-3.3306690738754696e-15,2.1387940600257243,4.412300732854659,8.659034146220943,18.418186350113594,5.179714459995883,22.709492293564903,4.76544775373363,54.76610544885994,919.0788639241571,4.262793355317981,8.439478665118791,2.9050780824478353,1.9270709020294006,2.0645396110015963,0.6139395450037866,0.9341981093452367,3.9285714285714284,0.0,3.9285714285714284,1.1102230246251565e-15,2.1387940600257256,4.412300732854662,6.122861763318696,1.346207713854773,6.959357787042325,19.4689798977755,4.412366700284044,-1.6272858318045749,670.7496632683246,3.8881379797879108,0.12446760613780157,0.3527996685624883,1.9563652855885294,4.454436561791566,0.04487359046182577,0.6993137131810758,3.7743589743589743,-0.3125,4.086858974358974,1.4849232954361469e-15,5.306257003132074,28.736247887454944,3.8381765536412193,312.0,4.180072709683952,19.657437133106185,4.433670841763762,76.18175521084429,930.8751521029471,57.639836685389305,2898.049226881648,53.833532550647725,1.9287768710054856,2.058998632656841,10.4,14.349448305306607,55.0,0.0,55.0,-9.592326932761353e-14,1.7483685398212048,2.2553013673018154,97.06698717895802,696.0,6.996810143546085,18.731995648747393,4.328047556202149,-0.14395698415042424,627.496127705701,737.5649505065991,32.87711753135916,5.733857125126084,1.9156059656300752,4.172631264930069,23.2,132.37356231513903,736.0,-5.0,741.0,-2.4868995751603507e-13,5.475903949886285,29.99004108739254,736.09102697968,0.0
0.11212933790547411,6.64369659151086,16.180900671028837,4.022549026553789,-3.4356289335597725,444.2957981766007,0.11788222140220951,3.098195963370534e-05,0.005566144054343665,-0.0848375378335613,-0.7992081459688568,0.0038665288932922095,0.02153341573530217,0.11755087936526556,-0.006206304280123568,0.12375718364538914,7.806255641895632e-18,5.345235110072338,28.707883651185984,0.11781554705746035,0.11487258640639268,6.668596191437099,16.4364360036727,4.054187465284838,-3.9359642352292767,450.0583717055381,0.09670550478674364,2.8036776500444084e-05,0.0052949765344564165,-0.24825922538499265,-1.0835580803053697,0.0039611236691859545,0.017671859036260375,0.09606877499988016,-0.01239368163130713,0.1084624566311873,1.214306433183765e-17,5.116730023347499,27.132660861027393,0.09752726784382526,0.15220185478519344,4.97116747151357,19.347758855938064,4.398608740947308,34.82008393834713,556.6589005226166,0.05083771693115334,0.0009742318890303758,0.031212687949460166,1.377108243754402,0.5689485466742381,0.005248339820179085,0.010884964913941034,0.04568834198500607,0.0,0.04568834198500607,-2.949029909160572e-17,2.5346654390959764,6.223166127521248,0.06507532888375084,2.2723840463399108,4.199707921643209,18.082517201764745,4.252354312820692,55.902698197518184,646.051419241693,0.6308624418968808,0.27567407354749285,0.5250467346317781,1.351129504193056,0.3686697760167118,0.07835807056344521,0.1497620857421095,0.5025717618350668,0.0,0.5025717618350668,-6.938893903907228e-16,2.0087798563690673,2.7159524275431672,0.9102150388228774,35.03151380705095,3.3961193468839137,15.224956912938804,3.9019170817610673,68.26984201787513,664.9998746703965,8.458689429943856,77.33930613891779,8.794276896875479,1.303014395600169,0.16891193243359554,1.207983234725895,2.2264448138881803,7.159456159513794,0.0,7.159456159513794,-1.1102230246251565e-14,1.8754817948862996,2.135515053682243,13.640825493179795,20.44065461112675,3.3181390158507056,15.29757986373483,3.911212070923134,70.24421156099453,689.5559279866023,6.157588185491562,43.52072848902646,6.5970242146763765,1.4695988324269273,0.8497841129499534,0.7048501590043708,1.646610535520078,5.0625,-0.4117647058823529,5.474264705882353,-6.8833827526759706e-15,1.8473439533421376,2.00099747484671,9.645520207209763,6.373316744307168,6.628197936691736,15.96539463403103,3.9956719877926705,-2.6412777777518213,462.2407125357211,8.638063355820474,0.13410658734588402,0.3662056626349243,-0.6760939038905701,-0.5807172258218272,0.21976954290714376,1.5775652395600799,8.545454545454545,-0.5454545454545454,9.09090909090909,-3.0531133177191805e-15,5.338439896898876,28.662876552599155,8.577488640311815,321.0,2.8753464192045213,13.236394250052534,3.638185571140171,73.76442578104428,725.2317550955717,91.95449724886643,11693.013292851076,108.13423737582411,1.4487531939886924,0.7327603771678691,11.068965517241379,25.90024768152475,81.0,-7.0,88.0,3.197442310920451e-14,1.8689991016009886,2.196178098990098,151.68058544190816,718.0,6.513613420966757,16.199599097887038,4.024872556726118,-0.3024412709283226,470.3576709808952,753.2453281729121,22.332728539008,4.725751637465515,-0.19702287214054012,-0.3327535443250463,24.75862068965517,137.44407142729474,752.0,-6.0,758.0,4.050093593832571e-13,5.3841053564455095,28.992155194458615,752.0718050824669,0.0
6.69763720733254,8.443505026185758,26.97836501384361,5.194070177986009,3.1209009943076063,1308.3777078547962,6.045769347431776,0.05636593933473926,0.23741512027404502,-0.36134105903870745,-0.8459044493487314,0.18604547798145943,0.9929711366283949,6.050526886145849,-0.03292654890953172,6.083453435055381,1.1102230246251565e-15,5.968234095710673,35.73320008856473,6.061498620799951,0.033614503003565076,7.920646337329412,24.870507801788023,4.987033968381208,6.157909005852637,1070.8214977328855,0.1621750600813562,0.004065197245776881,0.06375889934571394,-0.5595281445258288,-0.23211410666965962,-0.0009337361945434728,0.02904108022482741,0.07904690597774436,-0.13551223580580377,0.21455914178354812,-4.8138576458356397e-17,-2.184040138928215,13.607350142846935,0.17433652325491364,0.13277756874395122,7.344458455161025,27.841615348694177,5.276515455174388,15.540619841738115,1247.532534713674,0.04293627018957,0.00025524282928396467,0.015976320893245875,1.0311961082201082,0.27555113403531145,0.0036882657984430908,0.007612998532212992,0.04267859859013456,0.0,0.04267859859013456,-5.117434254131581e-17,4.1853890539995335,19.53150900656084,0.05075625917117928,1.8691165732020203,6.1385230892192295,26.670224058588683,5.164322226448373,52.946890740250176,1244.024386896742,0.4117264314672757,0.06934001366545314,0.263324920327441,1.3480360953319657,0.7440622331824868,0.05191990481116723,0.08141141326794993,0.384107387311211,0.0,0.384107387311211,-2.3592239273284576e-16,2.810974106733758,8.168209459102574,0.5793494715039287,28.288927609380373,4.457354479566762,20.879158387141214,4.5693717716050655,86.42085928121142,1079.3443429628494,4.453243753990609,19.807420506446473,4.45055283155323,1.51063373484583,0.8410470138238014,0.7858035447050106,1.0492761579922392,3.9395949237536216,0.0,3.9395949237536216,-8.659739592076221e-15,2.062531087932903,3.182980975141189,7.86542026834351,20.003292545088208,4.457354479566762,20.879158387141224,4.569371771605066,86.42085928121142,1079.065301267455,3.1489188567233977,9.903710253223238,3.1470160872202797,1.5106337348458294,0.8410470138237983,0.5556470151413389,0.7419502866536797,2.7857142857142856,0.0,2.7857142857142856,1.176836406102666e-14,2.062531087932903,3.182980975141189,5.56169200862781,17.77082780480613,8.515101623962975,26.702002827040626,5.167398071277326,-0.662350514439741,1285.2591022492013,21.429880887419316,0.24859222728499436,0.4985902398613458,-2.7362957400927566,7.807378629086546,0.4936341056890593,3.5243550492783817,21.333333333333332,-0.4444444444444444,21.777777777777775,3.3306690738754696e-16,5.99022204969038,35.91992421129946,21.352543482504476,321.0,4.46200195557203,25.5481579755252,5.054518570103903,146.31686758389233,1869.9661685489455,46.44516440256123,2547.846703619059,50.47619937771721,1.6070992983950374,0.9306403447753149,8.916666666666666,11.424571472634467,47.0,0.0,47.0,3.552713678800501e-15,2.1163313891084794,3.7484371269165395,86.95401083331349,647.0,8.495696308438754,26.804009722628074,5.177258900482771,0.1435540049520141,1292.0728674542631,705.4813157754586,69.33531394990575,8.326782929193348,-2.2160563398743673,5.734615381529063,17.97222222222222,115.97425147925223,704.0,-8.0,712.0,3.126388037344441e-13,5.997630139257107,35.9805604247924,704.15126215892,0.0
3.619342028931348,7.781375387122864,24.199398765999078,4.919288441024685,5.478797392270632,1048.8259360455572,2.804506745393329,0.0381336280211009,0.19527833474582096,0.529847878302901,0.03710030384127878,0.10645123614503967,0.47578446067430746,2.8235258997472643,-0.019372208768292584,2.842898108515557,-3.3306690738754696e-16,5.725267565338763,33.13033112093305,2.842866939492992,0.09243127705498325,8.001481733086042,24.63011671881964,4.96287383668169,10.726057442589328,977.7956822278254,0.15114613217009376,0.0037795288208554035,0.06147787261165926,-0.36676736091601264,-0.2969918141032797,0.002718566972205391,0.027782440681662572,0.1363274085269669,-0.03144374473991593,0.16777115326688283,-2.862293735361732e-17,3.5042095353438785,15.759147893687025,0.16277179413161183,0.11594074922718806,6.452139930989949,25.516680236184246,5.051403788669467,42.13043264142598,1079.2750473401106,0.03399299008888382,0.00019203834230130862,0.013857789950107795,1.6468946784878122,1.838135635085615,0.003410022036093768,0.006263334277468913,0.03355483568130607,0.0,0.03355483568130607,-6.591949208711867e-17,3.6628555825498426,15.603106928166746,0.041583153114821754,1.7589917007779685,5.854630351229627,24.961203837063564,4.996118877395089,61.27747710845148,1185.2370010905431,0.422720699311487,0.054881191961203286,0.2342673514623907,1.6487847901315111,1.699811629002581,0.05173505002288141,0.08264260830992845,0.40265802817567287,0.0,0.40265802817567287,3.7470027081099033e-16,2.8505132467396606,9.093633471126378,0.568519786560417,27.376644234453575,4.999408492234271,22.769201761434463,4.771708474061933,82.13448450805011,1181.4185793932356,5.335276351899435,16.36890313360935,4.045850112598012,1.6113199991081022,1.459043436938111,0.8051954186603997,1.147172414702654,4.831896338108074,0.0,4.831896338108074,-8.215650382226158e-15,2.200122575811675,4.34463919815402,8.17237439082046,19.358210784313723,4.99940849223427,22.769201761434452,4.771708474061932,82.13448450805014,1181.1856691173361,3.7726100879323163,8.184451566804679,2.8608480502824123,1.611319999108101,1.4590434369381076,0.5693591407151093,0.8111733936263928,3.4166666666666665,0.0,3.4166666666666665,9.992007221626409e-15,2.200122575811674,4.3446391981540184,5.778741350144428,4.9263071895424835,7.954118081227421,24.48217739740457,4.947946786032017,-0.601648798472427,1069.4071883860186,7.888988706458021,0.17014645359366753,0.4124881253971653,2.630771802073676,7.055518211615141,0.14489138792772016,1.3337752300761445,7.791666666666667,-0.25,8.041666666666668,-3.9968028886505635e-15,5.794195759037531,33.70621072843127,7.822933968432177,317.0,3.368084353483579,15.166102821203209,3.8943680901018087,84.62236260516441,963.409551589738,45.39701036979343,2789.287920073097,52.8137095844734,1.6110044235963223,1.3461375513432179,9.323529411764707,11.942806321688812,42.0,0.0,42.0,-2.842170943040401e-14,1.7776086078344695,2.0411960969101934,88.34591105421914,701.0,7.990800747425971,24.08461879352934,4.907608255915435,-0.0736527200399638,1038.6985706427245,749.541476989731,48.3389779350653,6.952623816593653,2.701636272154982,7.341167117884639,20.61764705882353,126.6286870912893,748.0,-4.0,752.0,-1.9895196601282805e-13,5.829825886358343,33.99098846427434,748.0888984606041,0.0
0.027094499126430072,7.289460651369222,20.7322341582542,4.553266317519128,4.491004153129235,668.9585010553374,0.0263387292515376,0.00015932748250900138,0.012622499059576173,0.46493079394378467,-0.9036446858880892,0.0008467030977009397,0.005127375725535147,0.020772579356735293,-0.010260904020193699,0.031033483376928992,4.7704895589362195e-18,2.236544551440185,8.029174346789846,0.02939762600835023,0.046639017037892354,6.349753254775255,25.396562913975206,5.039500264309469,25.805571057462586,1003.4924411946787,0.03362387898533203,0.0004369487066903209,0.020903318078485073,2.685239731434948,7.073995335130169,-0.0014574692824341363,0.006933646291644369,0.022078655298289927,-0.015197825095413394,0.03727648039370332,8.673617379884035e-18,0.814314532502783,2.849297595771367,0.04007978746724999,0.09862059899946828,5.160345137863436,22.11322022128284,4.702469587491539,73.88832806347732,905.1196329474803,0.018824543421328215,0.00014972780670523343,0.012236331423479565,1.5841536518133659,1.3031706473678566,0.0030818937187333845,0.00395195516338081,0.017263349150062196,0.0,0.017263349150062196,-2.3418766925686896e-17,2.206592790451591,4.912110498481546,0.028349825259110447,1.6263984304738213,5.118905627649046,22.30446066972257,4.722759857299815,76.80045384929052,1075.5015711091412,0.3026947445924467,0.041432617990060594,0.20355003804976454,1.5917657474299867,1.3552929338028559,0.05082495095230692,0.06421348586901995,0.27621358640099514,0.0,0.27621358640099514,-1.249000902703301e-16,2.1421656532759408,4.505415424849696,0.4632596647844137,26.989456702829575,4.986939640353247,22.223012829303144,4.714129063708708,81.71413342598986,1108.499887715974,4.80918879287855,11.903179679181886,3.450098502823055,1.5751874531202912,1.3169274841751313,0.8434205219634242,1.0424171358435037,4.419417382415922,0.0,4.419417382415922,1.1102230246251565e-15,2.094088509838293,4.174172463115648,7.585231254419031,19.08442785511151,4.986939640353247,22.223012829303144,4.714129063708708,81.71413342598984,1108.241498881466,3.4006100074507697,5.951589839590944,2.4395880471077374,1.5751874531202912,1.3169274841751315,0.5963883704722347,0.7371002255799999,3.125,0.0,3.125,2.220446049250313e-16,2.094088509838294,4.174172463115651,5.363568456867839,3.794155066606796,7.6649392893178145,21.807039615264628,4.669800811090836,-8.44658832855989,867.3242289029233,5.709733266568846,0.8378430511557088,0.9153376705651902,-0.15481783043836678,2.3321819254397296,0.11856734583146233,1.0029834299939018,5.534351145038168,-0.5625,6.096851145038168,-2.220446049250313e-15,5.12902072193396,27.946927697862673,5.713237894825943,330.0,4.151123257136809,18.677810917931758,4.32178330298174,87.39062802217762,1028.8003386650348,50.214460069266494,2105.50799995204,45.885814801004024,1.506539238986816,0.9105499162049449,10.3125,12.011550430731246,50.0,0.0,50.0,0.0,1.9426229911154729,3.538009819740117,89.55445270895244,696.0,7.531404413033957,21.286546394629298,4.613734538812273,-1.1803374437958556,813.5558159804592,726.5469028522548,187.72295579623545,13.701202713493274,-1.1207858951220633,2.120175635660463,21.75,126.37221807027049,725.0,-9.0,734.0,0.0,5.647582761992519,31.92786874671576,725.3799004659559,0.0
0.11044525512403391,7.568121878908286,18.03168714140608,4.246373410500551,-11.492536406315192,571.479188869056,0.10932067178917562,0.0002718298252668703,0.01648726251585964,-0.12404777821390009,-0.9902405965755879,0.003562750165291417,0.019533721028057685,0.10736403173914102,-0.02262932781171662,0.12999335955085764,-1.214306433183765e-17,5.004374779522404,27.21013399159583,0.11055334831749909,0.051183618689820694,7.201812218491303,19.564131526924452,4.423135938101434,-10.753187038227649,604.9088629684389,0.03853248903034392,0.00024094413933531774,0.015522375441127487,-0.2855789086285914,-1.1517016256279506,-0.001651084473865184,0.0073397486330333776,0.01335603982980439,-0.029415306715540254,0.042771346545344646,1.2576745200831851e-17,-2.1317077560020437,7.213259630750558,0.041887201959722425,0.08964345176728518,3.6720422222391087,13.21510921611734,3.6352591676684263,51.469401487196336,406.3792896316898,0.016785627156291574,0.0002258635043883528,0.0150287559161879,1.3934524614011263,0.9404323608902742,0.0028917242505575877,0.0039807841642682225,0.016227548201058463,0.0,0.016227548201058463,-5.4643789493269423e-17,1.9947703555897673,3.5164516516989943,0.027394708664563235,1.5052676803466654,3.782984623947381,14.498520306319243,3.807692254675953,60.09700550596542,683.2356423255147,0.28284292858631843,0.06274611364532853,0.250491743666989,1.449737958491027,1.044705329605619,0.04855702194666664,0.06675461047497294,0.2596407712169354,0.0,0.2596407712169354,1.3877787807814457e-16,1.9333232872089847,3.0015397359208738,0.4596007336806888,25.34902895698714,3.9872961005082344,16.267867499421985,4.033344455835874,68.09714003013907,802.0957464369175,4.83397702414193,17.155392011732733,4.141906808673118,1.5357931397282505,1.202374426619407,0.8177106115157141,1.1247299486027844,4.1542523394709665,0.0,4.1542523394709665,1.1102230246251565e-15,1.904753648839104,2.7203311040399267,7.742332409910604,17.924470271979757,3.9872961005082344,16.267867499421985,4.033344455835874,68.09714003013904,801.8386825988159,3.418137933870726,8.577696005866366,2.928770391455494,1.5357931397282507,1.202374426619408,0.5782087184509598,0.7953041736606258,2.9375,0.0,2.9375,5.995204332975845e-15,1.9047536488391068,2.720331104039934,5.474655749248173,22.035984608897326,6.9730207669836,18.738415965613072,4.328789203185236,-0.047276652674550314,632.7760607538906,23.795594107921765,1.0360013206233278,1.0178415007373829,0.6948380831171413,2.0630716220348235,0.7108382131902364,4.208161760036591,23.70967741935484,-0.7058823529411765,24.415559772296017,-5.995204332975845e-15,5.529056325851733,30.70288484276935,23.761973976985548,303.0,4.2287583692048685,18.126241047459043,4.2574923426189555,73.44529188658015,891.278578358555,58.80695320093207,2346.4089218900485,48.43974527069737,1.620112189887044,1.367543280554525,9.774193548387096,13.46131776471156,48.0,0.0,48.0,-5.684341886080802e-14,1.9106013728240954,2.6905623385465205,92.62289133902051,707.0,6.987266904728851,18.694024913175127,4.323658741526108,-0.04399340896533508,627.9999465324762,736.2189893634924,277.8663672646233,16.66932413940719,0.5228076692868403,1.751740676119889,22.806451612903224,130.11196651094178,735.0,-12.0,747.0,4.760636329592671e-13,5.5562875840133135,30.911942897569,735.4773959816848,0.0
0.050565044440660886,6.954195397132771,18.75604109528023,4.330824528341021,0.7154857575236743,574.4166675085905,0.05581348047559107,4.194727739570338e-05,0.006476671783848815,-0.9717128554030136,0.113663736712682,-0.001631130465827771,0.0099275605401688,0.007790401134349616,-0.054856861809764394,0.062647262944114,1.1709383462843448e-17,-5.186498863469892,28.223465655409182,0.05601542993794935,0.17289175132240625,6.74557515114456,19.44228391030068,4.4093405300907165,4.050939342256112,652.4828052414124,0.2088073734734394,0.00047776005496825454,0.021857723005113194,2.1209040936754207,4.1963977064404565,0.00557715326846472,0.03709464759900854,0.20710535429937385,-0.009156145092349275,0.21626149939172312,-8.500145032286355e-17,5.426028452734246,29.903529718230608,0.20885555556726726,0.08786492588775736,3.619718907549214,15.50168425170589,3.9372178313760964,75.18984443012762,641.5259675707848,0.016012871976558925,0.00023137035638139166,0.01521086310441954,1.269724895579562,0.27680583733138003,0.0028343524479921734,0.0039022223129626145,0.014501213286052243,0.0,0.014501213286052243,-1.1275702593849246e-17,1.8865681880840437,2.5789827700269745,0.02685307572990286,1.4667234556746094,3.783869428815558,16.544877603039478,4.067539502333011,74.80493159278262,811.8914698043577,0.2715591277840437,0.06419470938280454,0.25336674877103454,1.2502148051000357,0.2537425831343198,0.04731365986047127,0.06562095993584857,0.2320194125768359,0.0,0.2320194125768359,1.3877787807814457e-17,1.9078783719396353,2.5066811318890876,0.45042810365377184,24.794970035344697,4.17425944373263,18.620755582256564,4.315177352352573,71.89988373581465,831.2349684179079,4.784460511640966,17.222041517141218,4.149944760733716,1.278329905837182,0.39029976228546237,0.7998377430756349,1.1190308711890293,3.849803586460092,0.0,3.849803586460092,1.1546319456101628e-14,1.9782151397412002,2.7345885545967583,7.658399681630264,17.532691451309475,4.174259443732631,18.620755582256564,4.315177352352573,71.89988373581464,830.9752441116677,3.3831244721005853,8.611020758570607,2.9344540818643945,1.278329905837183,0.39029976228546487,0.5655706919777251,0.7912743173748527,2.7222222222222223,0.0,2.7222222222222223,2.886579864025407e-15,1.978215139741199,2.7345885545967574,5.415306347917656,5.51102965333581,6.907734893812317,18.921549626706575,4.349890760318766,0.22808504256519851,640.4314539326463,8.797350631913854,0.382119177681203,0.6181578905758649,2.0016301592764782,4.510065513926055,0.1777751501076067,1.558189709641801,8.685393258426966,-0.4117647058823529,9.09715796430932,-2.55351295663786e-15,5.51150060414184,30.57035343041425,8.731914705957154,307.0,4.812243221883644,22.425375059526083,4.735543797656831,66.19418054585256,912.6345095689189,60.50645301295889,2351.6358104572614,48.493667735666904,1.3496989495097438,0.8203522104168796,9.903225806451612,13.700376351575818,49.0,0.0,49.0,-5.684341886080802e-14,2.039627639359454,3.155423980150731,94.12226091632095,720.0,6.982685531612202,18.71091946491706,4.32561203356439,0.025197434021023195,626.6053511861433,774.7879957751611,106.82826937551596,10.335776186407868,1.8662882443149214,4.099940673765599,23.225806451612904,136.90536163242285,773.0,-7.0,780.0,-3.907985046680551e-13,5.565684049334552,30.98406377036075,773.1481100022169,0.0
0.21022422927408357,6.341234470810706,18.73299303483486,4.3281627782276,15.878009432144957,620.774961918472,0.14588295108873714,0.000583661192326631,0.02415908094954423,0.29199294295409717,-1.115417261669885,0.00700747430913612,0.026655661556016987,0.14600843399902977,-0.0039002069046519317,0.1499086409036817,-5.204170427930421e-18,4.996447129291832,26.01745501724474,0.1509598280187936,0.10485833177670631,7.241410810015502,17.351591525105558,4.165524159707342,-7.308675646409,509.31495215832297,0.0734593529353908,0.0002625696505323126,0.016204001065548982,0.47399130370383513,-0.6828654325477338,-0.003495277725890211,0.01361906389691979,0.014129307783346333,-0.06855216799176363,0.08268147577510995,5.204170427930421e-18,-3.8077725945572527,17.647245959564287,0.07701218107731173,0.10110139535450244,4.012372856291232,13.414506898408243,3.6625819988647685,42.52552581935814,380.74217192072143,0.02440675950722211,0.00032906345468683597,0.018140106247947832,0.9543952820291701,-0.29516342346885716,0.003370046511816749,0.005550457392165838,0.025043065321892787,0.0,0.025043065321892787,-2.688821387764051e-17,2.707282689937914,7.586488768936032,0.03556604732918319,1.6228299844331957,4.390764476545681,16.015224340875612,4.001902590128302,52.71738457130969,659.2845882967983,0.40541661663835843,0.07391487330681427,0.2718728991768291,1.1174128703174937,-0.10646471312410478,0.05409433281443985,0.08895141112889805,0.42573211047217735,0.0,0.42573211047217735,3.469446951953614e-16,2.9246177226617944,9.60038389780939,0.5702249657230458,26.294171700130853,4.783448584753697,18.164557323646083,4.26198983148084,55.202451360671745,758.3150967170172,6.880332005264076,16.76196577991165,4.09413797763481,1.2432519390253636,0.09299794325463256,0.8764723900043617,1.4551376503703268,7.237445878027015,0.0,7.237445878027015,2.4424906541753444e-15,3.173215095615546,11.677871404375642,9.304240052737084,18.592787114845937,4.783448584753698,18.164557323646083,4.26198983148084,55.202451360671695,758.1344890535833,4.865129417737065,8.380982889955826,2.894992727098952,1.243251939025364,0.09299794325463322,0.6197595704948644,1.0289377001367177,5.117647058823529,0.0,5.117647058823529,7.771561172376096e-15,3.173215095615546,11.677871404375642,6.579091235077873,12.441809416074122,6.961332753387435,18.889360338519094,4.346189174267394,-0.24446170628664532,637.7721876690821,15.599388076022978,0.4046621554071566,0.6361306119085581,2.478758705932152,6.049057916386328,0.414726980535804,2.804540888057225,15.5,-0.4117647058823529,15.911764705882353,6.106226635438361e-15,5.456649357674097,29.845124828973717,15.528149981085145,304.0,5.1309781732412985,19.75474011446387,4.444630481205819,52.98021612495863,806.6507005616218,83.17457445474238,1949.9901642725165,44.15869296381536,1.3287726264762207,0.26382969438925563,10.133333333333333,17.06015500776265,87.0,0.0,87.0,1.3500311979441904e-13,3.397596443384621,13.429019518108616,108.6830253535482,693.0,6.985259999597905,18.742578446747928,4.329269966951464,-0.06607473721049804,628.4320843725889,745.5636597201235,113.56263806923124,10.656577221098303,2.4516208025850674,5.847728706319184,23.1,133.88735314932973,744.0,-7.0,751.0,-3.907985046680551e-13,5.474649061044179,29.980572795069378,744.1659761101686,0.0
3.296227797294483,6.965482595940563,21.631236268101542,4.650939288799795,1.7618734903209001,773.4562331120759,2.1295755257671867,0.177700244849477,0.42154506858635765,0.688987285048414,-0.9561811085489959,0.10987425990981611,0.3845996398148713,2.091623536793548,-0.06159416449364066,2.153217701287189,-2.7755575615628914e-16,4.818944681143975,24.65085098730611,2.190816532275981,0.07761674934294596,6.892120954411878,16.14739404211135,4.018382017940971,3.5847799025059612,504.0021943748374,0.17922230601611172,0.0038514423974164405,0.06205999031112107,-0.5111109754122015,-1.271231392345705,-0.0025872249780982,0.034116897544263884,0.08021550723574399,-0.13846321318749996,0.21867872042324393,7.806255641895632e-18,-2.060969665860895,9.080411585482347,0.18740248913499746,0.12882266140157939,5.935216089721407,20.584468370758735,4.537010951139388,14.75580168349425,632.1461840992478,0.04028139306128465,0.0003059666108197044,0.017491901292303946,1.743773260126427,2.0828319644079407,0.004294088713385979,0.007978361376606628,0.03959797974644666,0.0,0.03959797974644666,8.673617379884035e-18,3.2455396954491014,12.340364383201177,0.04962664046683716,1.8864119214367054,5.0024379425899355,20.099550019557885,4.483252169971915,38.74893828447533,701.0501247529548,0.4366510665560558,0.0949991507044978,0.3082193224061363,1.7310664735422352,1.7580322580844823,0.0628803973812235,0.09745516933090859,0.3959797974644666,0.0,0.3959797974644666,3.608224830031759e-16,2.047715063123622,3.769139951714989,0.6352508418916886,28.908667662623103,3.7542325696240804,16.37519825022557,4.046628009865198,57.86372989337668,622.3907132988953,5.223488378980494,29.103726680879724,5.394786991242539,1.6384949662912616,1.283620587211451,0.9636222554207702,1.370990473385301,4.596194077712559,0.0,4.596194077712559,6.661338147750939e-16,1.562208034754443,0.9595894220175158,9.17853375423678,20.441514939309055,3.754232569624078,16.375198250225562,4.046628009865197,57.86372989337678,622.1528185058069,3.6935640542262345,14.551863340439866,3.8146904645645714,1.638494966291261,1.28362058721145,0.6813838313103016,0.9694366606729012,3.25,0.0,3.25,1.0880185641326534e-14,1.5622080347544423,0.959589422017515,6.490203458970448,24.404913632119516,7.030771788686209,18.60599351765637,4.3134665314172045,-0.9044409646844137,621.6453964361233,26.09503284215192,0.22162920692853982,0.47077511290268925,-2.140088873676814,4.546694467155722,0.8134971210706505,4.685265603719027,26.035714285714285,-0.4,26.435714285714283,2.6645352591003757e-15,5.471150954115812,29.954160636633347,26.046203951852277,324.0,3.3051237363573596,16.006495723369103,4.0008118830268815,82.20223148496109,862.1552277362963,53.96230251511768,3985.4032406002593,63.130050218578624,1.6251326294724742,1.044899726801573,10.8,15.153437453814455,52.0,0.0,52.0,-2.4868995751603507e-14,1.610807865512647,1.2466859307836038,101.92153844992725,704.0,7.00712084988424,18.627863467651594,4.31600086511247,-0.2702923474200638,622.2897395477823,729.7672155794132,52.47773213690823,7.244151581580015,-1.8988366522974196,3.9924441605454515,23.466666666666665,131.027155794345,729.0,-4.0,733.0,-2.1316282072803006e-14,5.475493733417651,29.98691542244204,729.0843572591583,0.0
0.8065854118608046,5.0212231978207535,15.706881326111038,3.96319080112364,44.60201179563617,678.2495887781472,0.40462806417330466,0.06145130245045118,0.24789373217258073,0.08723078536576097,-1.4375449994100462,0.02372310034884719,0.08133887037437024,0.41833773864436335,-0.0045469544161170885,0.42288469306048043,1.0408340855860843e-16,4.056980255666768,17.19361586401579,0.4940436306784681,0.1139896950200538,6.301102620430778,21.8523760015007,4.6746525006144255,46.51780635824491,950.2696463978276,0.11203971628711619,0.0019616276388332173,0.04429026573450669,0.3242456768795683,-1.2303504491130368,-0.0033526380888251116,0.02061596265794984,0.013864289293341079,-0.10019870214964738,0.11406299144298845,1.6479873021779667e-17,-3.664507655217,14.99886965969748,0.1217898819604206,0.14748510590042507,7.489710813264774,26.65415368520148,5.162766088561584,8.684295822795873,1149.6679671333593,0.0548136227832572,0.0001641264710838286,0.012811185389487915,1.4648937950185807,1.4830346799654337,0.004337797232365444,0.009537583139515419,0.05524271728019903,0.0,0.05524271728019903,2.0816681711721685e-17,4.71766412459788,24.578227245744245,0.061094903364010064,1.964450748418248,6.401153659710537,27.123415984495782,5.208014591425007,44.94847583858245,1237.8609318755819,0.45954408915255357,0.05713261630927721,0.23902430066685104,1.5254721912892917,1.0941255530301617,0.05777796318877197,0.08845706418714197,0.4419417382415922,0.0,0.4419417382415922,5.967448757360216e-16,2.963860639445212,9.977143163158184,0.6160682900336152,29.04896341954705,4.599553484099572,21.673210845559147,4.655449585760665,87.87368097952434,1097.4072002950957,4.691761112448995,19.05887372755005,4.3656469998787175,1.3973426929502601,0.5926263966337089,0.8543812770455019,1.0988891316543612,4.399775527382962,0.0,4.399775527382962,-6.439293542825908e-15,2.059642717037029,3.3654224024738633,8.116393254885772,20.54071902040168,4.599553484099572,21.673210845559147,4.655449585760665,87.87368097952434,1097.1423443790898,3.3175760983200244,9.529436863775025,3.086978597880948,1.3973426929502601,0.5926263966337092,0.6041387947176963,0.7770319567649955,3.111111111111111,0.0,3.111111111111111,6.439293542825908e-15,2.05964271703703,3.365422402473866,5.739156709306483,0.6477263104972087,8.096144859609288,23.509038147425105,4.848611981528848,-5.642154697816325,1032.531081560522,3.8953105921399365,0.5234107558510546,0.7234713234476225,-1.5062164511055292,4.504759162692052,0.019050773838153196,0.6694517899619846,3.7578947368421054,-0.4117647058823529,4.169659442724458,4.649058915617843e-16,5.324527992601187,30.048249005825927,3.9051214393770994,335.0,5.238633787611295,30.335773862618574,5.507792104157398,146.55637957978448,1996.710055058125,54.827811253953094,2487.734642512655,49.87719561595915,1.2866682599778063,0.40821277234081127,9.852941176470589,12.600495678721572,56.0,0.0,56.0,-3.552713678800501e-15,2.5378693919976536,6.403082692699586,93.26842981416596,664.0,7.996951398426246,23.929349185165652,4.891763402410796,-0.14219712883069074,1030.726667884497,715.5278623942751,140.34872571473528,11.846886752000936,-1.0199282266490586,3.238702278848352,19.529411764705884,120.91884378378303,714.0,-8.0,722.0,5.400124791776761e-13,5.826792879171738,33.96676238889793,714.2086529859464,0.0
5.769176765234862,8.810674623935398,23.90035157262669,4.888798581719919,-28.70260909274098,1088.044361070262,5.729848174234114,1.1974040440519897,1.094259587141913,-0.37900091036893735,-1.0190918078372664,0.16968166956573122,0.9767103155619266,5.578728145283626,-1.2924914139827852,6.871219559266411,9.43689570931383e-16,5.1250984272633975,29.092800988514337,5.780455598254996,0.27219054178352725,6.4559881281857825,17.81952613806593,4.221318056965849,9.20617833435758,570.8722637605928,0.20691889533750507,0.007706982956466598,0.08778942394426904,-0.9320039090393825,-0.09739148583124316,0.008005604170103745,0.03854805201094658,0.18894917453500995,-0.03428149552802088,0.22323067006303082,-4.5102810375396984e-17,3.4331691244008598,14.349279557107518,0.22956791676294588,0.3265732871038435,8.033963413724685,24.696641060447828,4.96957151678571,-5.810857451015075,1067.728586149735,0.2357819560353591,0.000253219597579316,0.01591287521409365,0.7459567639573816,0.5213647516252286,0.00960509667952481,0.03993717592084429,0.23758787847867996,0.0,0.23758787847867996,-3.122502256758253e-17,5.718407184693445,33.07454770106398,0.23951204707422646,2.6759387581839618,7.962623549776999,26.842937180886747,5.181017002566846,-14.941008760220782,1215.5428447732077,1.1908481913324238,0.08152613944365762,0.2855278260409266,0.8919811703796114,0.4582561588478121,0.07870408112305764,0.20725036508111552,1.1879393923933999,0.0,1.1879393923933999,1.2490009027033011e-15,4.760985765998036,24.88836619073567,1.292671486185542,30.872898874179004,6.967961883426319,32.19633426312985,5.674181373830929,16.669627648817862,1457.297292617173,7.4564422330386515,26.518229732352854,5.1495853942189225,1.1910489066880336,0.9196749190705065,0.9080264374758533,1.5448958834944948,5.939696961966999,0.0,5.939696961966999,-1.4654943925052066e-14,2.169618807287177,3.6999994903516975,10.448986566541898,21.830436148818503,6.9679618834263195,32.196334263129856,5.67418137383093,16.6696276488178,1457.1306393194905,5.272500866507393,13.259114866176427,3.6413067525514005,1.1910489066880339,0.9196749190705068,0.642071651435838,1.0924063554461398,4.2,0.0,4.2,7.105427357601002e-15,2.1696188072871765,3.6999994903516993,7.388549257728916,144.6138888888889,7.99894493809793,23.970854804634524,4.896003962889994,0.14425630676034204,1030.5639675025689,145.63066121948148,0.22543573783574966,0.47480073487279867,-0.4506385874546854,0.23989015653106052,4.253349673202614,24.60568343899414,145.6,-0.4117647058823529,146.01176470588234,-7.815970093361102e-14,5.830657395229654,33.997643150149216,145.6023413000141,317.0,5.24284539246134,25.574121618020325,5.057086277494218,88.13120737267661,1296.8934686813457,70.03495925874006,3160.1044816266185,56.214806604902755,1.6313606829706349,1.3859851012802766,9.323529411764707,15.386626332506868,59.0,0.0,59.0,-2.842170943040401e-14,2.252133013270064,4.2492996114327095,104.9047186736612,711.0,7.99551242780671,23.899624084629966,4.88872417759787,0.5009098413429766,1027.0033993516247,728.5521420849915,61.482145723325814,7.8410551409440945,-0.36324652714172145,0.10662437286648334,20.91176470588235,123.10979500550549,728.0,-7.0,735.0,-7.105427357601002e-15,5.827700722174989,33.97399117583589,728.1297961215431,0.0
0.009302704420827755,6.455185389813186,15.628092988042038,3.953238291330544,-6.087646191242178,56.72078285549531,0.007856453750156105,1.7300121809816645e-06,0.001315299274302873,-0.15791081690660944,-0.7230179028596007,-0.00033223944360099124,0.0014939697892822354,0.0008263387846806679,-0.007785320357163702,0.00861165914184437,8.673617379884035e-19,-4.662829638112879,23.332817702384308,0.008098469350242951,0.014911296029346746,4.939711941489833,16.8897908691301,4.109719074234892,23.500025985483195,358.55220606267557,0.018812270245069356,0.0001927953851626423,0.013885077787417769,2.2684384790712357,5.193967834832611,0.0005325462867623839,0.004416324471180621,0.01753549215662927,-0.004756908850468242,0.02229240100709751,-1.734723475976807e-18,1.9539138704998298,6.699006996855897,0.023538283002466628,0.1595508549233252,6.008163062129296,16.9440818339578,4.116318966498806,11.091362776493748,484.37357853936567,0.09382550297342632,0.0002008581015795781,0.014172441623784454,0.9201526999745578,0.3298286418163846,0.005698244818690189,0.017626207553978594,0.09475230867899738,0.0,0.09475230867899738,-7.45931094670027e-17,4.870123250271828,24.690807946339014,0.09802188137855,2.032490894107035,5.59853748791972,17.01216621901422,4.124580732512605,20.657975228773868,537.2260466642696,0.9380721082284486,0.06281150460579782,0.25062223485915575,0.9852383745415146,0.28258089006429526,0.0725889605038227,0.18087587486469558,0.9475230867899738,0.0,0.9475230867899738,-4.718447854656915e-16,4.335724998648441,20.335066699796382,1.0313033987448346,29.326463788528677,4.391974580818889,14.791494332540019,3.845971181969519,41.869883158845155,551.3952413912299,9.0712879037766,28.114010304105825,5.30226463919954,0.8942447634965791,-0.08444534965404227,1.0473737067331677,1.9747068656602356,9.475230867899738,0.0,9.475230867899738,-1.199040866595169e-14,3.2137549372318133,11.658411976306535,11.827968922497476,16.548042785206533,4.2259312396434385,14.573501198853334,3.8175255334906844,41.69152404867278,541.927808414583,6.522883861903127,17.973182986945375,4.239479093821005,1.3832726475773485,1.7320588248647693,0.5910015280430905,1.4659285921461371,6.7,-0.5882352941176471,7.288235294117647,-1.5543122344752192e-15,3.0122576707342157,10.407873376796445,8.363637032761707,10.103227270359188,6.834003837370737,15.34694678048664,3.9175179362048413,-5.02834263428062,432.92963164484354,9.409870478802878,0.9695546445715834,0.9846596592587631,-1.5762689235059957,1.7790222061135623,0.3608295453699711,1.7542743980958975,9.364864864864865,-1.1,10.464864864864865,-2.1094237467877974e-15,5.075911150203723,26.516384914005872,9.47707473271924,334.0,5.028818512290387,17.91785962076646,4.232949281619904,33.32928289893563,595.3275372265263,143.32741085024284,4849.396156108543,69.63760590448629,1.948144399720126,3.3818192363773703,11.928571428571429,29.884215340721468,137.0,-10.0,147.0,8.881784197001252e-14,3.0664117604276644,10.593162507701972,170.26450011673015,714.0,6.550429829964782,16.0706413036819,4.008820437944546,-0.7723313908785954,463.9979403116869,692.271488166488,178.75810032753233,13.370044888762802,-1.9719526176739006,3.5390371682245303,25.5,128.51000516913626,693.0,-11.0,704.0,0.0,5.284889237003009,27.951864712084184,693.2690675343881,0.0
0.15506065794754334,7.5119964614851655,21.338641742874742,4.619376769963102,-0.21980521068974743,795.4366674938852,0.16132978277188725,7.14569791596017e-05,0.008453223004251201,-0.010114581285860624,-0.999784687185515,-0.004698807816592223,0.027693060284207694,0.010843267007511698,-0.16091740759151255,0.17176067459902425,-1.5612511283791264e-17,-5.691883708495414,32.5999282742312,0.1613582493474287,0.027533510674873498,7.233451675928038,23.201489950623888,4.816792496114389,3.9913875588522094,876.9650065742694,0.03631099473906048,0.00026237228047123286,0.016197909756238082,0.4036845282401763,-0.4501013134537538,-0.0008343488083295,0.006815658780396848,0.026478865247622295,-0.02116188029688993,0.047640745544512225,2.3852447794681098e-18,1.1201072201531326,8.917025785460106,0.039445257052998534,0.1528343651640502,5.9822170847018095,32.59299589560689,5.70902757880945,80.4949749874097,1522.6435114347867,0.03382457947490165,0.0008727403552230041,0.02954217925649704,1.3220913195705197,0.6478432292863592,0.004631344398910613,0.007698339237502315,0.033941125496954286,0.0,0.033941125496954286,-7.112366251504909e-17,2.4427956131362243,6.134507249413863,0.0516096374002048,2.4864376301144615,5.388632915514505,30.738106904699844,5.544195785206349,109.32293363654453,1668.9011515869743,0.5115269629150581,0.23696154080819695,0.48678695628395485,1.4546409810020862,0.9991652598176539,0.07534659485195336,0.12104489975526354,0.5091168824543143,0.0,0.5091168824543143,1.942890293094024e-16,2.22162200247719,4.73199365017871,0.8190581448920613,40.86041903170728,4.664565077788657,27.366187015729654,5.231270114965357,132.21301929009164,1716.4939081553675,7.794395386029798,67.3447230663304,8.206383068461427,1.5581654225750703,1.2159186941077875,1.238194516112342,1.940131090967946,7.636753236814714,0.0,7.636753236814714,1.3322676295501878e-15,2.0029109905953923,3.3267506897513015,13.221525336577015,20.05500969618617,4.4127602890171085,27.116723788058657,5.207372061612139,139.31491824107462,1784.455885757175,5.79609749812922,43.9721496612652,6.63114995014177,1.957135678531365,3.1563427204252408,0.6077275665510962,1.509729896302467,5.4,-0.6470588235294118,6.0470588235294125,-2.220446049250313e-15,1.8603181836210199,2.678386641945026,9.349030223123357,7.539823589010073,7.67946486937816,20.777078368783194,4.558188057636849,1.5212771986677964,770.2442965194721,8.79840649678713,1.0701036578930077,1.0344581469991947,-0.8608886735621071,0.4855648409094244,0.22847950269727493,1.5186099732859066,8.414893617021276,-1.3125,9.727393617021276,-6.106226635438361e-16,4.89077734899852,26.716016442877955,8.82193354236106,334.0,3.808202793748284,22.505237699209143,4.743968560099144,131.9798291378621,1590.5204378452308,92.42224434100189,12497.191250972151,111.79083706177421,2.0215705602546623,3.177711295213656,10.121212121212121,24.864185726946616,81.0,-11.0,92.0,-9.947598300641403e-14,1.737789507806717,1.8726930132966557,154.21413683576483,776.0,7.574042165660479,20.951581104115782,4.577289711621472,-0.16287242600057636,787.7105428461099,792.1849266243371,833.4170291937363,28.868963077910095,-2.5148984841078423,5.845256070448187,23.515151515151516,135.8863431522096,791.0,-21.0,812.0,3.694822225952521e-13,5.715670022193846,32.77389364838372,792.2095682330529,0.0
0.04302492654551969,12.293228954884801,45.30014009425853,6.730537875553375,-47.09448207329019,3564.049674504841,0.032563927934012186,0.0002109385627383982,0.014523724134615,0.4262523769235263,-0.15452017156227393,0.0008963526363649936,0.005140483658559466,0.028853680400395168,-0.006778757490083854,0.03563243789047902,-6.505213034913027e-19,4.335586399169777,20.857210138715846,0.036151693930526946,0.14214091911998672,9.228433221005883,38.45601021059513,6.201291011603562,74.42520779545893,3023.6008684998583,0.044074891007919614,0.0003230082281755441,0.01797242966812067,-0.2888485263704587,-0.55260121905838,0.002961269148333058,0.0068697685452489875,0.02082486410276138,-0.0241923311709196,0.04501719527368098,-5.637851296924623e-17,-2.0257086179474006,9.423614083746116,0.05182871860310417,0.10074067885435414,7.878450575355868,51.44746620610056,7.172688910450568,234.12607952192377,5023.600571660005,0.015463922647206247,0.00013940344944925504,0.011806923792811362,1.6045175762816501,1.1269228001235725,0.0020987641427990464,0.002802046344602717,0.01257078722109418,0.0,0.01257078722109418,-9.107298248878237e-17,2.533576336976693,6.6734474360174945,0.02425492079828796,1.6465281912817016,7.756506548272795,51.85150998074084,7.20079925985587,265.69301037244475,5613.877082996325,0.24892030286096536,0.03693861126949092,0.19219420196637285,1.6501133030756456,1.2029007951410067,0.03430267065170211,0.04526160188659829,0.22260769037354272,0.0,0.22260769037354272,2.7755575615628914e-17,2.6092671558303513,7.552644845684859,0.39346374587837574,27.142248872475008,7.834825440417797,51.958798478087644,7.208245173278143,268.35712234539847,5727.171130213406,4.197137912945325,9.715791014541194,3.117016364176036,1.6676277167125442,1.2558524880263964,0.5654635181765626,0.7520783867287882,4.006938426723769,0.0,4.006938426723769,1.5543122344752192e-15,2.8183826888769543,9.442999824619381,6.519033879978937,19.192468234379998,7.834825440417797,51.95879847808766,7.208245173278144,268.3571223453986,5726.875061627411,2.967824679818792,4.857895507270595,2.2040634081783117,1.6676277167125457,1.2558524880264,0.39984308821624986,0.5317997272397649,2.8333333333333335,0.0,2.8333333333333335,2.9976021664879227e-15,2.818382688876955,9.442999824619385,4.609653063317956,7.003699323552265,11.528006709421582,46.378422678028215,6.810170532228119,0.3547597183044946,3930.6093809212193,7.170375387536865,0.08704555239247952,0.2950348325070779,-0.7069023914629811,-0.5679590755092877,0.14591040257400553,1.0265234470624651,7.171717171717172,-0.3333333333333333,7.505050505050505,-4.052314039881821e-15,6.891565863408028,47.66198932808629,7.183448418518713,320.0,8.07118211036386,52.69855454130706,7.259377007795301,255.55173561807337,5718.195851559433,51.49490529515381,1287.0247286431404,35.8751268798194,1.6866085375260462,1.344397405839097,6.666666666666667,9.023888050921045,51.0,0.0,51.0,-1.2612133559741778e-13,3.1073833422267887,11.946994848485229,77.7303029712351,707.0,11.503329147164877,47.63967174787536,6.902149791758751,0.1767417947040068,4089.0135874719167,709.8930268777195,26.890390389316725,5.185594506834942,-0.6519968997301648,-0.6869707399425872,14.729166666666666,101.42089273240936,710.0,-6.0,716.0,1.8829382497642655e-13,6.927083142337197,47.98948020190004,710.0359145846074,0.0
0.15243339680730134,9.069960748915811,24.051213060262246,4.904203611215816,-33.14958992827729,996.8529984982022,0.13237440917668286,0.006041574728697977,0.07772756736639824,-0.016028248938447516,-1.1021822398505419,0.004234261022425037,0.025583787300662773,0.1144455065551174,-0.05046671589222929,0.16491222244734668,1.9081958235744878e-17,2.807496632582267,11.11300016687433,0.15559090270917816,0.1479647401007309,7.149340284311653,24.771799537404444,4.977127639251825,30.674168698393554,1060.6473992183812,0.06772152855300334,0.0014699706081943856,0.03834019572451849,0.6425025845634573,0.6214641561579645,0.004110131669464746,0.012970223839946077,0.05261921310040385,-0.030724079253991312,0.08334329235439517,2.2551405187698492e-17,0.9473700180843025,5.809840962771725,0.08163526196902375,0.09806600068961183,6.10687206294862,29.236403371559707,5.407069758340437,79.07770690283967,1341.4065827717943,0.014701892379196758,9.893492861601088e-05,0.0099466038734842,1.6224288498444828,1.6732012437618855,0.00272405557471144,0.0029530274728761957,0.013120145354047269,0.0,0.013120145354047269,-4.336808689942018e-18,1.662777835382294,3.0783661216291582,0.024105406054833627,1.6268896462844344,5.950685452829183,28.849445260932438,5.371167960595948,85.64450507586008,1545.0848393153988,0.23756882238131175,0.02806790029726806,0.16753477339725045,1.6475989974284506,1.7116231735938705,0.0451913790634565,0.04837815343812512,0.2099223256647563,0.0,0.2099223256647563,4.85722573273506e-16,1.575773088299247,2.5837022786313524,0.3972120755750415,27.028925630208334,5.792215712370721,28.38717786284753,5.3279618863921625,91.82918296629708,1567.5148966988475,3.8460704042027234,8.010873238144434,2.8303486071762314,1.65027984575224,1.7054630438466665,0.7508034897280093,0.7949469922725365,3.3587572106361008,0.0,3.3587572106361008,6.661338147750939e-16,1.4942461989441818,2.131009629602052,6.560737582436347,19.11233660130719,5.792215712370721,28.38717786284754,5.327961886392163,91.82918296629713,1567.1918031107116,2.719582463732631,4.005436619072216,2.001358693256213,1.650279845752241,1.7054630438466674,0.5308982389251996,0.5621124089197606,2.375,0.0,2.375,3.3306690738754696e-15,1.4942461989441809,2.131009629602052,4.639142034126177,8.321078431372548,8.457682138678713,27.230072690673335,5.218244215315467,-1.437615736854672,1338.8484391195698,8.96713212112642,0.46500021588610047,0.6819092431446434,1.4946871596538895,4.101378120005977,0.23114106753812638,1.4789612461341455,8.9375,-0.1875,9.125,-1.7208456881689926e-15,5.908067368929513,35.229706494352094,8.98148607882325,318.0,5.63321964407345,27.84794320766123,5.2771150458997225,97.42741609397426,1575.8147685985011,44.12366353424319,1149.5467607613411,33.90496660905805,1.6303957849767983,1.6593137274162781,8.833333333333334,9.26612708261176,38.0,0.0,38.0,1.0658141036401503e-14,1.4195344529711436,1.728410642576537,76.81145747868608,705.0,8.49333466997495,26.97931957472392,5.1941620666594455,-0.3547668835911161,1307.2043490789874,715.2801458835725,128.4240158863405,11.332432037578716,1.459277664807009,4.023579837225807,19.583333333333332,117.57181611442614,715.0,-3.0,718.0,-1.0658141036401503e-13,5.995973945189434,35.96675117247179,715.1496346919294,0.0
168.97212861166972,9.960416822763436,36.8973316506052,6.074317381451615,2.045737607915178,2432.6750603048317,165.4856079739357,2.748842966149009,1.6579634996431643,0.5184757132853683,-0.9608181509946233,3.929584386317903,24.94239856477834,165.55789409299283,-0.25588813152111783,165.81378222451394,-1.021405182655144e-13,6.555293675569998,42.98068795092195,165.57563173178093,1.391837967720736,10.05320195464454,33.073426645331416,5.750950064583366,1.2531540491820263,2098.741809713734,1.4295803484868224,0.0329927252215258,0.18163899697346328,-0.06440380819282347,-0.9560528342363913,0.032368324830714786,0.21719124136361606,1.4183996462031179,-0.2183008429778962,1.6367004891810142,6.522560269672795e-16,6.2254184731884115,40.282920115539824,1.4399475623885938,0.09340199146848022,5.973751042494799,30.905330242969065,5.559256267071079,174.7670519440288,2627.6269071704933,0.015733673307818587,0.00015956477653706233,0.012631895207650448,1.3554666330651657,0.9331206381500058,0.0021721393364762843,0.0030409817197009164,0.0120897556726379,0.0,0.0120897556726379,-2.42861286636753e-17,1.848246495328277,3.1375220958497194,0.024505665508505973,1.554957598292527,6.021166511107918,31.14191754097384,5.580494381412263,177.42701957825506,2867.417737994308,0.26625452069395866,0.04449250332925001,0.21093246153508477,1.3626918685568614,0.9633689514772789,0.03616180461145411,0.05119516349502594,0.20552584643484428,0.0,0.20552584643484428,4.0245584642661925e-16,1.9265635345118919,3.4880116941051447,0.4110117975869977,25.98852869949894,6.109776949372742,31.805748768825303,5.639658568461862,181.30806142909003,2968.6015389589024,4.521457129995311,12.398539656646443,3.5211560114039884,1.368434037553976,1.0116861674974653,0.6043843883604406,0.8637175482618219,3.4939393893923527,0.0,3.4939393893923527,-5.551115123125783e-15,1.9939888383321793,3.78132774314278,6.9126988332327315,18.376664876476905,6.109776949372744,31.805748768825303,5.639658568461862,181.3080614290899,2968.3267070515335,3.197152997463949,6.19926982832322,2.489833293279536,1.3684340375539756,1.011686167497463,0.4273642994529512,0.6107405354057533,2.4705882352941178,0.0,2.4705882352941178,5.329070518200751e-15,1.993988838332179,3.781327743142779,4.888016221279199,4.9393858420561205,9.914144757684431,36.2123229681243,6.01766756876153,3.174682370162992,2394.4041467180523,7.71928244333251,0.3374510013451769,0.580905329072799,-0.6410762117441883,4.414630786945057,0.11486943818735167,1.1667005064191789,7.642857142857143,-0.35294117647058826,7.995798319327731,-2.6922908347160046e-15,6.466522207400609,42.19828432405674,7.687558621490607,310.0,6.29735863844073,33.62642426038361,5.798829559521784,188.53478977335112,3145.0973167894726,54.4206789657572,1710.1516056678995,41.3539793208332,1.441270980328146,1.2670898618880426,7.209302325581396,10.301406857035627,42.0,0.0,42.0,3.375077994860476e-14,2.0522636613077547,4.038866326464721,82.44998483929515,704.0,9.986566250953013,36.58184611265634,6.048292826298702,0.5224102165707295,2408.951491221489,750.105207539411,93.46333654283224,9.667643794784345,-0.7676124405042651,4.617337695431398,16.372093023255815,113.06142048725542,749.0,-6.0,755.0,-7.958078640513122e-13,6.554791316294208,42.9763677552005,749.1261575996396,0.0
1.6875016869400414,7.470747475932377,21.272432183561907,4.612204698792315,1.8241875699297974,814.8414554204462,1.3801950193404346,0.015186980202705442,0.12323546649688734,0.3043831308242002,-1.0604482700692386,0.052734427716876295,0.24069701811618993,1.3807772138604761,-0.002236696277581916,1.383013910138058,2.636779683484747e-16,5.505151792674667,30.744810342815633,1.393883488923253,0.015829307964285708,7.287518952041833,20.593128725355793,4.53796526268721,4.416773458820098,710.6210211616572,0.13114824850734957,0.001484852651236523,0.03853378584095421,0.15171131668881352,-1.556936780336136,-0.0004946658738839287,0.024005760420988086,0.08865946469927247,-0.0713158405609941,0.15997530526026657,2.168404344971009e-19,0.2982012672021071,8.032180497225966,0.13582591537307315,0.1407113540881266,4.492394580095968,16.02243940284145,4.002803942593423,49.59223334835044,514.2318861240814,0.027013988441004475,0.00041560315992950834,0.02038634739058246,1.3867908789351788,1.6545257065383294,0.004397229815253957,0.00598250441338157,0.02545584412271571,0.0,0.02545584412271571,-4.163336342344337e-17,2.2557563731775314,5.121150654365053,0.04200037679994343,2.021630353320372,4.115621911376183,16.975384650578988,4.120119494696603,72.0486708616062,804.5936743501899,0.28906315205521765,0.07987448373962461,0.28262074187791775,2.0155028202032446,3.7041611057085806,0.06317594854126163,0.07145106257610961,0.2545584412271571,0.0,0.2545584412271571,3.3306690738754696e-16,1.4630187313596197,1.347769133136675,0.5395243777207704,30.44551381340278,4.0701829114588985,18.444957977504483,4.294759362002076,91.18969195069866,1035.0120957622548,3.761349955325565,17.69290376543145,4.206293352279587,2.310275327768317,5.092393613110078,0.9514223066688368,0.9960737174055132,3.909884554796204,0.0,3.909884554796204,6.661338147750939e-16,1.3621992096950637,1.650906091580001,7.792031326699016,21.52822927416581,4.0701829114588985,18.444957977504483,4.294759362002076,91.18969195069863,1034.6817248311052,2.6596760598264244,8.846451882715726,2.974298553056792,2.3102753277683172,5.092393613110078,0.6727571648176814,0.7043304801391312,2.764705882352941,0.0,2.764705882352941,1.5543122344752192e-15,1.3621992096950633,1.650906091580001,5.509798190326885,70.69793601651186,7.498020017031216,21.299196744500378,4.615105279893448,-0.20859488582798708,812.8201073128553,72.67102104977988,0.6160827060428851,0.7849093616736171,1.4292598908171337,4.542370736353025,2.2093105005159956,12.643766216560666,72.6,-0.4,73.0,-1.1546319456101628e-14,5.6550990866854685,31.986359729113317,72.6076308996196,336.0,4.685678472425697,20.471592108765147,4.524554354714412,83.65696056289346,1043.8569294289766,44.60011018909943,1934.9551711201896,43.988125342189676,2.6457464243649094,6.548875870303061,10.5,11.034038245356955,47.0,0.0,47.0,0.0,1.6196179025089317,3.133138205973014,86.16263691415206,695.0,7.492459188721369,21.32754466825956,4.6181754696264585,-0.2610630528020475,815.3517180895182,727.0695258587186,170.9045675781686,13.07304737152622,1.636354802501128,4.988471881026448,21.71875,126.5262409480243,726.0,-6.0,732.0,0.0,5.652043537399904,31.962636086692967,726.2086477039502,0.0
0.15960722171772423,8.751880669513374,24.566291988720955,4.956439446691642,-13.476206176217023,1123.5406926315857,0.09785154122740602,0.0011227931387560674,0.033508105567997534,0.6609276494876858,-0.029449789359693765,0.004313708695073627,0.01677239508581213,0.08455019608814601,-0.027270051703416044,0.11182024779156205,1.734723475976807e-18,3.2695439894028593,14.398726620456689,0.10534272080195939,0.13273543843416588,7.046005582740355,30.039972948081115,5.480873374570983,49.459179041047435,1549.1822588878922,0.04789669581527737,0.0009435495701153626,0.03071725199485401,1.5007549206440105,1.3739423857280242,-0.003587444282004484,0.009227074108277599,0.02193992250212849,-0.019318508611340542,0.04125843111346903,3.903127820947816e-17,0.3040764273998012,0.14116448839302453,0.06021893525974153,0.13486115054889533,7.945986869287786,30.940938132718255,5.562457921882938,28.59239751221179,1489.4334212830029,0.04087136548951276,0.00015706697224180478,0.012532636284589319,1.8929398076709978,3.619947677057403,0.003644895960780955,0.006932381202691962,0.04123071610417187,0.0,0.04123071610417187,1.6479873021779667e-17,4.572780643060424,23.79954098017751,0.04764134235158687,1.8215303992521754,6.819366067404799,31.892974515679683,5.647386520832418,96.96907850055537,1828.7769681490336,0.3147079315109642,0.04456034568349207,0.21109321562639588,2.0628539473650616,4.289701507622931,0.049230551331139884,0.06145099303577515,0.2886150127292031,0.0,0.2886150127292031,5.551115123125783e-17,2.331365166924327,6.101689171786641,0.4789522460430505,27.26783000814703,5.467097327839742,24.677899071301606,4.967685484337913,126.02986165343306,1708.5921977764513,3.4285517508403576,11.156463149445717,3.340129211489537,2.202358671571827,4.621064711937008,0.7369683785985686,0.7762035539107347,3.205550741379015,0.0,3.205550741379015,-1.7763568394002505e-15,1.620548384243055,2.6002230722741064,6.510586062854921,19.281267507002802,5.467097327839742,24.677899071301617,4.967685484337914,126.02986165343309,1708.2297588292156,2.424352192668226,5.578231574722857,2.3618280154835274,2.2023586715718277,4.6210647119370085,0.5211153380271026,0.5488587965513786,2.2666666666666666,0.0,2.2666666666666666,2.6645352591003757e-15,1.620548384243055,2.60022307227411,4.6036795545433415,0.8647584033613436,8.373307295554907,27.433678413054274,5.237716908449165,1.0886945881798094,1364.177844490912,5.420076906975805,0.48448088272057355,0.6960466095891665,1.1266338577050126,4.158092919230494,-0.023371848739495778,0.8861492948732251,5.18125,-0.7333333333333333,5.914583333333334,-1.7555401576885288e-15,5.675161450026973,33.726231795275815,5.392110180287418,309.0,5.366732078205439,20.68668207238773,4.548261434041334,82.80380309160954,1097.9995224575912,37.578429411213776,1338.6394207641983,36.58742161951561,2.2334942432179603,4.8954299491682844,8.35135135135135,8.505058006113952,37.0,0.0,37.0,-4.263256414560601e-14,1.8211030159094128,3.8228545049332983,72.50517222929686,732.0,8.482068678586486,26.92928096794072,5.189343018912965,0.29351004269836,1302.9951927662737,831.8057481084248,137.19741378361672,11.713129973820692,1.2108194472773952,3.4256755602657387,19.783783783783782,134.9007914017487,829.0,-11.0,840.0,4.263256414560601e-13,6.0782604016214,36.96259295696915,829.3467308671326,0.0
0.3085160256763234,7.453993732068434,23.028489198944147,4.798800808425387,14.421545936571915,847.9451938434025,0.14355980710745528,0.004096065523589428,0.0640005119009952,0.29288391046735773,-0.2634575696916218,0.009641125802385107,0.027270236195636944,0.10487290049591677,-0.024120456662544403,0.12899335715846116,1.3877787807814457e-17,2.1988724663081554,5.001861258486942,0.1636207408762831,0.03983519378854924,6.709799563001833,23.00303615082914,4.7961480534726135,20.583652017656846,916.0172216511176,0.07994240704594299,0.0012212987788751614,0.034947085413166594,0.6378511090880846,0.28026504126168905,0.0012448498058921632,0.015158267762794558,0.061225854754780686,-0.028402168922996573,0.08962802367777725,-3.0357660829594124e-18,1.731144574946115,7.020962900455622,0.0860367795971572,0.08770240277060823,4.741077154685075,21.51643651186467,4.638581303789411,86.02009397130107,904.5901846954425,0.016112663188989025,0.00016609290695700514,0.012887703711561851,1.2678415669133645,0.3071426893294704,0.002740700086581507,0.0036347909101836595,0.01333706205941705,0.0,0.01333706205941705,-8.673617379884035e-18,1.993659964936495,3.005579196949618,0.025751515326499375,1.4696409156840975,4.8878746431044915,21.459030335714665,4.632389268586424,74.98042384060805,988.4144743884773,0.2781797573329535,0.0445513170315955,0.21107182908099198,1.3078711344338498,0.4475049994054512,0.045926278615128054,0.061569321882889085,0.2400671170695069,0.0,0.2400671170695069,-1.249000902703301e-16,2.065147145425762,3.365959007611307,0.4345113840461508,24.956023182742534,5.149526206164658,22.346944533505475,4.727255496956503,65.35281738120833,964.1071587273493,4.852451480313781,12.131172906894445,3.4829833342831895,1.327529563539556,0.591928337256485,0.7798757244607044,1.0534430721890582,4.321208107251124,0.0,4.321208107251124,-8.659739592076221e-15,2.2013836992215503,4.152040031553581,7.414468993952255,17.64657322396593,5.149526206164657,22.346944533505475,4.727255496956503,65.35281738120838,963.8510735934411,3.4312013471085754,6.065586453447219,2.4628411344313745,1.3275295635395552,0.5919283372564825,0.5514554132489353,0.7448967399388727,3.0555555555555554,0.0,3.0555555555555554,2.220446049250313e-15,2.2013836992215516,4.152040031553586,5.242821304521038,4.439424160468785,7.361885356680267,20.869584906238288,4.568324080692863,2.817340134261662,793.1831638602007,8.733700962183917,0.35603210801237684,0.5966842615758998,-0.16711133373491174,-0.17080601733998402,0.1387320050146495,1.527984839328076,8.60919540229885,-0.5555555555555556,9.164750957854405,4.6629367034256575e-15,5.577484800425241,31.392854752890663,8.67914141086655,314.0,5.823674160319602,26.872429633810654,5.183862424275036,51.26353059639362,1098.3194051827495,59.8296974688777,1909.282300782571,43.69533500023282,1.159134569206381,0.5149946609293121,9.8125,13.037056560052196,55.0,0.0,55.0,0.0,2.204944950828237,4.475235028065775,92.30384607371461,679.0,7.474807057207402,21.166150873503437,4.600668524628071,0.5648918044939346,805.274421728892,750.8718085813464,105.02707777784315,10.248271941056363,-0.35942116312993,-0.01570569917349407,21.21875,130.73583440831172,749.0,-10.0,759.0,0.0,5.65373595920442,31.97582131055252,749.2309390301498,0.0
57.39478692151669,9.101976164280432,32.4298581088894,5.694721951850625,-5.551562362126842,1781.6801068715667,49.131852330221164,24.008344044784867,4.899831022064421,-0.08580994879159105,-1.4234363158301464,1.5103891295135974,7.873927320822824,48.915266812511135,-0.6955598104817,49.61082662299283,-1.2878587085651816e-14,5.983692348122327,36.34368069396574,49.42307414046409,0.23558676898177688,8.715393918746203,24.112338675876853,4.910431618083776,7.040201292819742,1197.5859066753806,0.4757100273793499,0.022776402678159117,0.1509185299363836,0.2664835454544877,-0.7948728169359067,0.0061996518153099155,0.08047434484332411,0.45175242615063926,-0.16643078522471766,0.6181832113753569,-8.673617379884035e-18,4.318659818492699,25.777117058159476,0.4975471060136379,0.2385911179214451,8.716425207032795,30.822772748277444,5.551826073309344,-1.1335447603907087,1660.1332995202622,0.14558255199662837,0.00029942355394022664,0.01730385950995403,1.2079740713261504,1.1594252200651602,0.006278713629511716,0.02354786317329658,0.1470782104868019,0.0,0.1470782104868019,-8.153200337090993e-17,5.859778678233083,35.27407098823792,0.1502302099614093,2.237675393727821,7.911045736375888,32.95595817445187,5.740728017808531,14.157496554730177,1771.5312109015972,0.755647639983305,0.09049700101858238,0.30082719461275836,1.1995215694875574,0.7235246659760028,0.05888619457178476,0.13137528149005062,0.7353910524340095,0.0,0.7353910524340095,-4.440892098500626e-16,4.131117500814531,19.006152493109497,0.8874839958635724,28.500130561406863,5.869555142231819,30.36302283535791,5.510265223685509,93.9621514847617,1633.49501588079,5.836911044212619,23.832596723909656,4.881864062416082,1.3143226342798322,0.6157544839981424,0.7500034358264963,1.234390649377501,6.010407640085654,0.0,6.010407640085654,-2.886579864025407e-15,2.785442536165,8.444587918550576,8.903738894579174,20.15263558467276,5.869555142231822,30.36302283535794,5.510265223685511,93.96215148476153,1633.2821223352646,4.127319380545393,11.916298361954833,3.4519991833653196,1.3143226342798329,0.6157544839981427,0.530332515386125,0.872845998808097,4.25,0.0,4.25,5.995204332975845e-15,2.7854425361650006,8.444587918550576,6.295894150271349,1.868466789736187,9.182666892163299,29.526752331731906,5.433852439267366,-4.992158269625713,1578.651429167766,4.7135728227830045,0.07060307774249874,0.26571239666695784,-1.2178337621224837,1.8524840224149457,0.049170178677268105,0.7551537836304757,4.607361963190184,-0.4,5.007361963190184,-3.2057689836051395e-15,6.012839335057554,36.75511391987071,4.664938139921897,310.0,5.468142562371934,28.41369380759632,5.330449681555612,133.3383446919821,2028.136852842263,63.30619240432574,2560.115476950699,50.597583706642546,1.5123330721532555,0.7503376068483489,8.157894736842104,13.133978264088576,68.0,0.0,68.0,-1.0658141036401503e-14,3.169111027649751,11.452749281097175,95.31002045955084,710.0,8.999637652004937,29.96319352804201,5.473864588025722,0.26722002274248086,1611.4712537181915,752.1366389249052,16.37112358890905,4.046124514755947,-0.5207832003141658,1.1209017772342635,18.68421052631579,120.39892141131625,751.0,-5.0,756.0,-3.197442310920451e-13,6.1632862589690145,37.990500350163884,751.0725664008771,0.0
0.22444674376340898,6.64509536912437,17.319161320084877,4.161629647155652,6.017531956228553,517.5175497581914,0.1436022129020022,0.0020535496655472406,0.045316108234790424,-0.2023532011463671,-1.298949393542451,0.007481558125446967,0.02740659373598136,0.14023956288956776,-0.011505088199354016,0.15174465108892177,-2.2551405187698492e-17,4.219042397737753,19.06128068337662,0.15560479673135796,0.1426527306321968,7.012566450871236,17.942094989266906,4.2358110190690645,2.051610130753228,556.5937125226145,0.11883482764683463,0.00010688667090218712,0.010338601012815377,-1.8928552737301991,3.7398840887868983,-0.004755091021073227,0.021439688363813388,0.009543912428225972,-0.11723021171147022,0.1267741241396962,2.0816681711721685e-17,-5.040995668342097,26.705459762632557,0.12028355595293895,0.10390990090288126,4.334679711017817,14.254901263025372,3.775566349969945,32.8164851271532,348.471318134692,0.03250987498061405,0.0004740799707250128,0.021773377568145298,0.8670877978378589,-0.05311483910495873,0.003463663363429376,0.007143417442037557,0.02933183684921975,0.0,0.02933183684921975,-2.862293735361732e-17,2.771592580326614,7.246489787135824,0.043482885131866274,1.6904129422228482,4.260684020907229,14.131865857617187,3.7592374037319307,34.11383368189078,438.1612795583402,0.5145092836913503,0.1261084933518696,0.35511757679938855,0.9196505362479693,-0.018607768449489342,0.05634709807409492,0.11413185867147103,0.43997755273829625,0.0,0.43997755273829625,5.134781488891349e-16,2.6813232670170035,6.618043741149842,0.6971601672178992,27.605471845587562,4.368938362140688,15.273083009406639,3.9080791969209936,40.65856642738528,535.4312202412469,8.362749462640178,31.722616790676017,5.632283443744288,1.0813549293290672,0.11862011726275049,0.9201823948529186,1.8399489596634877,7.320634911107787,0.0,7.320634911107787,-1.1102230246251565e-15,2.6374994346651164,6.409815260342414,11.26784959159999,19.520016339869283,4.368938362140689,15.273083009406642,3.908079196920994,40.65856642738527,535.2826278802454,5.9133568543970245,15.861308395338005,3.982625816636306,1.0813549293290685,0.11862011726275289,0.650667211328976,1.3010403864151856,5.176470588235294,0.0,5.176470588235294,1.3322676295501878e-15,2.6374994346651177,6.409815260342414,7.967572855610423,15.804126813326953,6.961408740360692,18.18612519839673,4.264519339667336,2.632339022053029,600.635222254008,19.478805824007146,0.6997674775524175,0.8365210562516747,-0.34480456728142317,-0.2854544886958731,0.5268042271108986,3.502189448418702,19.341463414634145,-1.1176470588235294,20.459110473457674,-7.105427357601002e-15,5.434090715239813,29.683858684795,19.398082606008167,320.0,4.54047208508457,16.693491999034674,4.085767002538773,46.30697536840877,628.2203795185358,97.48869261714894,3968.7548117990546,62.99805403184335,1.244870697912142,0.30756371373167973,10.666666666666666,21.164960561162296,88.0,0.0,88.0,7.460698725481052e-14,2.6373784855840254,6.571458619613377,129.81525334104617,735.0,6.984685455298356,18.459414926244573,4.296442124158613,1.0080587034986572,613.6963518737531,794.9151977925468,186.96165176935645,13.673392109105789,-0.31333009887956814,-0.3465252605728697,24.5,142.76221488895442,793.0,-19.0,812.0,0.0,5.4703330073356335,29.948589996532554,793.3719178292108,0.0
0.03563885498914726,12.009284389499049,51.774221519109176,7.195430599978654,0.868117974911812,4757.89628746163,0.03670155849750393,4.190490621705914e-07,0.0006473399896272371,0.7686264645742962,-0.04213202084416551,-0.0007127770997829451,0.005138249577339884,0.0004756340822352336,-0.036668880503653266,0.0371445145858885,-7.589415207398531e-18,-7.063917215027163,49.93124772343262,0.03668082599465863,0.01699413843477622,12.087106174094764,50.22772038856121,7.087151782525982,11.516525079674572,4389.9618116576,0.024260037550515565,1.398262591055426e-05,0.003739334955651106,-1.2471319571123964,4.314210340836197,-0.0003398827686955244,0.0034381969413655516,0.021559915813942822,-0.0051952415940547305,0.026755157407997554,-4.445228907190568e-18,5.113356705736526,33.557471819108684,0.024430225647823607,0.04978983865595478,7.688272232004479,43.41827895365063,6.589254810192927,238.7480883406864,4354.309434443904,0.007124471210355063,3.961630441044266e-05,0.006294148426152871,1.8852624984614268,2.657961471810849,0.0009957967731190954,0.0013434865744664255,0.005524271728019903,0.0,0.005524271728019903,8.239936510889834e-18,1.547183787223246,2.076670265828353,0.011824904627788619,0.7502158539109782,5.9186658099369955,36.31406360085502,6.026115133388593,304.93394524653587,5079.853082658202,0.08658323733277122,0.010377050953377704,0.10186781117398029,1.6993074874033802,1.658184438044746,0.01500431707821956,0.018906086940628116,0.07181553246425873,0.0,0.07181553246425873,1.491862189340054e-16,1.220225532064807,0.9184472268585457,0.17067068500336258,11.857061097490451,5.011416891277099,30.308427818956563,5.505309057533152,319.9131858647632,5516.129666042228,1.3052779594901238,2.923927365294826,1.7099495212709719,1.614552260200047,1.2520091182594413,0.23714122194980905,0.30419942968426505,1.164646463130784,0.0,1.164646463130784,-1.4988010832439613e-15,1.3697204180112905,1.490249327692995,2.7273911726050657,1.1721642420409024,4.18228371216904,29.303485715792945,5.413269410974568,328.87529041584,5904.175511078174,1.081211910601835,2.5246452104007613,1.5889132167619355,1.8545129666547278,2.1520532154810788,-0.02344328484081805,0.27172971585734357,0.8235294117647058,-0.4444444444444444,1.2679738562091503,-1.942890293094024e-15,1.3225788692101303,2.635021421022964,1.9285567930973717,2.491413864966996,4.058268677226875,25.37295410672717,5.0371573438525,235.998086467267,3945.2943233768347,3.8128016193924226,35.14025204955462,5.927921393672037,2.347752964938522,4.780563895005337,-0.04982827729933992,0.9967713912922771,2.4705882352941178,-2.8333333333333335,5.303921568627452,1.942890293094024e-15,-0.2680274557462719,1.9525840512478396,7.0570392648665425,15.0,4.424072930972184,32.84214806363662,5.730806929537639,375.3006628492936,6836.011696669252,18.26689071672306,683.8007035432969,26.1495832384246,1.813898120622791,1.916461857575801,-0.3,4.5088801270382,14.0,-8.0,22.0,-4.718447854656915e-14,1.302969638902101,2.6987632345439136,31.953090617340916,45.0,4.393019690589119,30.90644012810905,5.559356089342456,310.2262856964784,5457.726482443582,64.44009573484155,9559.354061684457,97.77194925787487,2.358735293679444,4.784396911635458,-0.9,16.558079598794055,42.0,-51.0,93.0,4.463096558993129e-14,-0.31596322573675234,2.121186790748485,117.25612990372828,0.0
1.2465849216084677,3.5895866245907766,10.0740668581948,3.1739670537349314,37.6768930602784,432.7492593515982,0.5197677712084773,0.18344353156771823,0.42830308377096493,0.3693385854445686,-1.428820828184809,0.04155283072028226,0.12290067285238444,0.5215230536292246,-0.0001019687402688391,0.5216250223694934,-2.914335439641036e-16,3.0699353999563854,8.678056299211631,0.7105887656395349,0.10775161123629223,7.767896646294523,22.173021419115223,4.70882378297545,-36.121991953985784,812.3003809770295,0.09885076616740772,0.0012514297064726743,0.035375552383993585,-0.027154672680762475,-1.3176001497920862,-0.0035917203745430754,0.01861298262276695,0.032510005753757634,-0.08568539700554462,0.11819540275930225,1.3010426069826053e-17,-3.0590023813667053,12.956145210602601,0.10382825877828235,0.11237875450196794,6.0778904100349305,19.98032831126491,4.469936052256778,19.566159686948772,570.0850277272438,0.03054903741472705,0.00014033356941033626,0.011846247060159444,2.41774591491055,5.653521346714484,0.0037459584833989326,0.0059441752213077355,0.031099603802186113,0.0,0.031099603802186113,-4.85722573273506e-17,3.474195252029383,14.683923705366324,0.03848327845478759,1.7308603658233759,5.54260435354045,19.404818587851526,4.405090077155236,33.69763272926957,656.4948810839169,0.3746593994037404,0.04343306240888916,0.2084060037736177,2.4588621710835303,5.72970530537584,0.05769534552744586,0.07801975247088122,0.37319524562623335,0.0,0.37319524562623335,2.498001805406602e-16,2.5186013846353617,7.940387668881167,0.5314838098516909,27.265440481891574,4.76869067753701,17.253818533022166,4.153771603377124,47.52950787299134,621.7489905285186,4.705177260890415,13.503879626673292,3.6747625265686614,2.394272826297173,5.399718076241537,0.9088480160630524,1.089138409554759,4.4783429475148,0.0,4.4783429475148,-1.9984014443252818e-15,1.7089111014422111,2.8212240084923246,7.769608467875102,19.27957785678374,4.76869067753701,17.253818533022166,4.153771603377124,47.52950787299135,621.484889811751,3.3270627478603587,6.751939813336648,2.5984495017869116,2.394272826297173,5.399718076241536,0.6426525952261246,0.7701371550469014,3.1666666666666665,0.0,3.1666666666666665,1.1102230246251565e-15,1.7089111014422105,2.821224008492323,5.493942834798906,6.352595525389644,6.466647754681252,20.628582780112634,4.541869965125888,8.414410449091886,735.404756886169,7.700466873918734,3.8954831233640053,1.9736978298017165,3.3065320602348027,9.356727216259674,0.21175318417965477,1.431207119357156,7.538461538461538,-0.8823529411764706,8.42081447963801,3.164135620181696e-15,4.662107072592948,23.933313606663834,7.924379905409945,313.0,3.6977973910416684,12.616094778340958,3.551914241411377,48.451257484903394,483.31623985064533,42.66763225597426,2123.673157668944,46.08332841352656,2.2858729203265913,4.879722619787917,10.433333333333334,11.464970804827878,41.0,0.0,41.0,-5.684341886080802e-14,1.3406102079477882,1.023558474203186,84.90583018850944,662.0,6.932979403076147,19.05902974152577,4.365664868210313,0.3326090050228441,645.9711796506526,687.2912334012346,879.1604898095313,29.650640630676623,3.1927271133996737,8.906609440902544,22.066666666666666,123.49923976374195,686.0,-15.0,701.0,-4.618527782440651e-13,5.447395051343786,29.774759156777527,687.1462726377841,0.0
1.98182077966091,7.694955143971153,24.70127283157068,4.970037508064771,9.682734786829254,1072.1952631863367,1.7078419050997533,0.01580361265649102,0.12571242045434897,0.9081878247530796,-0.7162893856138712,0.056623450847454564,0.2852938877232794,1.707198823100621,-0.017660615328092405,1.7248594384287135,1.5265566588595902e-16,5.778684166233899,33.8229097293518,1.7207436225466024,0.04360935913805827,8.740421413389274,19.404280641148848,4.405029017060937,-21.87851860117964,787.678965660918,0.07108039150139431,0.0005375992939941447,0.023186187569200434,-0.9946376786847063,0.23984685211364382,-0.0012459816896588074,0.012455987033518984,0.025796170857957004,-0.05961465674800369,0.08541082760596069,-2.8189256484623115e-17,-2.552160888862866,13.933835027247628,0.07405837506491439,0.10013223616573577,4.9281927214826,19.621367517460865,4.429601281996029,84.09205344205145,842.8693832876879,0.013916070296637228,0.00015558469226792463,0.012473359301644631,1.9862790263640862,3.3776652630438515,0.002860921033306737,0.0031133967226758506,0.01257078722109418,0.0,0.01257078722109418,-4.336808689942018e-18,1.4219173968092826,1.5606196677781448,0.025014671513044026,1.6602681098384706,4.893635472562482,19.63915237137208,4.431608327839012,83.97102813995528,1023.5987133323327,0.22606838513215535,0.04309420166152207,0.20759142964371644,2.0258921517830606,3.528493972820978,0.04743623170967058,0.05113278398967117,0.1885618083164127,0.0,0.1885618083164127,3.3306690738754696e-16,1.3313311251604851,0.9767864305231662,0.412633637391788,27.747032647043156,5.165996582442588,22.040288848956195,4.694708601069527,91.87329571838353,1176.05436219901,3.7906680809568227,11.715446125443123,3.422783388624399,2.113972845493515,3.918526516808596,0.7927723613440901,0.8508707478834346,3.1426968052735447,0.0,3.1426968052735447,2.4424906541753444e-15,1.3496365732212545,0.9878523626857802,6.880146555707807,19.620114942528737,5.16599658244259,22.0402888489562,4.694708601069528,91.87329571838345,1175.726546452397,2.680407105271965,5.857723062721561,2.4202733446289826,2.1139728454935156,3.9185265168085968,0.5605747126436782,0.6016564757416458,2.2222222222222223,0.0,2.2222222222222223,-1.9984014443252818e-15,1.3496365732212547,0.9878523626857802,4.864998285098259,1.7360744872661704,7.755716310179808,26.077910552484216,5.106653557123708,-3.1005267456050367,1193.5527898723406,6.965166207285848,3.7118168455770193,1.926607600311236,2.7088800512044324,8.079945551950088,0.04960212820760487,1.2039601806363989,6.775862068965517,-0.9444444444444444,7.7203065134099615,3.3306690738754696e-15,5.153501143930987,29.02228779757299,7.128766868738689,338.0,5.932888772139633,28.50642128694451,5.339140500768313,98.47704057133076,1483.283268590497,45.14791796569563,1657.1360915981134,40.70793646941728,2.2492723576018427,4.82911139096398,9.657142857142857,10.127594149910735,40.0,0.0,40.0,-2.4868995751603507e-14,1.4033384835300595,1.4162451991223977,82.78888814327681,702.0,7.968077041200245,24.31023228230967,4.930540769764476,-0.6580065715847057,1057.1899575844068,788.6071415880657,973.070353947714,31.1940756225876,2.660358472108891,7.963676110139206,20.057142857142857,131.4836095938833,786.0,-17.0,803.0,4.263256414560601e-13,5.89809900942677,34.8544762051833,786.8659352138711,0.0
0.2676284406989193,23.480137252240862,222.8060567832104,14.926689411360123,-138.4908485704101,88563.05458662564,0.1482173326760198,0.0034497266747395058,0.05873437387713864,-0.0669136565144186,-0.7272074258906555,0.0027590560896795812,0.016104063029339203,0.11893967617174672,-0.03290907617204947,0.1518487523437962,1.8648277366750676e-17,5.869255166421696,38.67288546299166,0.16091756879289448,0.07878163400652509,23.27300197289344,202.09281461910584,14.215935235470997,-179.2990318633744,77669.44781266246,0.029553938541465385,0.00017567389959288792,0.013254203091581474,0.5883064510839044,2.5562443770356844,0.0008121817938817018,0.00327170566871006,0.021764213821236448,-0.005600257763475778,0.027364471584712224,8.716985466783456e-17,4.7649595944695315,27.211008758657623,0.0332005818194696,0.45979880283389635,22.116168121844094,191.02772639380532,13.821278030406788,50.47719144598633,64912.16317342954,0.2702852233460103,0.002448861078722228,0.049485968503427596,0.12159343097270119,-0.38207181574789056,0.004740193843648417,0.027755297065842743,0.26799965467711717,0.0,0.26799965467711717,-1.6523241108679088e-16,9.020390881083804,84.9743604583,0.27731591629437413,4.0975036440435915,21.835295601298103,193.0842146573651,13.89547461072723,41.17385682206928,65673.03162284385,1.8975822464445598,0.19821182159705528,0.44520986242114546,0.3760289225911788,-0.33274635426555305,0.04224230560869683,0.19687939015003758,1.8759975827398203,0.0,1.8759975827398203,-2.661065812148422e-15,8.626063367270767,79.05285492858776,1.983167402150397,42.6562079258954,21.3790124628733,200.24110560386092,14.150657426560114,83.19669751761316,69149.38798796429,13.37317203655782,19.584031694478366,4.425384920487524,0.7936538392571033,0.1395861678515138,0.4397547208855199,1.4228624249821724,13.131983079178742,0.0,13.131983079178742,-3.186340080674199e-14,7.74011347965104,66.59813078384562,14.667597090587922,17.625729178221654,21.060112514344045,202.973544802931,14.246878423111886,138.35653941605023,70633.2303204034,9.626466532629385,12.78474923063938,3.5755767689478266,1.3012644931026245,2.7815612893443302,0.18170854822908913,1.0372766511322333,9.285714285714286,-0.625,9.910714285714286,-9.658940314238862e-15,7.39336295846809,62.35252798239074,10.371557366466794,14.049273352163016,14.800087975913923,197.1676164506167,14.041638666858534,2255.794140576311,93117.52759693417,7.318315630035658,60.82682469757125,7.799155383602204,2.9377375636526515,9.234012341347519,0.14483786960992792,1.0803080221508865,4.388888888888889,-2.8333333333333335,7.222222222222223,3.9968028886505635e-15,1.218266221381797,4.46072601324631,10.73499943297996,218.0,20.257280168915088,229.99366725676893,15.165542102304451,303.83773028709436,82035.82478429019,77.82424621731103,2622.9283673740188,51.21453277512174,2.105946070279836,6.101973939913481,2.247422680412371,9.410490886146615,65.0,-10.0,75.0,7.638334409421077e-14,4.083304185166635,22.059729853383093,95.28903399657277,376.0,20.304164149173232,221.99578543448828,14.899522993521916,761.9037445778731,83752.06421623386,190.9658182218947,13784.639604175587,117.40800485561275,2.5910662278923584,9.04578607466857,3.8762886597938144,22.64347507662068,158.0,-41.0,199.0,1.5631940186722204e-13,3.8348278277323984,22.71538554571721,226.25649161957762,0.0
,,,,,,,,,,,,,inf,-inf,inf,0.0,,,inf,inf,,,,,,,,,,,inf,,inf,-0.13072250874890345,inf,-inf,,,inf,0.45273802269278274,15.06100263771645,79.51512038130109,8.917125118629944,-1.5543354478726097,11355.594608275427,0.35224130637917683,0.00016357369053775718,0.012789593055987246,-0.46386048465338503,-0.414146744569893,0.007186317820520361,0.04405362670266404,0.3535533905932738,0.0,0.3535533905932738,-9.80118763926896e-17,7.901457999917345,62.61083482608136,0.35428661693174057,2.2364080476168953,14.894223250528354,81.3890723567344,9.021589236755041,6.345522671121014,11713.814645923954,0.7201687375076985,0.01921059431603909,0.13860228827850965,0.3762903550691979,0.16535669143290224,0.03549854043836341,0.0916615795985108,0.7071067811865476,0.0,0.7071067811865476,1.3877787807814457e-16,6.46576024650249,46.57789870199332,0.7801957879328372,27.06553349722018,10.903073261345629,98.58563367700611,9.92902984571031,510.34621119197465,17510.23283318595,3.4294501141555678,8.225437506790081,2.8680023547392848,2.3073530071349135,4.8228835142417905,0.4296116428130188,0.5587588075990391,2.5632620818012346,0.0,2.5632620818012346,-3.0531133177191805e-15,2.1614467538482196,5.075997995969679,5.594370994913552,18.610382260406137,10.88035986884685,98.62853974111205,9.93119024795679,514.7843413327764,17595.574103934625,2.451188178930185,4.306333886094826,2.07517080889618,2.311207705237792,4.773800752812104,0.29540289302231965,0.4014049266626462,1.8125,-0.0625,1.875,-1.2490009027033011e-15,2.088202855800167,4.793630322625863,3.9558176669767056,17.44938510267477,14.83220717820985,79.50355238287943,8.916476455578147,-12.430073421938442,11279.758220950016,7.946906262323998,1.2026759058067304,1.096665813184094,0.8190190736681504,2.6496825731795304,-0.2769743667091232,1.0026510203079724,0.25,-8.0,8.25,-1.8318679906315083e-15,-7.421834390194676,57.432921090564065,8.25636140835222,16.0,14.673593426491179,82.44894120350843,9.080139933035637,20.82015813345367,12036.717644750812,308.0323051242879,1298.7441611080096,36.03809319467402,2.3563076378372343,7.853032424565348,0.25396825396825395,38.76177476155675,29.0,-300.0,329.0,4.796163466380676e-14,-7.5336683701944684,58.82214460688681,307.66865293688926,229.0,13.94123638960191,80.09214279308839,8.949421366383884,39.86465437524459,11868.521405058278,44.134409221194275,347.18618076068026,18.632932693504806,0.4765741243224511,0.588556333493344,-3.634920634920635,5.987557435325379,4.0,-35.0,39.0,-7.283063041541027e-14,-2.773296151182911,11.360975334348497,55.59676249567055,0.0
6.140755938208246,10.335648756487199,40.348180456727555,6.352021761355006,7.938897020965005,2925.237539368897,6.314133104984453,0.11752481607279294,0.3428189260714655,-0.04460878755446243,-1.0251208312977114,0.13646124307129434,0.932109057911003,6.301380482725468,-0.4291521439693464,6.730532626694814,8.881784197001252e-16,6.645170564181851,44.44447807154754,6.3194306311180855,0.18305997269819993,10.612712620412903,38.17530532907518,6.178616781212052,9.002301711676756,2547.8771849617992,0.17349713223016694,0.0024222055868260584,0.04921590786347498,-0.8789706707102085,0.5330878662874096,-0.004067999393293332,0.026583502366325666,0.023806576723523595,-0.16562407613626912,0.18943065285979271,2.0816681711721685e-17,-5.267848182018669,31.171225489322985,0.18040344999636912,1.4523686872578718,10.499578711524636,40.217562563434235,6.341731826830447,0.1458309864381217,2901.876718992379,1.413355562201765,2.9321834063555844e-05,0.005414963902331745,0.25728473261175616,3.1582818804928086,0.032274859716841624,0.20833797772576254,1.4142135623730951,0.0,1.4142135623730951,-5.620504062164855e-16,6.70791315176319,44.99733841846775,1.414244349102055,2.0356768793153472,10.49822461666097,39.76495867033731,6.305946294596657,2.204265205380912,2844.279013519389,1.4025836193519188,0.007691323616533099,0.08770019165619365,0.32717756843560336,3.7613026785949146,0.045237263984785496,0.2071523729131639,1.4142135623730951,0.0,1.4142135623730951,-9.020562075079397e-17,6.6314284347663826,44.28646496956441,1.4223688707706124,11.654449873493734,7.466144722263882,39.37919834303509,6.275284722069198,149.0320677491688,3273.994702089673,1.9425531939143539,1.5681395027006104,1.2522537692898394,1.7741374231617257,2.87387689963407,0.25898777496652736,0.34068392085829635,1.4142135623730951,0.0,1.4142135623730951,2.55351295663786e-15,2.05935263997155,3.864378721885845,2.8707680275681033,6.044803469279023,7.069423387064469,41.001627561762604,6.403251327393186,171.4476287111877,3548.3345876979815,1.423819566504273,1.3565970477260758,1.164730461405589,2.1029339558219493,4.068026918711298,0.13432896598397825,0.27115646710787206,1.0,-0.375,1.375,1.3877787807814457e-15,1.5584846498225067,3.0114614112432743,2.0299395395069357,14.75657020403784,8.76182646115235,44.89603278934154,6.700450193034908,73.87671610324644,3563.823302687915,3.680019906480424,4.021314727652172,2.005321602050946,1.9499185119811209,3.9605198144647003,-0.327923782311952,0.6177657451061399,0.5294117647058824,-3.0,3.5294117647058822,3.3861802251067274e-15,-2.4307186227333073,7.372736654023335,4.691756976597833,87.0,4.924205979885714,34.3158556288293,5.857973679424422,280.62333101660425,4517.873611972229,16.580889318715975,437.7104730368548,20.92153132628811,1.9720541608486593,2.7836095941416854,1.9333333333333333,3.935027883566321,15.0,-6.0,21.0,7.105427357601002e-15,1.4055988457730078,3.1150775726385116,29.410882339705484,203.0,5.743817943305379,36.15791236590065,6.013144964650416,186.56519101289442,3186.8063801141875,34.88519382315374,1478.1596155573604,38.44684142497743,2.0963848251729273,3.707652639830691,-4.511111111111111,7.6525151195094665,9.0,-30.0,39.0,-9.592326932761353e-14,-1.6211382548052613,2.932489589687005,59.590267661758325,0.0
40.4967405456374,75.42745739644835,2526.0662275552504,50.25998634654859,-2094.0615000315565,9184813.50356287,27.12281602312256,119.10138919304185,10.913358291242979,-0.3498139954595023,-1.2949551669138741,-0.13365260906150966,1.6767952164295763,0.18183673129109948,-24.397323036995605,24.579159768286704,7.949196856316121e-14,-12.959356842303373,172.2725685613904,29.28037023294384,0.46690949441519536,73.62364571196593,2488.820342145507,49.888078156464466,6064.258554726225,8997690.801714804,0.28945883600940386,0.021475356167846803,0.14654472412150088,0.33286967172428034,-0.6715744014954597,0.001540955427112856,0.01860784951991412,0.22221304079805682,-0.09731853043135613,0.31953157122941295,1.0451708942760263e-16,7.73007257563205,96.75492506374734,0.3250136336177103,inf,,,,,,,,,,,inf,,inf,0.0,inf,-inf,,,inf,inf,,,,,,,,,,,inf,,inf,0.0,inf,-inf,,,inf,inf,,,,,,,,,,,inf,,inf,0.0,inf,-inf,,,inf,inf,,,,,,,,,,,inf,,inf,-3.625,inf,-inf,,,inf,,,,,,,,,,,,-0.0038177552587472237,0.19129786086016487,2.848314606741573,-0.5945945945945946,3.442909201336168,7.43762690325056e-15,11.038775320867092,168.93923753077118,3.280728176261758,328.0,72.89814799458705,1973.1972833740679,44.42068530959499,2656.1089009487046,6925226.317625091,375.2029427594094,5869.672274480661,76.61378645179117,1.4510074298930657,5.611868007121148,1.0825082508250825,21.963285994187597,362.0,-58.0,420.0,6.319389456166391e-13,14.556867863947437,242.03134329611845,382.77669730536104,422.0,74.99473236102281,1892.9770292275655,43.50835585525573,-8.813853107225704,6465178.174088774,507.894679923798,552.4245686789859,23.503713933737917,-0.5338898007462419,2.41887612413315,1.3927392739273927,29.160773418374347,507.0,-22.0,529.0,-2.2226664952995634e-12,17.285904331902824,300.22609759150413,508.1771344718296,0.0
0.22117837846278493,32.23943393059266,413.50544257892204,20.334833232139427,502.9844902231736,305425.39815303637,0.09147352039310973,0.001281839080971948,0.035802780352536145,0.29287170411808117,-0.3665496799186914,-0.0015912113558473738,0.008301783197713965,0.042696242432531936,-0.06502537764369208,0.10772162007622402,7.936359902593892e-17,-2.705969532807054,30.298904766495834,0.09965824872971864,0.11272333989798021,30.74766451243361,428.6568612615839,20.704030072949177,-318.79205844008374,306332.37459548516,0.028051480330565134,0.000329799667259911,0.01816038731029465,2.3727857865523623,9.914413670919181,-0.0008109592798415845,0.0028241653881478325,0.003312871948753283,-0.012274646245966806,0.015587518194720089,3.2526065174565133e-18,-1.4645239254228435,3.656001685309397,0.03464196224163837,0.04273215457352872,22.037041895080083,480.2101758049109,21.91369835981391,8020.499963428928,469581.6194718011,0.0037783533073965903,1.8983726485460336e-05,0.004357031843521497,2.558769375150657,6.943502976394628,0.00030742557247142975,0.0004873980389676937,0.0027621358640099515,0.0,0.0027621358640099515,-9.64939933512099e-18,2.2040288919602307,5.483801696107202,0.006793920739076415,0.7284316158528897,21.335659035374086,468.23677998206324,21.638779540030978,8341.00237422693,470878.60729360307,0.06214440633062802,0.0055154168591357265,0.07426585257798989,2.6060110381009602,7.166378935615044,0.005240515221963235,0.008183982069814352,0.04419417382415922,0.0,0.04419417382415922,2.2551405187698492e-17,2.1291315378882545,4.78668598569241,0.11457416009372837,12.5593387349728,20.83067857685862,457.6560343858841,21.392896820811437,8490.907196299131,467466.4015055124,1.0299448083432199,1.5952289413238916,1.2630237295173403,2.679090545583681,7.636922109989913,0.09035495492786186,0.13773363998682794,0.7071067811865476,0.0,0.7071067811865476,-1.4155343563970746e-15,2.076914891171109,4.301347225009373,1.9420879772814497,0.22396313078367483,19.161639390760726,447.8123704007466,21.16157769167381,9321.05375748035,495950.0739167753,0.8007680209551538,1.2579255582487519,1.1215728055943368,3.2043306813891346,10.706995513588,0.0016112455452062966,0.11646755178937862,0.5,-0.35294117647058826,0.8529411764705883,-5.338611497318624e-15,1.0549244999626832,4.611580496293676,1.3732635783965788,2.8193737656140674,18.182123134860902,434.42626017424743,20.84289471676733,9927.729696449105,520000.35001993197,1.1477065748922068,2.7310031883455443,1.6525747149056664,3.6039204031649312,15.114047628165588,-0.02028326450082064,0.17004251664430972,0.5625,-0.625,1.1875,-5.759281940243e-16,-0.26529403585141814,3.200229128055487,2.0189838265053366,4.0,19.079225918019773,445.7880238977562,21.113692805801552,9265.290508355163,493790.23702064285,13.51377621967959,379.3053885163065,19.475764131769168,3.4345595289720787,12.543863895360326,-0.02877697841726619,2.003387225356547,8.0,-6.0,14.0,1.9624579739030423e-13,1.043963142097694,4.182115877257312,23.62202362203543,45.0,16.642412880114488,405.2580654094377,20.131022463090087,10277.859378934862,524245.6727201468,18.459001713790574,824.0768499331758,28.706738754744954,3.5824115300322075,14.886077970681187,-0.3237410071942446,2.884380729362118,9.0,-10.0,19.0,-5.88418203051333e-14,-0.25189705105421445,2.9193286179435254,34.219877264537345,0.0
0.696568058505114,232.18778678452964,18321.803247552696,135.3580557172446,-21981.09649894897,610365650.6254046,0.6033763560578679,0.0016092644358959756,0.0401156382960059,-0.031885850688773865,-1.0009910721827833,0.0007473906207136418,0.01979686698665427,0.6021162581304882,-0.0012768940531031098,0.6033931521835914,-3.885563745753551e-15,30.143127729536552,915.5688667721835,0.604802667679092,1.8437001136985487,232.59397302009336,18140.471001968446,134.68656578132968,8379.801894140706,592567183.3855442,1.653307772850345,0.013726547421871058,0.1171603491880724,0.07360163898025905,0.18431590445574306,0.0019782190061143237,0.05426732017771057,1.649261769993022,-0.0771173190222643,1.7263790890152864,4.518954654919582e-16,30.05074588743014,912.879723607086,1.657809766893139,,,,,,,,,,,,inf,,inf,0.0,inf,-inf,,,inf,,,,,,,,,,,,inf,,inf,0.0,inf,-inf,,,inf,,,,,,,,,,,,inf,,inf,0.0,inf,-inf,,,inf,,,,,,,,,,,,inf,,inf,-13.0,inf,-inf,,,inf,,,,,,,,,,,,0.008173706267263953,0.5313046990222202,5.285714285714286,-1.7142857142857142,7.0,-1.2198575483068907e-14,5.300447053256146,44.61085554079678,15.336192271882135,87.0,244.8872284007015,31957.425767417895,178.7663999956868,-764341.6046339353,1420310829.919716,55.433905290333364,6379.9619725885295,79.87466414695294,3.8322532867270684,17.738275757299334,-0.09334763948497854,3.1450756446351456,18.0,-34.0,52.0,5.951794612713002e-12,-2.8844248841385376,33.20602539774317,96.0572745813663,25.0,233.45446466984046,34790.97055569181,186.52337804064084,-81037.88149299558,1572843043.142292,53.83502660359149,7115.004502865277,84.35048608553052,3.4461856027407243,13.564441798068204,0.02682403433476395,3.27631790459268,37.0,-12.0,49.0,-5.454664497861472e-13,6.062411562920119,60.16835260536747,100.024996875781,0.0
0.0069183132560721216,8.51608200590388,24.57152332838603,4.9569671502226065,-11.289575105343696,585.318846881098,0.006065849632618085,5.824715473157788e-06,0.002413444731738804,-0.22307062041054915,-1.0423725939223716,0.00020347980164918002,0.001082853466772661,0.004632092156357317,-0.002288992733459111,0.006921084889816428,9.215718466126788e-19,2.7979908022757516,11.136124443466347,0.006424575662730252,0.008804757600352339,7.517155661415059,22.301353067713166,4.722430843084223,3.3809689487815153,141.83956815104258,0.0038646584000445704,2.6140790540328286e-06,0.0016168113848043094,0.03447318638286571,-1.1936457997019052,-0.0002589634588338924,0.0007170520540374498,0.0029855472270190675,-0.0025764076473078863,0.005561954874326954,2.8189256484623115e-18,1.7975141900807363,14.819787321145927,0.004445410500860221,2.0682885034312215,8.000489123706755,24.001511279537983,4.899133727460191,-0.0309584040603012,1030.6474133805286,2.0622088265859797,5.026617620539433e-07,0.0007089864329124664,-0.01894650771825639,-0.16666922973069528,0.06083201480680067,0.3484274204341811,2.0623947784607637,0.0,2.0623947784607637,-6.106226635438361e-16,5.830948358997127,33.99997169982867,2.06239541441976,12.469812809930183,8.001282679104074,24.00165460975538,4.899148355556849,-0.08033472856834369,1031.9012891641632,12.371315595467092,0.00012860505926566988,0.011340417067536355,-0.16877712474744605,0.19081000167635356,0.3667592002920643,2.0902593172979422,12.374368670764582,0.0,12.374368670764582,1.3322676295501878e-15,5.830926938771534,33.99980023861402,12.374395946254952,75.80098483462858,8.003400870038035,23.999213124326918,4.898899174745988,-0.20992063381933673,1032.0658374591433,74.19622670279811,0.034380802343218705,0.1854206092731299,-0.2738051890578439,0.4080967185866598,2.229440730430252,12.536633944118382,74.24621202458749,0.0,74.24621202458749,-4.1744385725905886e-14,5.830769306309992,33.99853808001399,74.24741264890619,52.642691050779284,7.998924683950041,24.02431428792555,4.901460423988502,-0.2037192059863966,1034.118584869326,52.49320220236169,0.05320887312819656,0.23067048603624296,2.1667776400412233,5.182319743782834,1.5483144426699786,8.869696764618322,52.5,-0.0625,52.5625,1.199040866595169e-14,5.830644490067398,33.99753842980431,52.50084896959741,147.4974358974359,7.969890878147182,24.062298487853877,4.90533367752428,0.7115147622792498,1035.5241002646897,153.30288385052702,1.2705364126123897,1.1271807364448656,1.4259701818504165,0.9524125662522342,4.338159879336349,25.908969343733176,153.16666666666666,-0.625,153.79166666666666,1.7763568394002505e-14,5.830055749260105,33.992812678615586,153.17704463191748,317.0,7.996363213784959,24.055488661426576,4.904639503717534,-0.5316001315325884,1037.3354680795724,314.8975544685019,14.412542698102792,3.7963854780702646,2.047183913048835,4.8023552594169185,9.323529411764707,53.21804237852116,315.0,-1.0,316.0,1.5631940186722204e-13,5.828650750945731,33.981556575830226,315.03809293480685,816.0,7.943674339916335,24.15509704413264,4.914783519559395,1.1332798020883015,1040.7742467169428,921.7485738112035,213.80197113001245,14.621968784333129,1.69055630749068,1.7946142974916457,24.0,155.83664146640677,919.0,-10.0,929.0,0.0,5.826527394785851,33.96456017632766,919.388927494779,0.0
0.002282419678166457,42.525253397277154,640.9403160100561,25.31679908697101,-4735.468564522867,708467.5260071761,0.0014457407898900959,5.053267777731111e-07,0.0007108634030340224,-0.48908640580078205,-1.0749931857905017,1.282258246160931e-05,0.00012075355931581659,0.001150821165055368,-1.1471532718213623e-05,0.0011622926977735816,-2.9375102610779136e-18,9.352770014098208,86.45257207488083,0.0016201109980798643,0.007758375486590364,45.300772073680164,877.2647956506958,29.618656209401124,-2351.895315267877,1271373.9011856087,0.01236284067436119,7.952847193247522e-05,0.008917873733826647,2.5074732087521108,7.948096695513899,4.358637913814813e-05,0.0011079784679528045,0.002821618522566196,-0.003833974456967714,0.006655592979533911,-6.7898161051904715e-18,-0.020714636118860305,3.8899321060615732,0.014793710092638314,,,,,,,,,,,,0.08255554546002752,0.6992705449908192,8.48528137423857,0.0,8.48528137423857,1.887379141862766e-15,11.468349585218435,137.00600257031496,8.737985227122184,,,,,,,,,,,,0.11537315124314997,0.7222094228957009,8.48528137423857,0.0,8.48528137423857,5.745404152435185e-15,10.407052229602687,118.38965891248637,9.0760234596576,,,,,,,,,,,,0.4164566880817757,2.7143335522617504,32.36977709431751,0.0,32.36977709431751,7.72715225139109e-14,10.890655633711292,126.34659913785143,34.078154177144384,,,,,,,,,,,,0.0027789490451828086,1.9417810588305808,22.88888888888889,-6.0,28.88888888888889,-8.237334425675868e-15,10.506648001657476,127.06901548465663,24.09689390897946,,,,,,,,,,,,0.3166740785564898,3.0594610748150277,38.0,0.0,38.0,8.781864124784988e-14,12.255714237590851,151.36060661724937,38.16975267423188,323.0,43.98420163263331,657.9795344329217,25.65111175822447,79.06363476004366,779041.1777860619,412.9995760405572,192.8221004323973,13.886039767781067,-1.2578013873095402,4.74637958498814,1.8146067415730338,30.87023238197677,412.0,-9.0,421.0,1.3100631690576847e-13,13.29034937088719,177.09159313207752,412.57120597540495,723.0,44.02395723178003,659.9139040013031,25.68878946157843,-0.21717237358450542,783803.8354420258,683.9447225861477,25.94228925407651,5.093357365635805,1.2786863579626797,8.227213097564341,4.061797752808989,51.109395793152615,684.0,0.0,684.0,-1.4210854715202004e-13,13.339993773826505,177.9700935450489,684.0343558623354,0.0
2.635321400170016e-05,27.83105615355935,137.22007730984188,11.71409737495134,-701.3469777022153,11829.947121712054,9.942797584680119e-05,1.6458381752827816e-09,4.0568931157756446e-05,-0.3870912912404939,-1.252186237248298,-2.8336789249139955e-07,1.1075383500697017e-05,6.121420171078076e-05,-8.756741571248092e-05,0.00014878161742326167,-6.670384459627615e-21,-3.4786558001296424,51.49061433932921,0.00010684208340186279,0.07132125192189925,24.75272732896342,261.4911319378067,16.17068742935212,-757.3293708059317,102968.2769815651,0.008221941726146225,6.185065219006646e-05,0.007864518560602834,4.413388983107519,22.33208293279202,0.0007668951819559061,0.0011734474159724514,0.004675488532098256,-0.0006698773377941524,0.0053453658698924085,-5.204170427930421e-18,1.5348979444370856,2.1365563588678973,0.013518689152756018,,,,,,,,,,,,0.06262941157232442,0.46764174315605533,4.242640687119285,0.0,4.242640687119285,2.1371793224034263e-15,8.982218652120558,80.78279630707719,4.246352634203886,,,,,,,,,,,,0.12414087181039982,0.47356627643259225,4.242640687119285,0.0,4.242640687119285,-2.3037127760972e-15,8.278691925677645,72.08161070638647,4.406104164959585,,,,,,,,,,,,0.5852710721602863,0.8724314625943743,4.242640687119285,0.0,4.242640687119285,7.993605777301127e-15,1.9019517736610685,4.070218270286862,9.455051013686237,,,,,,,,,,,,0.36173636581668434,0.6488345274889765,3.0,-0.2857142857142857,3.2857142857142856,3.9968028886505635e-15,1.7695209578197353,3.428386596314306,6.685730688242279,,,,,,,,,,,,0.10484977984977988,0.480452964720335,4.076923076923077,-0.2857142857142857,4.362637362637362,-9.46465128492946e-15,7.17539357267599,58.48776497102636,4.425845765398023,391.0,22.757603482654286,177.6611577235769,13.328959363865467,-1.4362001632033978,56764.35755201739,204.08181371427932,579.8089632641203,24.079222646591404,2.2184040186518494,11.850807832685671,4.204301075268817,21.194216668950745,204.0,-2.0,206.0,-7.975842208907125e-13,9.154874280483261,86.56920305193766,208.3722630294157,716.0,22.51001601398597,176.17005889024256,13.27290694950592,0.44313773997670813,55853.25523724051,688.7437055977371,46.91234732392066,6.8492588886623835,0.8793541394622721,4.2980006850614165,7.698924731182796,71.03789461943576,689.0,-2.0,691.0,-5.080380560684716e-13,9.64059610702833,92.96026113334696,689.076193174601,0.0
0.2597644269454999,12.836440926458078,55.873526632443316,7.474859639648313,-19.76870580901433,5618.828499829642,0.25207398371660544,0.0005649838952774687,0.023769389880210823,-0.5165019348377814,-0.91460204811524,-0.004995469748951922,0.034714642325808114,0.014950950897181481,-0.25066011404996025,0.2656110649471417,1.249000902703301e-16,-7.014346866381164,50.030627083666595,0.252909425903261,0.11567217428953144,11.912229724967814,56.10695185057194,7.490457385939255,62.38008401792999,5604.99606704238,0.05094011369735011,0.00027190991298015104,0.01648969111233291,0.46878955982882164,-0.6696767221576263,-0.002224464890183297,0.007338951774933191,0.013032119698551054,-0.044811337945060314,0.057843457643611366,-2.168404344971009e-19,-3.9593443686447136,22.165699706396243,0.0552995458799398,1.470115342416979,12.508418831774604,56.26387244172656,7.500924772434834,-0.6325946065652968,5693.2062525216115,1.4131987878048788,7.962178810289008e-05,0.008923104174158793,-0.08673695984309217,-0.4400054954773828,0.02827144889263422,0.1940797942339101,1.4142135623730951,0.0,1.4142135623730951,-1.1934897514720433e-15,7.210053948545501,51.98968308333537,1.4143000213261046,2.200540009489175,12.578896907025861,55.92099914747865,7.478034444122242,-8.885772370416001,5694.905981610478,1.4015333002913846,0.006650412075524922,0.08155005870951242,-0.7303054053363238,0.7842388797547802,0.04231807710556104,0.19297632205225407,1.4142135623730951,0.0,1.4142135623730951,3.677613769070831e-16,7.111264625635775,51.009528868079585,1.4246386865383909,14.083559360411424,10.700179751032486,57.07482977366601,7.554788532690112,91.28163076354396,5633.120773740338,2.0001007191807507,1.0494575008221072,1.0244303299015054,1.5891948686901096,3.9401796919717005,0.27083768000791203,0.3115085371786757,1.4142135623730951,0.0,1.4142135623730951,-9.992007221626409e-16,1.4627987029179919,2.2959573908680793,2.9766276417546518,6.264089854744959,9.51142522987838,62.396444092654434,7.899141984586328,211.96888572929774,7018.468892555244,1.6215106875956957,1.0507674460241672,1.0250694835103458,1.6003935135685028,1.968854484761702,-0.12046326643740303,0.2658644584423885,0.4117647058823529,-1.0,1.4117647058823528,9.575673587391975e-16,-0.8819261181044279,1.5021672838914788,2.104793590552035,4.70786445559288,6.639945566718059,58.85864488924481,7.671938795978811,513.6432139068725,9926.711298439639,3.597535198208546,23.311560528047437,4.828204689949199,2.607116347488486,5.858128985873821,-0.09053585491524775,0.8348358700271099,1.6923076923076923,-2.764705882352941,4.457013574660634,-2.220446049250313e-16,-0.5174699407717804,1.9246140348856415,6.055384288984154,52.0,11.356312821824956,64.61989150535045,8.038649855874459,131.48869755825547,7152.629649921596,50.10162805999947,302.057634968244,17.379805377743562,0.8792187238887905,0.32941755776342085,-1.0,7.229746245147942,42.0,-14.0,56.0,0.0,3.913411361918025,23.908421423216012,52.630789467763066,72.0,7.245271837146822,65.47419454176286,8.091612604528398,485.50512446021537,9678.684315393923,61.87693242665261,6939.4760026982385,83.30351734889854,2.693214722759915,6.611313792275476,-1.3846153846153846,14.389036753661617,44.0,-47.0,91.0,7.993605777301127e-14,-0.15307566894379437,3.0277182131069114,104.2401074443038,0.0
14.730121842197613,7.452275689147284,21.532746944339767,4.640339097990552,1.1313581490259974,822.5417504417205,14.11699987880726,0.07038272066029454,0.26529741924921646,0.8611214930617176,-0.3053673281512832,0.44636732855144295,2.420360942955138,14.132803680691127,-0.002083135502580876,14.134886816193708,1.887379141862766e-15,5.7376892872021,32.945069641910834,14.13838389788478,0.4926121539215346,7.402274419677559,23.192532813936058,4.81586262407225,3.291176357262599,897.3497008833446,0.49190876389635607,0.003003885885683072,0.0548077173916509,-0.03336519405910077,-1.454171290230074,-0.01492764102792529,0.08484469565283173,0.012604701865163558,-0.488230377772288,0.5008350796374516,7.979727989493313e-17,-5.513850103258736,31.03775083596306,0.4948818808096008,0.06664124108069545,5.527161595557627,26.199191122473724,5.118514542567377,48.57921933994594,667.6401120296139,0.006663013378104333,3.5894548857465084e-05,0.005991205960194082,2.4971424290777624,5.680473478963126,0.0020194315478998617,0.0015360048222133366,0.005524271728019903,0.0,0.005524271728019903,1.3010426069826053e-17,0.05288889363081904,-1.0006537359129455,0.014575139158410232,1.150690112620297,4.844048777910541,24.082416360664016,4.907383861148832,67.15259056364424,1024.665325136376,0.0978210976874242,0.011569065902900848,0.1075595923332775,2.0383556490061903,3.727305325033517,0.034869397352130224,0.024922599333914094,0.08838834764831845,0.0,0.08838834764831845,-2.0816681711721685e-16,-0.1904634728340335,-1.069159950188352,0.24621404786397855,22.209210400310955,6.918108051141914,23.107069527931213,4.806981332180437,8.062643109828139,908.5619274223151,3.8625360643736526,1.2468852179319379,1.1166401470178018,1.3098183362831546,1.0075110904281406,0.6730063757669986,0.689228579654455,3.8292551842717653,0.0,3.8292551842717653,-2.220446049250313e-16,2.8472721644776495,12.633300179195464,5.533816888511257,15.704283278858671,6.918108051141914,23.107069527931213,4.806981332180437,8.06264310982812,908.2402111544513,2.731225443696209,0.6234426089659688,0.7895838201014309,1.3098183362831561,1.007511090428144,0.4758873720866264,0.4873582024612377,2.707692307692308,0.0,2.707692307692308,7.771561172376096e-16,2.8472721644776495,12.633300179195464,3.912999447710951,6.286410974646269,7.53995677280252,21.05810883361118,4.588911508583618,-0.642175043806377,794.3134699593872,7.887943633818997,0.03462000496715252,0.18606451829178103,-2.3035160179823166,5.617446433449358,0.1904973022620082,1.352526049715691,7.8307692307692305,-0.2222222222222222,8.052991452991453,-2.609024107869118e-15,5.718639451054006,32.79675434050083,7.846357494522215,399.0,7.577132927477033,20.848837255814285,4.566052699631738,-1.1320399536347192,778.6291799700222,170.86391673484468,188.64695802806725,13.734881070765312,-0.6589001383246865,3.225122745375341,12.090909090909092,29.383940817416452,176.0,0.0,176.0,-8.171241461241152e-14,5.492152376852603,31.030575614621533,182.52944967867515,483.0,7.50934666882702,21.193484504627488,4.603638181333052,-0.11931695507223408,804.4477874901115,509.8504972590117,11.657944738488068,3.41437325705437,-2.411257386548691,5.931529285195335,14.636363636363637,87.40044316572278,509.0,-4.0,513.0,2.2382096176443156e-13,5.742781810065691,32.985968609521706,509.0687576349584,0.0
0.0,0.0,0.0,0.0,0.0,0.0,,,,,,0.0,0.0,0.0,0.0,0.0,0.0,,,0.0,0.0,0.0,0.0,0.0,0.0,0.0,,,,,,0.0,0.0,0.0,0.0,0.0,0.0,,,0.0,0.0,0.0,0.0,0.0,0.0,0.0,,,,,,0.0,0.0,0.0,0.0,0.0,0.0,,,0.0,0.0,0.0,0.0,0.0,0.0,0.0,,,,,,0.0,0.0,0.0,0.0,0.0,0.0,,,0.0,0.0,0.0,0.0,0.0,0.0,0.0,,,,,,0.0,0.0,0.0,0.0,0.0,0.0,,,0.0,0.0,0.0,0.0,0.0,0.0,0.0,,,,,,0.0,0.0,0.0,0.0,0.0,0.0,,,0.0,0.0,0.0,0.0,0.0,0.0,0.0,,,,,,0.0,0.0,0.0,0.0,0.0,0.0,,,0.0,0.0,0.0,0.0,0.0,0.0,0.0,,,,,,0.0,0.0,0.0,0.0,0.0,0.0,,,0.0,0.0,0.0,0.0,0.0,0.0,0.0,,,,,,0.0,0.0,0.0,0.0,0.0,0.0,,,0.0,0.0
3.8323078701576825,63.79273517022439,1389.0151772651516,37.269493922847296,-3088.483678285411,3478355.9760253825,2.1122625596803726,0.7442176270109918,0.8626804895272593,-0.19711056228804455,-0.8950120326661981,0.014739645654452625,0.1414976975084127,1.8820859091067996,-0.19431408576471434,2.076399994871514,-1.5612511283791264e-17,11.101245833818579,133.67987244311811,2.293927297037176,0.20541785487877864,63.15845548483988,1390.9127165069342,37.29494223761359,-372.6131822897831,3441510.65316305,0.21039119252489433,0.012198056340801225,0.11044481128962656,0.35509176947990156,-0.4466266386250204,0.0007900686726106875,0.014729528100033517,0.11444311518341875,-0.10760803204503278,0.22205114722845154,-5.577135975265435e-16,2.0566857793929434,35.70715007347373,0.2378479213801344,,,,,,,,,,,,0.001385353965031854,0.003801921771070898,0.043753401481927634,0.0,0.043753401481927634,-1.584019374001322e-16,6.916747814736088,64.03264786770598,0.0649957245404439,,,,,,,,,,,,0.02136920098947843,0.05950681927587537,0.7438078251927698,0.0,0.7438078251927698,3.2335245592207684e-15,8.198280637917373,88.08031148396913,1.015582447241576,,,,,,,,,,,,0.36091165968393296,1.008680350797189,12.644733028277086,0.0,12.644733028277086,-9.764411501578252e-14,8.249565807421195,89.00604172599448,17.20769784876755,,,,,,,,,,,,0.15451165026707184,0.7416015021706853,8.941176470588236,-2.9725274725274726,11.913703943115708,3.086420008457935e-14,7.1369655870125115,80.34355100960704,12.167679837472697,,,,,,,,,,,,-0.12482467006952205,0.6885303688407183,2.2032967032967035,-8.470588235294118,10.67388493859082,1.0935696792557792e-14,-7.7732282455528985,88.49564931593676,11.239709022259728,103.0,62.676349836911704,1434.5933537627166,37.87602610838044,193.9894207719302,3633249.3372218595,562.6861421698712,19024.99771767985,137.93113396793288,0.4494263196796855,0.5437168968092815,0.39615384615384613,35.89012056872867,152.0,-541.0,693.0,3.304023721284466e-13,-12.962533268604586,201.3492591413153,578.746058301912,164.0,62.321982853745325,1449.8723114327122,38.077188859377635,3346.8283022417168,3710992.2307507116,423.7530432184867,15417.69682460978,124.16801852574511,0.4746742098761134,1.3508004693307794,-0.6307692307692307,27.3559551839022,401.0,-144.0,545.0,-2.944311461305915e-13,11.612932415535665,182.2766503328272,441.21876659997133,0.0
0.004170435653802946,7.549068795082536,16.50704868681543,4.062886743045569,-17.577122104417104,87.67570633469458,0.006697771431028686,9.285011617083465e-06,0.0030471317032716955,0.6591498241184345,-0.6978462022463047,-0.00014894413049296239,0.001309267849075119,0.0017662170652257244,-0.005795851601094936,0.007562068666320661,1.3010426069826053e-18,-3.0888630606286567,12.660451541385793,0.006972679996216852,0.03009225085095517,6.976368603034004,21.270519482848368,4.611997342025293,-18.126990225727997,294.4902999896636,0.006224269544277766,1.761293165238031e-05,0.004196776340523797,1.0576585208286289,-0.18502543051168047,0.0010747232446769704,0.0013128743613892821,0.002872626927028562,0.0,0.002872626927028562,-3.903127820947816e-18,0.5596711272811038,-1.7457675428035977,0.00897790264819043,,,,,,,,,,,,0.2303457930443261,0.6490796869149872,2.8284271247461903,0.0,2.8284271247461903,1.7208456881689926e-15,3.4618717163967188,12.20829990577094,3.2304797995739416,,,,,,,,,,,,0.6105392936211451,1.9245635560951018,8.995969605095521,0.0,8.995969605095521,0.0,4.090000821245962,17.451209360589026,9.470346795714836,,,,,,,,,,,,2.7752417762770953,11.191044110237252,53.975817630573125,0.0,53.975817630573125,2.4868995751603507e-14,4.665909731330287,21.835713266016242,54.08060256940127,,,,,,,,,,,,1.507304690259235,8.012412256477903,38.166666666666664,-2.0,40.166666666666664,8.881784197001252e-15,4.665403089751038,21.8408870218031,38.24076080747827,,,,,,,,,,,,0.18181818181818182,1.2928602412116261,6.0,-1.0,7.0,1.27675647831893e-15,4.3981186815602245,20.26457775019645,6.123724356957945,214.0,6.506449707980391,16.26534744660484,4.033032041356086,-0.31214750828056187,471.97794322238286,229.4482006536028,4.094645395444762,2.023523015793189,0.6371313147076593,0.26712720144355806,7.642857142857143,42.605511284770834,229.0,-2.0,231.0,6.572520305780927e-14,5.28936898333786,27.984438932288228,229.04584693899167,33.0,6.580196379322076,16.35483123200068,4.044110684934412,-1.3965621323396396,477.79008174748486,36.23510871812764,1.4454676140423122,1.20227601408425,0.5426630636391133,0.3524718375350311,1.1785714285714286,6.708489139188657,36.0,-1.0,37.0,1.1102230246251565e-14,5.273164345124347,27.8682239119394,36.0416425818802,0.0
56.42262116026172,22.499999999999996,176.24999999999994,13.275918047351752,2.0184201233341567e-12,55880.00932983636,56.42262116026173,6.256009961404893e-29,7.909494270435307e-15,-1.339632138789571,-1.0036934441366576,-0.6132893604376274,5.850407627333794,0.0,-56.42262116026172,56.42262116026172,-2.1094237467877974e-14,-9.591663046625438,92.0000000000001,56.42262116026172,0.34287793447056586,22.427974822362355,209.66181369139727,14.479703508407804,599.8696050523819,69187.27881058742,0.5128379666818177,0.04788483641363861,0.21882604144305726,-0.068746366417077,-1.1598356662010934,-0.0037269340703322378,0.057357704717188755,0.29813976041030515,-0.4065559466319123,0.7046957070422175,-7.28583859910259e-17,-2.758985935975087,35.688170164817556,0.5513159368048167,,,,,,,,,,,,0.01148945859758561,0.059393684884632605,0.5303300858899106,0.0,0.5303300858899106,-3.5041414214731503e-16,8.243615557476543,71.5764363974972,0.5511336039767276,,,,,,,,,,,,0.041319345722064284,0.13349349319885548,1.0606601717798212,0.0,1.0606601717798212,2.8449465006019636e-15,5.9105304442024735,41.66015616220009,1.2731093777671196,,,,,,,,,,,,0.25200797881381337,0.6520375481390109,4.554435803233039,0.0,4.554435803233039,1.9206858326015208e-14,4.220207116526847,22.895972261414038,6.368583971513878,,,,,,,,,,,,-0.10059480516742635,0.4839536940222746,3.220472440944882,-1.5,4.7204724409448815,-8.132383655379272e-15,3.1551299285464194,27.186802508752542,4.503268912813417,,,,,,,,,,,,0.12928874603525964,0.5980093733441197,5.31496062992126,0.0,5.31496062992126,1.6431300764452317e-14,8.054768869979759,69.38217935861502,5.573998170799864,338.0,22.42724725189014,175.52467339087616,13.248572503891737,1.4212465809345827,55334.57250098654,409.4519000071911,142.05462397949182,11.918667038704111,-1.6722796869344065,6.245668826769082,3.6739130434782608,42.52674572641782,409.0,-7.0,416.0,5.24913446042774e-13,9.565890353160112,91.66945347572093,409.42154315570644,707.0,22.519190521908254,176.28188235057755,13.277118751844375,-0.18938314367038922,55935.16648684002,674.8983735615142,32.31579880543655,5.6846986556401164,0.8220870727672771,3.2612434623306696,7.684782608695652,69.95882785265897,675.0,0.0,675.0,1.3251622021925868e-12,9.589487785061715,91.97181514712028,675.0577753051956,0.0
0.002037285187168898,16.24384267416503,53.77739000074183,7.333306893942312,-257.30762921999195,6115.096880516101,0.00815156479460448,3.382240806011673e-05,0.005815703573955324,1.4372833026436884,1.4924817636796974,-3.704154885761633e-05,0.0013378905932713017,0.003852199583932229,-0.00417356300352018,0.008025762587452408,-7.182839392716467e-19,-0.33963076801881964,4.379854553837738,0.009925864313741569,0.006469598815638494,12.676078532958947,69.19380915609746,8.318281622793103,-44.558288045080296,7507.807694855508,0.005342553975059535,9.365718570259814e-06,0.0030603461520324485,1.0774903713817412,0.6931751448665895,0.00011762906937524529,0.0008226272131059506,0.0015331717589599908,-0.0013048484414745422,0.002838020200434533,4.607859233063394e-19,0.3278137295717381,-0.742614705660614,0.00616282136149915,0.019671687546205123,9.649022858295137,75.60938740087617,8.69536585779323,301.0937012313784,8741.18488507164,0.0021894928565401547,4.096712357224308e-06,0.0020240336848047534,2.7620759161249113,8.579204408986218,0.00035766704629463847,0.00039838182258288376,0.0017271079532339855,0.0,0.0017271079532339855,6.396792817664476e-18,1.140753449342633,1.1597261086376442,0.003970498531837977,0.31787591654407477,9.175842138693932,73.60605896951955,8.579397354681712,340.3830844028927,10039.781932743905,0.03440826857031065,0.0011275963108413247,0.033579700874804184,2.844267195788222,8.805705208491178,0.005779562118983175,0.006423674288280335,0.029360835204977755,0.0,0.029360835204977755,1.5785983631388945e-16,1.3159827831269415,2.02142506283537,0.06408339200370448,5.246880525954443,8.813072019982405,71.10817867497093,8.432566553248835,355.02133956231836,9863.06174235268,0.5515541735686155,0.3108808132489854,0.5575668688587813,2.8766244155268033,8.753495714481415,0.0953978277446262,0.10478630321828503,0.4991341984846218,0.0,0.4991341984846218,9.159339953157541e-16,1.5028816525687363,2.917997335048774,1.0509283126979336,3.710104799978025,8.813072019982407,71.10817867497093,8.432566553248835,355.0213395623182,9860.80876205325,0.39000769632211,0.1554404066244927,0.3942593139349947,2.8766244155268033,8.753495714481415,-0.06745645090869136,0.07409510558111909,0.0,-0.35294117647058826,0.35294117647058826,-3.0531133177191805e-16,-1.502881652568737,2.9179973350487747,0.7431185364496455,5.3438761401996695,6.926380225850804,67.24093382733801,8.200056940493646,564.0073775358408,11661.056198174534,0.5388573403283525,0.5495154481503428,0.7412930919348587,3.1327650006884076,10.253704069096761,-0.09716138436726666,0.12244569016278577,0.0,-0.42857142857142855,0.42857142857142855,-2.4702462297909733e-15,-1.3018988752390097,0.7943551910705362,1.159237029618299,64.0,8.799137021398048,69.27357328261503,8.3230747493108,331.3379352044855,9328.555689592791,6.509218061338381,40.66711726698327,6.377077486355585,2.728669181501627,7.613025457154288,-1.1636363636363636,1.2175032031115058,0.0,-6.0,6.0,1.5987211554602254e-14,-1.6029581303629292,3.6225294302871824,12.489995996796797,86.0,6.596723276194753,65.43964396131855,8.089477360208047,570.7380221910513,11521.916538671181,7.878809698099733,139.10954292631456,11.794470862498011,3.3917549134785525,11.825512681561353,-1.5636363636363637,1.8951002502975103,0.0,-6.0,6.0,-4.884981308350689e-15,-1.0689596997913708,-0.09375207210366465,18.2208671582886,0.0
0.05155696717082501,58.77858228587159,1688.2357314332846,41.088145874854035,6713.1169460464025,4452235.5461269235,0.05784120550501261,0.0012302280028970648,0.035074606240085786,1.1174813700593078,1.1923705787933438,-0.0002013944030110351,0.004204371340081965,0.026819333817266734,-0.025773352796714204,0.052592686613980935,-3.946495907847236e-17,-0.12374832976860832,16.61960404370573,0.06734707347867398,0.08125476682827072,51.78977482223059,1667.2196525464467,40.83160115090329,21545.452964881508,4724530.545995071,0.027958473805012644,0.00047236391605740414,0.02173393466580325,2.87756280957212,12.602925006347412,0.00031740143292293234,0.0022064441967328497,0.004861983344963419,-0.006766730264772942,0.011628713609736361,2.4936649967166602e-17,-0.6671652593747138,2.043844485962112,0.03566650745036446,0.09026720841749461,32.38914779157396,1148.9456985842223,33.89610152486894,46369.08092849952,4332510.994687218,0.005669867764344302,6.24597198538345e-05,0.007903146199700124,3.345577148697128,12.537142669320742,0.0003526062828808389,0.0006079047005904204,0.004317769883084963,0.0,0.004317769883084963,-1.491862189340054e-16,2.8286035983997593,10.597910424870605,0.011244247632727807,1.5515610644121707,32.3387174525098,1160.6418108225923,34.06819353623835,47805.56814061418,4468356.191216857,0.0963933639181701,0.01828859092605368,0.13523531685936807,3.3301418744664844,12.398013410968876,0.006060785407860044,0.010379211582877678,0.07340208801244437,0.0,0.07340208801244437,-3.452099717193846e-16,2.868977652778233,10.955725412879756,0.19230718948500458,26.896046185871207,32.736734675317265,1195.9017989578253,34.58181312421061,49874.13839892108,4692069.122316351,1.6485982528987408,5.330223223614518,2.308727620057099,3.3179755022358766,12.285544963417529,0.10506268041355957,0.1772933533524897,1.2478354962115543,0.0,1.2478354962115543,-5.065392549852277e-14,2.9217506748938966,11.442114025451474,3.297362823441648,0.39433625416837503,30.752886357415782,1194.421095646577,34.5603977935234,53059.10931464985,4971687.9296315005,1.2328346630452494,3.9170285051088687,1.9791484292768111,4.038344420230779,19.05878190116916,0.001540375992845234,0.145716084291087,0.5294117647058824,-0.8823529411764706,1.4117647058823528,-5.2475385148298415e-15,-1.321919856799978,10.045276191746256,2.33158761248801,6.447994655109391,29.153354357011604,1247.4077262159478,35.318659745465254,58886.65429407086,5397364.407815908,1.6811868888443664,8.598262392599858,2.932279385154126,4.309983013236814,22.670691266511152,-0.025187479121521073,0.21124855125847214,0.6470588235294118,-1.1764705882352942,1.823529411764706,2.983724378680108e-16,-1.4559018900841194,6.23471691104019,3.403917160479216,1.0,32.052564323587596,1274.513533040323,35.700329592880834,55523.717287455955,5272613.27991104,21.58798174143942,1153.1465443312777,33.95801148965112,4.136467037313296,20.096232948886456,0.00390625,2.514796908541709,9.0,-15.0,24.0,0.0,-1.3222741904120217,10.06505970550392,40.23679907746142,109.0,29.08828598045322,1238.3865673015841,35.19071706148632,58561.10608713529,5383424.909444307,28.743670415606957,2522.5826610389595,50.22531892421351,4.30621817955115,22.62331071557181,-0.42578125,3.616687583569866,11.0,-20.0,31.0,0.0,-1.4696297468398312,6.287305206628263,58.26662852782886,0.0
0.20703108660338615,117.68335841218232,3816.21073696272,61.77548653764469,-43716.86787284328,27322387.00134692,0.2698576522345235,0.0016015506669970988,0.04001937864331603,-0.24245168515053536,-1.4006252850662635,-0.00047484194175088565,0.013045191240457884,0.05800053822722991,-0.2662704180604563,0.3242709562876862,-1.1310939164455025e-15,-19.259791050704663,397.7647058763187,0.27257198198864063,0.12048832470525911,103.38298992573382,3944.695377712882,62.80680996287649,23107.200087624053,28322245.860742006,0.07060650411271353,0.00010001113869311179,0.010000556919147642,1.131942309586257,3.3838690308269537,-0.00027634936859004364,0.0034125415956611726,0.007505059493999609,-0.0683667890984438,0.07587184859244342,-2.5435382966509934e-16,-18.35063322264444,365.27297461906875,0.07148922138629091,0.4933709092338568,108.15845227279807,3976.308251195113,63.05797531791766,-746.5080702084387,28466418.001033302,0.35384611774270147,0.0004584339607968393,0.02141107098668442,1.230665969249707,5.658113770347661,0.0011315846542060935,0.016960368256541885,0.3535533905932738,0.0,0.3535533905932738,-1.072492789022661e-15,20.651953034315987,429.51203494517904,0.3549302393415312,3.156994933296699,99.22056548032874,4199.287519323765,64.80190984318105,34099.75535680694,31161019.65784287,0.8403763632441587,0.1430837097715209,0.3782640741221943,1.077516209930195,3.506286942619069,0.007240814067194264,0.04413476573960115,0.7071067811865476,0.0,0.7071067811865476,5.297845495633169e-15,11.83429421946262,166.58583510676004,0.9338810543997972,47.28463595279146,97.35018907405687,4234.502167437723,65.07305254433453,54648.142264720766,32289338.56670533,12.426279530246921,23.989463865569125,4.897904027803028,1.8957620848604309,6.547987713270728,0.10845099989172352,0.6388952687488014,11.422494157628844,0.0,11.422494157628844,1.5143442055887135e-13,13.567722870197189,227.94216519055294,13.531358754386147,3.485922367026996,96.39908569721099,4253.753495963407,65.2208056985147,59502.78600522696,32491224.901526872,8.879898561862056,12.809409858090335,3.579023590043845,1.9130292795524793,5.060885549252069,-0.007995234786759165,0.45815987179614664,8.076923076923077,-1.9411764705882353,10.018099547511312,2.976785484776201e-13,12.174924375578668,225.11918218739214,9.5681155338944,5.096860326334305,69.77025729794461,3907.383017551103,62.509063483234996,189907.83203914922,36343266.93037909,9.66824906993506,82.44934140598882,9.080161970250796,2.4303559595913216,6.51643248832577,0.01169004662003282,0.6351937341096746,5.583333333333333,-4.125,9.708333333333332,2.7555735471196385e-13,1.889484719971681,31.813740789776233,13.26548051713109,95.0,102.6753339036008,4150.028464076598,64.42071455732696,23631.20141347775,30590740.683827065,242.32511130945758,11092.402814180108,105.32047670885329,0.0529775030790171,-0.5267504093184926,-0.21788990825688073,12.652945088030881,210.0,-139.0,349.0,4.355626970209414e-12,7.425208219048636,207.70729522827168,264.2404208292138,39.0,70.27944660101547,3984.0955640031893,63.11969236302716,194506.81864017944,37923649.30936339,160.69030350989314,23064.397000100234,151.869671100257,2.5176967810318143,7.155840219878864,0.08944954128440367,10.58598600494984,68.0,-89.0,157.0,-2.2666313270747196e-12,0.10909662589912889,30.652469761805015,221.04976815188022,0.0
6.044633449127108e-05,28.062880153842503,216.15208166853657,14.702111469735787,-523.2416171064352,87413.02033178898,0.010902316382501588,2.88111396695562e-05,0.0053676009230899605,0.4545339259839277,-0.8503499266876644,5.756793761073405e-07,0.0011802552007393434,0.007202763471530944,-0.006758965177966994,0.013961728649497938,-3.144186300207963e-18,0.11562821709992566,25.41598159626496,0.012094018371876906,0.09456156789186862,20.153279842810033,239.45423498272402,15.474308869307347,1205.8305251150127,109593.00949367041,0.011109552771483412,6.947991496286738e-05,0.008335461292746035,2.204970069708625,5.598860072525687,-0.0009005863608749395,0.0013489499094094292,0.0031313386006697483,-0.005092251250381809,0.008223589851051557,3.8163916471489756e-17,-0.2386570779037563,1.9728418322170294,0.016620041317831184,0.05186800799292836,19.76298209594244,253.1140261577147,15.909557698368447,1576.5792271754408,113046.97317863602,0.0076938817530063045,3.0058294660111157e-05,0.005482544542464854,1.7701505255837788,3.3793965703068354,0.0004939810285040795,0.0009175748156138462,0.005179004745018659,0.0,0.005179004745018659,-2.168404344971009e-18,3.013377201740861,10.217599374780523,0.010678290306548472,0.8431778283657965,18.99787458061492,248.72658684949394,15.77106803135076,1882.5215399050348,114099.16541395731,0.11849055548521877,0.008213331461944055,0.09062743217119226,1.6775384562768165,2.766298737433225,0.008030265032055204,0.01448855265676491,0.08286407592029854,0.0,0.08286407592029854,-1.717376241217039e-16,3.1737475560769535,11.789153007235598,0.16974200431877262,16.5142219367431,22.497902340618097,242.2985091667577,15.565940677220818,787.6400374850388,102143.17169185182,3.087261067011072,2.1115065682618788,1.4531023942798658,1.0066736985494875,0.7548213828242152,0.15727830415945812,0.33140113409568966,2.4865293404362108,0.0,2.4865293404362108,-1.2295719997723609e-14,4.42920050364088,24.944668029545273,3.758873973294973,1.5558392911362622,21.121071698648365,252.36677467051615,15.886055982229074,1350.0971707791487,112764.91740261976,2.3064517419616175,1.7895003170374044,1.3377220627011444,1.3642441774935596,2.097458502575333,-0.014817517058440597,0.2589633748386338,1.7582417582417582,-0.9411764705882353,2.6994182288299937,3.972516759986888e-16,1.9612176548125497,22.968835864824314,2.657925276142497,10.783220610957013,17.225313632113878,241.0637458501999,15.526227676103423,2418.7866163936064,118138.57085570623,9.965477626561633,83.64523453729917,9.145776868987083,2.2485862058935817,6.237663695293828,-0.10269733915197152,1.3137135332037015,4.529411764705882,-4.1875,8.716911764705882,-1.3905543383430086e-14,0.5415055704407657,3.2194743084767863,13.502627486274742,299.0,25.37464608699371,226.16461184526375,15.038770290328387,53.75095774850086,91479.94478367448,322.15408994433295,1496.973101369347,38.690736635134606,-0.7297345721708596,1.1076155254224136,2.8476190476190477,31.51380074171008,320.0,-16.0,336.0,-5.639932965095795e-14,9.858860154846157,99.44980141147248,324.2360251421794,555.0,25.343616694122446,221.16351784597956,14.87156743070412,76.88237409248526,88312.40496707876,810.0945251825433,17565.610269269582,132.53531706405496,-0.8630017370705716,4.816625706229545,5.285714285714286,79.72580561921374,790.0,-67.0,857.0,-6.483702463810914e-14,9.199087597579009,90.73369718259649,818.7398854337072,0.0
0.015718248075870123,11.047842634425916,28.857411456563597,5.37190947955786,-46.526693362550105,1594.4271681623006,0.034068880665483275,8.986123898529627e-05,0.009479516811805139,-0.5695873824907948,-0.9983641377851482,-0.0003833719042895152,0.005455023758577458,0.01674004242378619,-0.030611195388485807,0.047351237812272,-3.903127820947816e-18,-3.526795662508517,25.515083021752574,0.03501534788017059,0.08002687558147024,7.014248674537771,32.50372302475308,5.701203647016398,96.58990483153532,2039.5580325689305,0.016482142413944575,7.505002632763359e-05,0.008663141827745496,1.452034611433941,1.275181669739479,-0.001951875014182201,0.0028723011847512584,0.0,-0.017349235579125384,0.017349235579125384,9.324138683375338e-18,-4.029079148091813,19.933594337173005,0.022236392172369203,0.07531974794377988,7.939189433757048,37.16899861432311,6.096638304370951,86.24363584997059,2282.9292519996093,0.015563923330440096,0.00011208539865930527,0.010587039182854915,1.7868639654197949,4.308514836042992,0.0018370670230190215,0.0029036525771857706,0.012369214831251559,0.0,0.012369214831251559,-2.1250362580715887e-17,2.1847440903597124,4.868527106323677,0.022001058042251585,1.0026806595341453,6.232457519562901,35.423942812615294,5.9518016442599375,179.70921690543028,2902.594853391623,0.15302842211269047,0.02061307243210935,0.1435725336967672,2.186128183579643,4.686792406213714,0.02445562584229622,0.032368627229262266,0.11048543456039805,0.0,0.11048543456039805,2.3592239273284576e-16,1.2219686755390593,0.10520108503386494,0.2597653406939778,14.677705538327896,4.721085402759359,25.683759817115053,5.0679147405136025,182.9591570109015,2550.888787103555,2.0082677695812157,5.449851054601048,2.334491605168253,1.7904341190095934,2.2759333298629207,0.3579928180079975,0.4750275483151401,1.7677669529663689,0.0,1.7677669529663689,1.1102230246251565e-16,1.4288536178778024,1.0872034986245835,3.8087020368555478,3.11475893387658,4.085016682123172,25.097266461167816,5.0097172037119835,192.6674345393012,2747.6263094172427,1.6009179116511223,4.628952002593661,2.151499942503755,2.2446716118579944,4.663222183760341,0.07596973009455074,0.4136829883028321,1.25,-0.7777777777777778,2.0277777777777777,1.2212453270876722e-15,0.8388949152518683,1.6199413927080335,2.6931590377795733,2.0597591776367254,5.2671016241930975,36.52666263643846,6.043729199462734,226.51812302478413,3610.226657181419,3.056193458471343,16.600560889432007,4.07437858935961,2.643901373029167,6.6350132197999745,0.05023802872284696,0.7856669525076017,1.625,-1.1875,2.8125,1.7763568394002505e-15,0.4739687631431681,-0.9168720234927372,5.0409972437499055,53.0,3.614992296583778,17.86624663765831,4.226848310225754,122.00394330140527,1617.6742164451505,25.324959975392773,1189.796402244756,34.493425493052385,1.9852803366875396,3.508966959404121,1.2926829268292683,6.60097517717712,20.0,-14.0,34.0,1.4654943925052066e-14,0.8766964654995534,2.1222713612950197,43.069710934716056,36.0,4.87478884812459,30.38596660684879,5.512346742254953,186.77990469686995,2884.212196752346,49.27460136977917,4347.663659849362,65.93681566355295,2.5538781653876077,6.126957665655634,0.8780487804878049,12.69759939276255,26.0,-19.0,45.0,7.815970093361102e-14,0.5322979695084544,-0.7265138131276299,81.49846624323675,0.0
0.0033153668313367526,4.360390452832978,6.925996818570928,2.631728864942384,-3.581595276723449,-842.273396290158,0.0032386860404281137,2.696128584326623e-07,0.0005192425814902532,0.7591748580761085,-1.0513405054732328,0.000174492991122987,0.0007324239767194369,0.0032053448134674372,-0.000543927543719895,0.0037492723571873323,-9.75781955236954e-19,3.994990045030897,16.921175069574453,0.003281914232100934,0.030080163998251287,3.165940005525267,7.070686756142955,2.659076297540737,10.822765456941944,-377.31252660448774,0.0063909796204563414,1.585013684343478e-05,0.003981223033621048,0.8857475089326978,-0.6748708653197366,-0.0015831665262237519,0.0016813344129467658,0.0,-0.00607281515735242,0.00607281515735242,-3.0357660829594124e-18,-1.324902863310817,1.4602131848450468,0.010066416020628898,,,,,,,,,,,,0.00166995443580194,0.0018819947155193052,0.006699991366927928,0.0,0.006699991366927928,4.336808689942018e-18,1.525758827517806,2.0779826144193407,0.0106748177822457,,,,,,,,,,,,0.025327849255289418,0.026963037061697455,0.09379987913699099,0.0,0.09379987913699099,9.020562075079397e-17,1.258501438398195,1.1827684950335762,0.15694934112255599,,,,,,,,,,,,0.3928105080450029,0.3961132777362938,1.313198307917874,0.0,1.313198307917874,-1.2212453270876722e-15,0.8953253910250828,0.03362798194007821,2.3667920974458534,,,,,,,,,,,,0.27775897395995436,0.28009438480536364,0.9285714285714286,0.0,0.9285714285714286,-3.3306690738754696e-16,0.8953253910250822,0.03362798194007777,1.673574741762695,,,,,,,,,,,,-0.5769847071382157,0.5802311562931786,0.0,-1.8571428571428572,1.8571428571428572,-3.1086244689504383e-15,-0.6787273925361765,-0.71762288445538,3.4716612516322005,79.0,2.8945701019416195,6.903879141600708,2.6275233855478257,10.355810937560507,89.93476091424229,16.297571131012752,95.94473078513508,9.795138119757938,0.8918128703192545,-0.4850056581920368,4.157894736842105,4.245904006336569,13.0,0.0,13.0,-8.881784197001252e-15,0.6348072628882557,-0.8995021781978085,25.903667693977237,171.0,1.9242442136079048,5.9392598105467584,2.4370596649542167,17.145642319113335,105.01121815481957,27.651515191139286,920.0603743008583,30.33249700075578,1.4242894456289328,0.33855258163029467,-9.0,9.16515138991168,0.0,-26.0,26.0,0.0,-0.6429938703203574,-1.0691065900044232,55.991070716677676,0.0
0.10525159537978429,7.171849491690644,19.246777973783193,4.3871149943651115,4.349184979355866,602.7409444499434,0.054231761123886335,0.0005570676957148529,0.02360228157858585,-0.23345587675356802,-0.7436318178451224,0.003289112355618259,0.010454435484947146,0.05574236070874457,-0.006923331364700527,0.06266569207344509,-5.204170427930421e-18,4.231667262422738,20.226692492763124,0.06199702738597786,0.02368729911524462,6.252431637276052,20.48759795397804,4.526322784996452,26.576579284042367,689.3344365243917,0.027873688413503725,0.00021817591932750738,0.01477077923900792,0.20115203471142695,-1.043928905622901,-0.0007402280973513944,0.005555184654459998,0.01677015105950091,-0.013463626949686672,0.030233778009187584,2.168404344971009e-18,0.5021238044232901,3.1048419646007317,0.0317026253455483,0.13054563495240606,7.532997807412351,21.195837937928186,4.6038937800440385,-13.698466747011995,779.9595003950703,0.054612057606897725,0.00031297380503539894,0.01769106568399425,0.03752828236513997,-0.3517456942327516,0.004079551092262691,0.010067361617502284,0.0565685424949238,0.0,0.0565685424949238,-6.245004513516506e-17,4.692921612818912,23.953204688010214,0.061447735724451884,1.3917609298590314,6.826976547687359,23.154377185410866,4.8118995402450855,-2.6955066686981493,883.483874327458,0.3128785602659173,0.030121968270766714,0.17355681568514303,1.3057546322240878,1.6507145357821769,0.043492529058094725,0.06311393605282417,0.282842712474619,0.0,0.282842712474619,6.938893903907228e-17,2.2422226645022194,5.478337332521056,0.433588524126705,18.634855088669035,4.939502703991227,21.146964362112968,4.598582864547835,62.09404784985883,887.0988463348233,3.151269518117717,6.180315215035825,2.486023977164304,1.1099674923389116,1.1099229651531037,0.5823392215209072,0.7095508176250759,2.7498597046143516,0.0,2.7498597046143516,2.4424906541753444e-15,1.4986993363304548,1.463436348382594,5.192552610696176,12.448891223155929,4.923436494426953,21.532638121777797,4.640327372263491,64.35405921983339,916.8773197927934,2.2979294088025948,3.3602174183007434,1.8330895827265898,1.1330755452659271,0.7453946328853278,0.38902785072362267,0.5195652001610132,1.9444444444444444,-0.1875,2.1319444444444446,2.6645352591003757e-15,1.3970131815088067,1.217433244142581,3.6716891626911767,1.057785841609371,5.098110744790056,22.621448451092093,4.756201052425359,68.61054864279369,1068.168005268336,1.7651837185769474,2.112318573361285,1.4533817713736763,2.092047894648233,4.726828255924328,-0.03305580755029285,0.403055843158416,0.8125,-1.0,1.8125,8.465450562766819e-16,0.006746250834617584,0.27837181056771376,2.287683188674122,187.0,4.3927912161345075,18.50220264734843,4.301418678453474,71.08672333955542,878.3160491611293,36.22585888629109,886.4371479505237,29.773094363040663,1.2087567078646346,-0.07203889091058024,5.84375,8.284433350416913,35.0,-3.0,38.0,0.0,1.8809119949845503,3.737143275591029,57.34980383575867,6.0,4.694968480542758,21.28646713625437,4.613725949409476,78.40983642867414,1079.2719626870573,26.376014880428244,545.6808390274283,23.359812478430307,2.08384923969607,4.572862196025116,-0.1875,6.2171009120007055,14.0,-12.0,26.0,0.0,0.3407668016092954,0.06633525066464063,35.185224171518364,0.0
0.031385580308894746,3.203609042402133,5.77406914067588,2.402929283328138,5.0360380522726444,-67.97528225220864,0.021917382000874883,4.801372073278573e-05,0.006929193368119101,-0.4145009033526969,-1.199818582883196,-0.0016518726478365652,0.005132843671703537,0.0016071445566660286,-0.02106788764375979,0.022675032200425816,-9.540979117872439e-18,-3.3190816498622566,11.244587866922355,0.023503629095387266,0.017060941988831162,3.619450996988175,7.6501388322319075,2.76588843452369,2.1984047828859863,-132.54006105827236,0.013282775679528364,1.6350171250262032e-05,0.0040435344996997405,1.5395903908790514,1.6604872109921958,0.0008979443152016403,0.003100389314331864,0.010936029824962586,-0.0037265025973119512,0.014662532422274537,-3.903127820947816e-18,1.5538782808111362,4.859101048407968,0.014069670926460817,0.013514636853853403,3.482898773955277,7.272134541900202,2.696689552377174,6.00182705086828,-714.9929835401446,0.0037263001849483107,1.7470322577030642e-06,0.001321753478415345,0.9785546704238658,0.8234836414992104,0.0007112966765186,0.0008828658570363017,0.004092053131866595,0.0,0.004092053131866595,2.6020852139652106e-18,3.0674554454034317,11.564202921810729,0.00494191325170628,0.2590593238738106,3.8204436721363337,8.825643230743086,2.970798416376158,2.4523752409716666,62.41746979336019,0.06419535617123391,0.0009976889238133577,0.03158621414182709,0.004248697442669498,-0.6684824147624333,0.013634701256516347,0.0159758463983416,0.06263884967639097,0.0,0.06263884967639097,3.122502256758253e-17,2.084796342677999,4.483968041505344,0.09155065364845412,8.598513655609974,4.003280654516118,6.876461723381293,2.6223008453229184,-0.028434306510650733,81.07000687366369,5.372564049215103,0.08998611669937653,0.29997686027321596,0.008432613383870679,-0.9770494043360727,0.4525533502952618,1.2015453466417125,5.512218771522405,0.0,5.512218771522405,-1.2212453270876722e-15,4.2524616112223566,18.338967509827683,5.596588187735145,1.715387231447603,3.9660705653637436,6.510020591788234,2.55147419971048,0.26845724550452826,75.64268329803197,4.041774477083593,0.03153354337364508,0.17757686609928974,0.24042994123424352,-1.294040382876854,0.09028353849724229,0.9033862740413573,3.897727272727273,-0.4166666666666667,4.3143939393939394,-6.938893903907228e-16,4.261576983055019,18.41825215239842,3.9573854590560518,8.649685711605217,4.04240097851608,6.51080610159162,2.5516281276062975,-0.012981648915656391,75.84220325784455,7.626187357938663,0.09841256879320638,0.31370777611211104,-1.1117764738120453,0.8665989575984141,0.4552466164002745,1.7043439947810437,7.670454545454546,-0.16666666666666666,7.837121212121213,4.440892098500626e-16,4.327346315941617,18.806271450483663,7.689520189941111,308.0,3.999933304802996,6.654611051863659,2.579653281327485,-0.0022242006894026764,78.50962139979261,345.0021909363367,5.488249127463065,2.3427012458832785,-0.4695294863719479,-0.9622030160012309,16.210526315789473,77.03968830029885,343.0,-5.0,348.0,-8.526512829121202e-14,4.356114816939167,18.982980278777067,343.16176943243545,692.0,4.009297496371992,6.640480007651857,2.5769128832096473,-0.01428587709993544,78.25527986342802,674.0845161478885,27.398423000572354,5.234350294026218,-1.2820800724254195,1.2134329910484714,36.421052631578945,150.52550607069668,675.0,-2.0,677.0,-1.7053025658242404e-13,4.357831798760593,18.993462545018016,675.0585159821333,0.0
0.0038186485140467913,33.93264085905612,337.14800877855913,18.361590584112236,-629.6580840807075,213673.93240814353,0.01051843469910849,2.4476186429824517e-05,0.004947341349636643,0.36775327709776545,-0.4793242653985369,-2.9833191515990574e-05,0.0010251835286909958,0.007118649515108606,-0.006294298757326197,0.013412948272434803,-1.9312351197398048e-18,1.3193944791116168,32.75626761850436,0.011603537594732255,0.09240630490734442,28.979198147616717,459.50813710551546,21.43614090981666,1170.9826972323683,313132.25131161744,0.014387868340015472,9.965269055315685e-05,0.009982619423435757,1.4944106273351974,2.290522200163359,0.0007219242570886284,0.001539150102547554,0.007574612461366632,-0.0028061336123428966,0.010380746073709528,3.5778671692021646e-17,1.796597529772395,4.035691188543846,0.019233829101522527,,,,,,,,,,,,0.0024305304062458948,0.01875605231418537,0.20951312035156963,0.0,0.20951312035156963,1.9949319973733282e-17,10.988081451296965,121.73919534419232,0.21060490279680077,,,,,,,,,,,,0.016422612458306014,0.05990032553001611,0.6285393610547089,0.0,0.6285393610547089,5.342948306008566e-16,8.858990238581677,88.81630740047827,0.6916365726457379,,,,,,,,,,,,0.2096643024726648,0.4146391427492664,2.2928669591137756,0.0,2.2928669591137756,-1.2045919817182948e-14,2.7240873642687555,8.198662066790021,5.173945067882751,,,,,,,,,,,,0.07958147847199931,0.31876191350255223,1.621301775147929,-0.6470588235294118,2.268360598677341,1.7069679003611782e-14,2.2204922430882674,7.5689291756676145,3.658531642986585,,,,,,,,,,,,0.048577288967377986,0.37939216083684973,4.035502958579881,-0.4117647058823529,4.447267664462235,6.231126725708691e-15,9.49503074019762,99.49555608941087,4.2592220444320885,385.0,31.431250649399153,342.2748748618613,18.500672281348624,37.19740777278225,210602.84818707485,275.6197770394855,820.3010047042857,28.64089741443668,0.04221758308937451,3.2911109500484304,3.0078125,24.387015017522003,274.0,-11.0,285.0,0.0,10.845335409417535,120.84000023052646,277.9982014330309,710.0,31.449089873895524,343.85825115311223,18.543415304444654,-16.761014376211616,212479.24288612272,681.9247729281022,250.82281695613045,15.837386683292495,0.5627260029747867,3.4167813155366624,5.546875,60.05594519058354,682.0,-7.0,689.0,0.0,11.296290687780498,127.7345371814646,682.347418841751,0.0
0.4301333679254179,5.638916163274875,11.857042211410691,3.4434056123858965,-2.1868412202265155,245.51610209586585,0.4625561899527051,0.0003636281967438889,0.019069037645982265,-0.19462312281456307,-1.5101552324165695,0.017205334717016716,0.09071912318312929,0.4606627124475659,-0.03030626090429604,0.49096897335186196,2.0816681711721685e-17,4.962968458841749,24.754961553263968,0.4616812443082447,0.0882069158167424,5.584123807662333,11.953522385963753,3.4573866410865524,-2.2671317141027525,224.97149273242687,0.08756388402762506,6.825523131973148e-05,0.00826167242873569,-1.1689617198824032,1.6007965341443287,0.0035282766326696973,0.01723515182019605,0.08617283623925982,-0.009583883675553783,0.0957567199148136,-3.469446951953614e-18,4.65839649070219,22.688692672483207,0.08796294592921644,0.10896405948924,5.4372990673083565,11.718178315128563,3.4231824834689375,2.824605354096407,140.5752249751081,0.03023802265275129,7.06948997814347e-05,0.00840802591465052,-0.6106054068635834,-0.40960245786082033,0.004358562379569599,0.006150224702173234,0.02886150127292031,0.0,0.02886150127292031,3.2959746043559335e-17,3.054650924137239,10.297232633195792,0.037690293811477926,1.5630848588013275,4.955753673930906,11.267658128462607,3.3567332525034823,12.394244431729303,214.78181477015974,0.26164698151369664,0.017302951599892438,0.13154068420033568,0.4602992508502713,0.10525375395206098,0.0625233943520531,0.057386970909333195,0.2343075724641814,0.0,0.2343075724641814,-2.7755575615628914e-17,1.474814971552431,2.750377715750915,0.4243359303503239,26.44464971153462,3.9912742448135377,10.620637470040117,3.258931952348824,21.682711440715202,240.02437628703746,3.635898655256668,5.6210016410584025,2.3708651672033993,1.1041404226154419,0.2647250243362837,1.0577859884613847,0.8505793377566009,3.0459984420343584,0.0,3.0459984420343584,4.440892098500626e-15,0.6098623112710323,-0.1273140043164882,6.786745183082401,18.699191137129006,3.991274244813537,10.62063747004011,3.258931952348823,21.68271144071521,239.68260639603048,2.5709685948390404,2.8105008205292017,1.6764548370085015,1.1041404226154414,0.2647250243362845,0.7479676454851604,0.6014504176648554,2.1538461538461537,0.0,2.1538461538461537,-2.220446049250313e-16,0.6098623112710331,-0.12731400431648687,4.798953541142703,14.244051824508478,5.577274357340106,11.637152804363872,3.4113271324169236,-0.20631048835274765,244.67731508835027,25.99188664354651,2.1237761151300494,1.4573181242028281,-1.2737711974465733,0.9524201358471736,0.5697620729803389,5.101348329647203,25.41025641025641,-1.8571428571428572,27.267399267399266,4.6629367034256575e-15,4.899922656543172,24.326443612034723,25.665338299056735,378.0,3.848445190421918,10.324514390970455,3.213178238282224,21.66089023185501,249.5939810666536,77.59891086611513,1624.9090323927146,40.31016041139894,0.7658238460295754,-0.41947745737210984,15.12,17.135506995709232,72.0,0.0,72.0,-2.4868995751603507e-14,2.0671775102636745,4.521852096927477,114.2628548566856,764.0,5.632723933441803,11.69661339590837,3.4200311980899194,-1.6742859447498333,246.98901194872877,1002.5001919810879,2099.781744548834,45.82337552547645,-1.4107809915831717,0.5427087954422137,30.56,196.6542305672573,991.0,-72.0,1063.0,5.186961971048731e-13,4.94849054263143,24.65562485302091,995.072861653859,0.0
0.037237662223158226,25.418363998143068,171.58232745046612,13.09894375323698,-135.96615156792103,58099.14907966022,0.07414374646604681,0.0002002371343580767,0.014150517105677683,-0.9801939890576942,-0.13013312030322222,-0.0003799761451342677,0.00758408618732602,0.03778977736547547,-0.060842179328828044,0.09863195669430352,1.3010426069826053e-18,-4.105868710191175,47.75781671606864,0.07517279445670963,0.058438766746770045,15.418109510716612,134.109598310784,11.580569861228074,1121.3698494186992,50913.77800940651,0.03001161743204371,0.00040305550013804825,0.02007624218169447,0.803862715134331,0.7614233621754504,0.0005963139463956128,0.0036467073218054767,0.005429689087925058,-0.027730290903570595,0.033159979991495656,-1.8431436932253575e-17,-5.5464819027575185,39.164997094578574,0.03658002640964615,0.1488384028187453,23.269854831714273,256.600175413485,16.018744501785555,-29.033083337490865,100818.45761499193,0.02521969289564609,0.00014693627299232047,0.012121727310590701,2.2407412824748185,8.904567744441234,0.0015187592124361778,0.0028117313233205804,0.024738429662503118,0.0,0.024738429662503118,-6.071532165918825e-17,6.1391600470807015,47.81946478267829,0.031635760348542,2.199933809158261,21.45823683327597,287.49218267169726,16.955594435810774,665.6741033570602,116936.39730932916,0.22121813480491465,0.03014189684611511,0.17361421844455918,2.9310620961145615,12.487502085643664,0.02244830417508428,0.028311753722459518,0.17316900763752183,0.0,0.17316900763752183,1.8388068845354155e-15,2.552047845989049,9.428342074841442,0.35768311729724406,34.43314878348882,19.102746590062637,266.6605039273241,16.329742922879223,1478.8137315112149,111721.79033787784,2.896257375964206,6.26110365909844,2.502219746364903,3.5101149182124494,15.762696985256095,0.3513586610560083,0.3860621744005708,1.9192898346492004,0.0,1.9192898346492004,6.994405055138486e-15,1.4381699577069607,2.266653759715052,5.1676587830266865,13.03173653182203,17.9869429695021,271.8893612335603,16.48906793101297,1837.4252463483908,119472.22782488704,2.1522961123274604,6.998274331978902,2.645425170360882,4.527012977422008,22.554884692505677,0.13297690338593904,0.3443335574219723,1.3571428571428572,-0.625,1.9821428571428572,9.658940314238862e-15,0.7749974844433966,1.3132794642538355,3.654086568336392,1.0945378151260505,12.95395784506531,196.38183113062652,14.013630191018548,2897.6182208088517,107054.5078608364,0.726121212503554,1.0003194988021673,1.000159736643186,2.6883710910533005,6.636479314776331,0.011168753215571946,0.12483599621826666,0.3125,-0.35294117647058826,0.6654411764705883,5.245803791353865e-15,-0.7656006156053781,2.231069828806174,1.2407494372432128,205.0,16.192355606270876,240.4477683180391,15.50637831081259,2122.8961660669834,108406.28638525827,32.912899572190234,1841.4145111386758,42.911705991939726,4.462209157057531,21.940133554123808,2.0918367346938775,5.462463252935531,19.0,-10.0,29.0,2.495781359357352e-13,0.6085639679989642,0.8300571216850892,57.905094767213704,20.0,12.712048894259576,191.65739243225704,13.84403815482524,2887.1017891024294,105946.8350683603,11.937076236936718,275.46539458703035,16.597150194748203,2.7044744583751044,6.75529182036842,0.20408163265306123,2.065060080528711,5.0,-6.0,11.0,-8.282263763703668e-14,-0.7798685255378567,2.3820577202048967,20.54263858417414,0.0
